-2.7281,-2.2392,-1.651,-1.1233,-0.76569,-0.33623,0.044346,0.29651,0.58881,0.83198,1.0273,1.1451,1.2698,1.3548,1.3889,1.3945,1.3547,1.2936,1.1687,0.99095,0.76223,0.5589,0.24608,-0.11415,-0.42107,-0.88493,-1.4111,-1.8476,-2.4885,-3.1961,-3.9729,-4.6,-5.503,-6.4902,-7.2822,-8.4138,-9.6764,-11.122,-12.35,-14.225,-16.419,-18.257,-20.674,-21.68,-20.643,-18.059,-15.481,-13.221,-11.732,-9.9433,-8.3313,-7.2057,-5.8047,-4.5032,-3.5872,-2.4405,-1.3752,-0.38903,0.29605,1.1257,1.8639,2.3648,2.969,3.5015,3.9695,4.2802,4.6406,4.9325,5.1042,5.2713,5.3626,5.378,5.325,5.1822,4.9425,4.6922,4.2588,3.7013,3.1988,2.4098,1.4862,0.71987,-0.34167,-1.2952,-1.8635,-1.8686,-1.2763,-0.21958,0.69644,1.917,3.0413,4.0279,4.6716,5.4051,6.0039,6.3699,6.7539,7.0255,7.1576,7.2452,7.2392,7.1412,7.0067,6.7484,6.4014,6.0838,5.5859,5.0041,4.5111,3.7815,2.9674,2.0718,1.3494,0.31422,-0.81125,-1.7204,-3.0222,-4.4292,-5.9409,-7.143,-8.838,-10.643,-12.071,-14.057,-16.113,-17.67,-19.735,-21.678,-23.241,-24.05,-24.291,-23.498,-22.463,-20.868,-19.304,-18.296,-17.064,-15.881,-14.709,-13.883,-12.883,-11.994,-11.404,-10.722,-10.158,-9.6949,-9.4068,-9.116,-8.9237,-8.842,-8.8132,-8.8661,-8.9629,-9.1638,-9.4521,-9.8344,-10.176,-10.714,-11.336,-11.851,-12.617,-13.491,-14.223,-15.276,-16.379,-17.391,-18.022,-18.51,-18.463,-18.084,-17.26,-16.253,-15.249,-14.521,-13.615,-12.785,-12.196,-11.458,-10.757,-10.258,-9.6436,-9.075,-8.5316,-8.1368,-7.6388,-7.1808,-6.8543,-6.4542,-6.0929,-5.8429,-5.5472,-5.2927,-5.0736,-4.9318,-4.7726,-4.6565,-4.5937,-4.5431,-4.535,-4.571
-0.99323,-0.54637,-0.022885,0.42283,0.70826,1.0259,1.2742,1.4167,1.5514,1.6266,1.6455,1.6248,1.5538,1.4367,1.3216,1.1334,0.90717,0.71356,0.4251,0.10168,-0.25967,-0.55894,-0.99948,-1.4961,-1.9105,-2.528,-3.2274,-3.8124,-4.6793,-5.6484,-6.7229,-7.5958,-8.8285,-10.091,-11.004,-12.052,-12.751,-12.971,-12.825,-12.312,-11.578,-10.958,-10.091,-9.2125,-8.553,-7.6805,-6.815,-5.9624,-5.3341,-4.5168,-3.7206,-3.1381,-2.3841,-1.6573,-1.1311,-0.45626,0.18661,0.79644,1.2317,1.7811,2.2946,2.6555,3.1034,3.511,3.8784,4.1276,4.4212,4.6668,4.8176,4.9702,5.0622,5.0889,5.0647,4.9681,4.7948,4.6127,4.2983,3.9012,3.5504,3.0175,2.4259,1.9632,1.367,0.87781,0.61226,0.62153,0.94238,1.5667,2.167,3.0462,3.929,4.7523,5.3096,5.9551,6.4816,6.7952,7.1046,7.2911,7.3505,7.3229,7.1743,6.9059,6.6265,6.151,5.5587,5.0379,4.2415,3.329,2.5712,1.4653,0.25032,-1.0751,-2.1423,-3.6607,-5.2907,-6.5859,-8.4195,-10.385,-12.487,-14.154,-16.488,-18.915,-20.726,-22.897,-24.483,-25.126,-25.343,-25.17,-24.828,-24.532,-24.066,-23.396,-22.746,-21.739,-20.585,-19.643,-18.319,-16.953,-15.581,-14.57,-13.273,-12.062,-11.214,-10.178,-9.254,-8.4441,-7.9112,-7.2931,-6.7828,-6.4674,-6.1328,-5.8926,-5.7714,-5.6835,-5.6762,-5.7432,-5.84,-6.0236,-6.2632,-6.4739,-6.7928,-7.1434,-7.4216,-7.8058,-8.1914,-8.5646,-8.8294,-9.1542,-9.4434,-9.632,-9.8433,-10.015,-10.147,-10.224,-10.303,-10.361,-10.393,-10.421,-10.432,-10.424,-10.382,-10.302,-10.164,-10.019,-9.765,-9.4407,-9.1584,-8.748,-8.3209,-8.0049,-7.6083,-7.2643,-6.9916,-6.8418,-6.7268,-6.7159,-6.7802,-6.9639,-7.2569,-7.6522
1.5536,1.8067,2.1068,2.3487,2.484,2.5942,2.6121,2.5598,2.3966,2.1215,1.7295,1.3591,0.76828,0.081413,-0.4821,-1.265,-2.0229,-2.5243,-3.0296,-3.2982,-3.3344,-3.2493,-3.0591,-2.8679,-2.764,-2.7197,-2.8062,-2.97,-3.3313,-3.8624,-4.5689,-5.2171,-6.2418,-7.3876,-8.2564,-9.2418,-9.7095,-9.4532,-8.8532,-7.7623,-6.5751,-5.7173,-4.6549,-3.7006,-3.0656,-2.322,-1.6807,-1.1293,-0.7668,-0.34752,0.0036204,0.22524,0.46898,0.65277,0.75296,0.84328,0.89164,0.91185,0.91988,0.94112,1.0008,1.0906,1.2908,1.594,1.9963,2.3491,2.8636,3.3829,3.7503,4.1855,4.5377,4.7367,4.9083,4.9716,4.9283,4.8314,4.6297,4.3716,4.1622,3.9005,3.7072,3.6364,3.6751,3.8847,4.2609,4.6369,5.2329,5.8982,6.4192,7.1137,7.7806,8.3935,8.8055,9.2781,9.649,9.854,10.025,10.072,10.021,9.8369,9.5147,9.0499,8.6053,7.8814,7.0017,6.2331,5.0551,3.693,2.5434,0.82929,-1.1088,-3.2912,-5.0945,-7.6917,-10.389,-12.273,-14.11,-14.827,-14.737,-14.48,-14.152,-13.935,-13.866,-13.893,-14.051,-14.257,-14.636,-15.144,-15.896,-16.65,-17.923,-19.58,-21.081,-23.101,-23.801,-22.528,-19.599,-16.705,-14.226,-12.629,-10.792,-9.229,-8.2089,-7.0193,-6.0039,-5.1401,-4.5778,-3.9261,-3.3817,-3.0391,-2.6639,-2.3747,-2.2137,-2.0704,-2.0072,-2.0262,-2.0964,-2.2641,-2.5228,-2.7785,-3.2064,-3.7398,-4.2145,-4.949,-5.8051,-6.782,-7.5938,-8.7731,-9.9985,-10.883,-11.873,-12.457,-12.549,-12.361,-11.939,-11.509,-11.275,-11.165,-11.329,-11.681,-12.539,-13.979,-16.312,-19.076,-25.545,-26.515,-20.237,-15.129,-11.856,-10.051,-8.2113,-6.8485,-5.8515,-5.3062,-4.8216,-4.5959,-4.5918,-4.8083,-5.2859,-6.0459
0.49971,1.1689,1.9328,2.5338,2.8725,3.1712,3.2915,3.2605,3.0549,2.646,2.0121,1.3724,0.27162,-1.1708,-2.5393,-4.888,-8.1402,-11.525,-16.94,-14.679,-9.9326,-7.4536,-5.1032,-3.4429,-2.5033,-1.5452,-0.84379,-0.44999,-0.066544,0.1881,0.34623,0.41717,0.46808,0.49916,0.52452,0.57342,0.65636,0.78077,0.89689,1.0794,1.2752,1.4243,1.6138,1.7794,1.8748,1.9455,1.9534,1.9005,1.8214,1.6651,1.4518,1.2597,0.96523,0.62605,0.33584,-0.11626,-0.6794,-1.4118,-2.1269,-3.4183,-5.2927,-7.2909,-11.066,-13.617,-9.3515,-5.8946,-2.4278,0.095962,1.5468,3.0362,4.1216,4.7118,5.2259,5.4427,5.3617,5.094,4.4338,3.3679,2.2325,0.083813,-3.2721,-7.4148,-17.182,-7.8158,-1.8182,1.0253,3.7923,5.8721,7.1309,8.5177,9.6403,10.545,11.1,11.69,12.119,12.341,12.508,12.531,12.453,12.225,11.856,11.345,10.87,10.115,9.2154,8.444,7.2836,5.9704,4.8848,3.3031,1.5756,-0.26405,-1.6722,-3.4795,-5.008,-5.8174,-6.3455,-6.3609,-6.0898,-5.8361,-5.5052,-5.2273,-5.0696,-4.9311,-4.8728,-4.8764,-4.9018,-4.9499,-5.0436,-5.1331,-5.2612,-5.3791,-5.4321,-5.4311,-5.3427,-5.2178,-4.9705,-4.6517,-4.2789,-3.9886,-3.6048,-3.2522,-3.0164,-2.755,-2.5549,-2.4135,-2.3325,-2.2374,-2.1314,-2.0326,-1.8585,-1.6277,-1.4209,-1.1192,-0.81679,-0.5525,-0.39408,-0.25735,-0.2235,-0.27672,-0.46484,-0.8005,-1.1571,-1.7838,-2.6,-3.6353,-4.5698,-6.046,-7.7583,-9.094,-10.588,-11.083,-10.319,-9.3025,-7.9012,-6.6917,-5.9674,-5.2343,-4.745,-4.5238,-4.3861,-4.383,-4.4416,-4.4735,-4.4224,-4.1999,-3.8962,-3.328,-2.6315,-2.0733,-1.3521,-0.70454,-0.16082,0.16785,0.49408,0.69241,0.75428,0.72664,0.5847,0.34053
-1.8379,-0.7238,0.45547,1.3423,1.8411,2.3101,2.5673,2.6334,2.5631,2.3202,1.9127,1.5073,0.8497,0.081998,-0.5428,-1.3933,-2.1915,-2.7019,-3.2,-3.4456,-3.4418,-3.3055,-2.993,-2.5853,-2.2455,-1.7662,-1.2794,-0.92121,-0.46393,-0.038395,0.34813,0.61077,0.92949,1.2093,1.3933,1.6028,1.7743,1.9186,2.008,2.0997,2.1524,2.1611,2.1234,2.0127,1.8698,1.5809,1.1627,0.59443,0.044347,-0.88336,-2.0589,-3.1003,-4.6322,-6.0731,-6.7734,-6.8336,-6.0508,-5.0024,-4.2931,-3.5609,-3.0709,-2.8072,-2.4498,-1.8804,-0.95952,-0.050911,1.3163,2.6947,3.6538,4.7671,5.6669,6.2038,6.7328,7.0469,7.157,7.1108,6.8912,6.5223,6.1752,5.6684,5.2038,4.9608,4.879,5.1425,5.7277,6.3188,7.2126,8.1394,8.8138,9.6538,10.402,11.04,11.44,11.865,12.16,12.293,12.354,12.28,12.136,11.827,11.388,10.825,10.33,9.5838,8.7511,8.0791,7.1359,6.1601,5.4212,4.4455,3.5066,2.6314,2.0292,1.3146,0.7065,0.32233,-0.09892,-0.43406,-0.70373,-0.87395,-1.0717,-1.239,-1.351,-1.4873,-1.6261,-1.7225,-1.8149,-1.8559,-1.8521,-1.8233,-1.7595,-1.6706,-1.5882,-1.4582,-1.3221,-1.2268,-1.1144,-1.0391,-1.021,-1.0582,-1.1981,-1.4653,-1.7661,-2.3301,-3.128,-4.216,-5.2691,-7.0509,-9.2801,-11.032,-12.207,-10.771,-8.9029,-6.5415,-4.6424,-3.1759,-2.308,-1.4081,-0.75094,-0.39304,-0.071832,0.09726,0.13826,0.099899,-0.024099,-0.21644,-0.38452,-0.61594,-0.82237,-0.93582,-1.0248,-1.0249,-0.92406,-0.79515,-0.5685,-0.31571,-0.12543,0.11566,0.32578,0.45888,0.60549,0.72309,0.82102,0.89216,0.98826,1.0986,1.1941,1.337,1.4997,1.6307,1.8101,1.9834,2.1421,2.243,2.3478,2.412,2.4267,2.3995,2.3182,2.18
0.48101,1.0521,1.7188,2.2515,2.5552,2.8343,2.9637,2.9629,2.8411,2.5922,2.2238,1.8726,1.3133,0.66132,0.12205,-0.65008,-1.4718,-2.1173,-3.0034,-3.8907,-4.7389,-5.309,-5.8834,-6.1278,-6.0414,-5.553,-4.761,-4.0721,-3.1368,-2.2572,-1.4918,-1.0021,-0.45672,-0.028211,0.22404,0.47239,0.63521,0.75014,0.82121,0.91214,1.0093,1.0861,1.1867,1.2655,1.2955,1.2659,1.1267,0.83016,0.46202,-0.2628,-1.2872,-2.2625,-3.799,-5.334,-6.0223,-5.6021,-3.9623,-2.0203,-0.67746,0.8667,2.1599,2.9985,3.9881,4.8776,5.7024,6.2892,7.0323,7.7223,8.1967,8.7582,9.2295,9.5202,9.8079,9.967,10.002,9.9513,9.789,9.5381,9.3055,8.957,8.5995,8.3514,8.0852,7.939,7.955,8.0894,8.4319,8.9314,9.375,10.015,10.656,11.244,11.625,12.026,12.288,12.383,12.366,12.179,11.927,11.442,10.784,9.9549,9.2301,8.1422,6.9433,5.9961,4.7197,3.5065,2.6967,1.8094,1.1865,0.81237,0.65566,0.54587,0.48632,0.44747,0.36888,0.23835,0.043413,-0.14736,-0.47133,-0.87112,-1.2023,-1.6781,-2.1924,-2.5834,-3.0396,-3.3322,-3.3807,-3.2382,-2.838,-2.2696,-1.7845,-1.1208,-0.49967,-0.08334,0.39019,0.75439,0.99177,1.0815,1.0699,0.89654,0.65814,0.18147,-0.49654,-1.3816,-2.1786,-3.3767,-4.6136,-5.3852,-5.8452,-5.4789,-4.7942,-3.666,-2.5585,-1.6148,-1.0328,-0.42142,0.021954,0.26239,0.47806,0.60219,0.6502,0.68475,0.71118,0.75311,0.80827,0.91738,1.0686,1.2093,1.4198,1.6474,1.8909,2.0694,2.2905,2.4787,2.593,2.7097,2.779,2.7999,2.7899,2.7408,2.6516,2.5624,2.4203,2.2685,2.1568,2.0108,1.8798,1.7994,1.7238,1.688,1.6998,1.7385,1.82,1.9285,2.0149,2.1209,2.199,2.229
2.3367,2.7408,3.161,3.4413,3.5577,3.592,3.4922,3.3212,2.979,2.5292,1.9871,1.5308,0.86862,0.15428,-0.41703,-1.2482,-2.1925,-3.0101,-4.3114,-5.9634,-8.1589,-10.415,-15.035,-26.268,-25.649,-14.77,-10.116,-7.83,-5.6254,-4.0149,-2.8292,-2.1762,-1.5766,-1.246,-1.1668,-1.2833,-1.6407,-2.1906,-2.6872,-3.3123,-3.616,-3.4622,-2.7058,-1.5595,-0.63153,0.5322,1.5308,2.3317,2.8053,3.3009,3.6792,3.9056,4.1666,4.438,4.6819,5.0905,5.5993,6.1965,6.6753,7.3239,7.9623,8.4257,9.0141,9.5654,10.078,10.439,10.892,11.307,11.589,11.919,12.189,12.343,12.463,12.475,12.376,12.222,11.896,11.413,10.932,10.11,9.0485,8.0646,6.4612,4.5278,2.5561,1.7099,2.4569,4.6275,6.3514,8.357,9.9727,11.225,11.952,12.664,13.104,13.263,13.255,12.997,12.641,11.95,10.998,9.7615,8.631,6.8199,4.5996,2.5948,-0.70417,-5.0861,-9.3545,-12.591,-8.5305,-5.1891,-3.5161,-1.9802,-0.97328,-0.46475,-0.05463,0.10526,0.051648,-0.12374,-0.5561,-1.2493,-1.9339,-3.0849,-4.631,-6.1902,-9.0529,-13.343,-17.279,-14.395,-9.3925,-5.8879,-3.928,-1.8856,-0.30734,0.64678,1.6754,2.4744,3.07,3.3992,3.6968,3.8409,3.8589,3.7747,3.5841,3.311,3.0682,2.7222,2.3844,2.1551,1.903,1.7217,1.6309,1.5522,1.4875,1.3997,1.3038,1.1166,0.84113,0.56802,0.10852,-0.42992,-0.86816,-1.4399,-1.8905,-2.0629,-1.9388,-1.4448,-0.6859,-0.030883,0.85527,1.6607,2.3497,2.7739,3.2106,3.5061,3.6357,3.6906,3.6193,3.487,3.2192,2.8634,2.4357,2.075,1.5544,0.99631,0.55394,-0.064779,-0.71235,-1.1974,-1.7924,-2.2312,-2.3927,-2.2905,-1.8824,-1.2559,-0.72257,-0.019018,0.61253,1.1276
3.4051,3.7385,4.0485,4.1883,4.156,3.9175,3.4466,2.9287,2.0268,0.91462,-0.32225,-1.2334,-2.2506,-2.8852,-3.1058,-3.2029,-3.2565,-3.3743,-3.6977,-4.2246,-4.9183,-5.4789,-6.1616,-6.5817,-6.6068,-6.2078,-5.4177,-4.704,-3.7379,-2.8447,-2.0717,-1.5908,-1.1511,-0.96989,-1.0174,-1.3777,-2.128,-3.4441,-4.9638,-8.0019,-12.443,-13.636,-8.6603,-4.1947,-1.7144,0.82466,2.7605,4.2642,5.1844,6.2262,7.0905,7.6375,8.2605,8.7999,9.1682,9.6172,10.024,10.387,10.628,10.909,11.146,11.297,11.469,11.622,11.775,11.904,12.109,12.359,12.575,12.886,13.198,13.413,13.642,13.795,13.85,13.808,13.624,13.273,12.888,12.202,11.289,10.437,9.0654,7.4679,5.946,5.3325,5.8671,7.5505,9.0127,10.819,12.323,13.506,14.192,14.856,15.248,15.369,15.304,14.979,14.559,13.769,12.713,11.373,10.177,8.3212,6.1851,4.4282,1.9843,-0.32023,-1.7174,-2.8117,-2.9497,-2.4472,-1.8845,-1.0876,-0.38936,0.032191,0.40945,0.56359,0.51332,0.34697,-0.032189,-0.59556,-1.1432,-1.9399,-2.7832,-3.4464,-4.2944,-4.9631,-5.0655,-4.6241,-3.4711,-1.9865,-0.85084,0.55788,1.799,2.6152,3.5586,4.3304,4.9421,5.3085,5.6825,5.9334,6.0402,6.089,6.0371,5.8944,5.7383,5.474,5.1595,4.8955,4.5111,4.0832,3.7464,3.2677,2.7527,2.2074,1.775,1.1527,0.45209,-0.15594,-1.1346,-2.4047,-3.6826,-6.1003,-10.118,-19.323,-22.565,-10.266,-5.1766,-2.7018,-0.29763,1.4448,2.7049,3.3809,3.9815,4.2783,4.3159,4.1189,3.6567,3.1392,2.2389,1.1571,-0.024474,-0.88874,-1.901,-2.6915,-3.1839,-3.865,-4.8245,-5.9099,-8.1856,-12.212,-20.55,-19.519,-11.1,-6.7435,-4.6199,-2.6377,-1.2867,-0.3678
2.712,3.5271,4.3532,4.8471,4.966,4.7628,4.138,3.3663,1.848,-0.40966,-3.7861,-7.6575,-17.829,-14.878,-9.1804,-5.4871,-3.5706,-2.7523,-2.2261,-2.1855,-2.4812,-2.8719,-3.5353,-4.2833,-4.8154,-5.3022,-5.3645,-5.0906,-4.318,-3.3045,-2.2841,-1.5761,-0.77106,-0.17546,0.12444,0.34473,0.41065,0.36736,0.32423,0.3456,0.53831,0.86889,1.5823,2.5535,3.3716,4.4947,5.5761,6.57,7.2494,8.0645,8.7667,9.2365,9.8126,10.343,10.707,11.131,11.477,11.719,11.812,11.815,11.65,11.403,10.905,10.236,9.4809,8.9611,8.557,8.7062,9.1935,10.146,11.186,11.904,12.726,13.377,13.83,14.043,14.19,14.207,14.152,14.008,13.804,13.636,13.43,13.295,13.286,13.389,13.7,14.189,14.644,15.315,15.996,16.625,17.031,17.453,17.708,17.775,17.685,17.375,16.983,16.239,15.242,13.985,12.859,11.091,8.9956,7.1886,4.4172,1.1758,-1.6273,-5.5561,-7.1125,-4.974,-3.0825,-1.1345,0.14025,0.73308,1.1132,1.079,0.65508,0.11125,-0.75198,-1.6859,-2.3508,-2.944,-3.0244,-2.7749,-2.1644,-1.4415,-0.71171,-0.17134,0.54506,1.2637,1.7916,2.4774,3.1415,3.6249,4.2476,4.8285,5.3483,5.6839,6.0386,6.2785,6.3727,6.3885,6.2853,6.0765,5.855,5.4873,5.0513,4.6776,4.1105,3.4481,2.8768,1.9839,0.96613,-0.12964,-0.93895,-1.8461,-2.3904,-2.5406,-2.5208,-2.4337,-2.4038,-2.4268,-2.4384,-2.2315,-1.7766,-0.76943,0.53962,1.5912,2.9117,4.0415,4.9304,5.4235,5.8341,5.9456,5.8119,5.3158,4.4297,3.4638,1.6612,-0.94313,-4.8822,-9.6501,-29.87,-12.663,-8.1803,-5.2358,-3.8458,-3.3935,-3.2993,-3.4759,-3.5375,-3.3304,-2.7196,-1.9287,-1.3996,-0.94238,-0.86623,-1.2089
0.21323,1.6904,3.0729,3.9313,4.2871,4.4179,4.1873,3.8111,3.063,2.086,1.0013,0.21704,-0.61618,-1.1103,-1.2807,-1.3514,-1.4083,-1.5289,-1.8639,-2.4542,-3.3463,-4.2522,-5.8662,-8.1503,-10.591,-16.008,-37.23,-20.61,-12.771,-8.881,-6.4767,-5.2397,-4.0915,-3.3194,-2.9267,-2.5778,-2.3398,-2.082,-1.7994,-1.3215,-0.73512,-0.21462,0.55983,1.3784,1.9629,2.6467,3.196,3.6192,3.8678,4.1219,4.3089,4.4762,4.8377,5.3799,5.8864,6.6196,7.3263,7.906,8.2066,8.3784,8.2158,7.8285,6.8748,5.2667,2.6664,-0.41713,-7.9335,-7.8688,-1.709,2.8466,5.5474,6.907,8.1435,8.9128,9.3187,9.4571,9.523,9.5303,9.5356,9.5653,9.6309,9.7101,9.8562,10.048,10.304,10.543,10.955,11.495,11.98,12.705,13.472,14.225,14.748,15.351,15.807,16.033,16.16,16.082,15.876,15.394,14.672,13.715,12.839,11.456,9.8112,8.3994,6.2984,4.0259,2.3259,0.43621,-0.46401,-0.32146,0.10961,0.68191,1.019,1.0464,0.75261,0.049017,-1.1656,-2.4923,-4.9158,-8.6562,-13.557,-24.897,-12.975,-8.963,-5.8725,-3.9829,-2.8069,-2.2732,-1.9097,-1.8758,-2.0215,-2.312,-2.5049,-2.4351,-1.9256,-1.0664,-0.064423,0.62578,1.3234,1.7263,1.8171,1.6618,1.2135,0.53038,-0.052617,-0.80909,-1.3857,-1.6599,-1.8666,-2.1271,-2.4976,-3.383,-4.9088,-7.4478,-10.494,-18.433,-24.087,-14.296,-9.0268,-6.1608,-4.7262,-3.3278,-2.2713,-1.3938,-0.76531,0.076458,0.93154,1.5985,2.4766,3.2931,3.9763,4.3874,4.7834,4.9599,4.9387,4.6906,4.1968,3.6654,2.7454,1.6442,0.50585,-0.22957,-0.87284,-1.038,-0.91591,-0.57269,-0.19355,0.046083,0.29636,0.45741,0.56003,0.6015,0.59369,0.49382,0.3185,-0.1084,-0.83979,-1.9667
2.0312,2.4821,3.0116,3.3834,3.5533,3.6392,3.5374,3.3439,2.9498,2.4361,1.8333,1.343,0.66367,-0.031914,-0.5627,-1.2634,-1.9748,-2.5356,-3.3084,-4.1155,-4.9597,-5.6269,-6.5423,-7.4461,-8.1071,-8.8232,-9.1307,-9.0297,-8.5493,-7.9134,-7.3263,-7.0465,-7.01,-7.3889,-7.9584,-9.1295,-10.732,-12.199,-12.348,-10.859,-8.5513,-6.8984,-5.0545,-3.6333,-2.8266,-2.0828,-1.7411,-1.8235,-2.2018,-3.2219,-4.9813,-6.8444,-9.4502,-8.4926,-5.629,-2.1143,0.51667,2.4296,3.4841,4.4705,5.0288,5.2069,5.1595,4.836,4.3431,3.9586,3.582,3.4996,3.6349,3.9594,4.2554,4.3585,4.2485,3.7601,2.8758,2.0113,0.68582,-0.53107,-1.008,-0.78071,0.082935,0.78041,1.4723,1.7903,1.768,1.6039,1.4301,1.7805,2.602,4.2845,6.1974,7.9925,9.1733,10.491,11.511,12.091,12.62,12.896,12.951,12.822,12.464,11.898,11.358,10.505,9.5215,8.7165,7.5836,6.4574,5.6583,4.6935,3.8613,3.1585,2.7129,2.187,1.6774,1.2617,0.6271,-0.10685,-0.94833,-1.6786,-2.6548,-3.4919,-4.0501,-4.5735,-4.6564,-4.4349,-4.0598,-3.8004,-3.7572,-3.9383,-4.5149,-5.6563,-7.011,-9.874,-15.339,-25.502,-17.12,-10.14,-6.5813,-4.875,-3.4553,-2.7849,-2.7186,-3.2096,-4.4685,-6.6836,-9.3201,-15.664,-27.43,-16.188,-10.375,-7.5893,-6.4368,-5.6657,-5.5317,-5.8248,-6.1741,-6.5924,-6.7228,-6.5952,-6.2225,-5.8362,-5.6255,-5.5028,-5.5271,-5.5898,-5.5279,-5.1219,-4.2851,-3.4146,-2.1267,-0.86578,0.25539,0.9594,1.705,2.2155,2.4586,2.6083,2.5623,2.4208,2.1195,1.7267,1.2914,0.97795,0.59283,0.26804,0.089397,-0.060493,-0.1459,-0.17077,-0.17447,-0.15382,-0.14266,-0.14657,-0.18142,-0.26367,-0.37116,-0.5752,-0.8523,-1.1669
3.1463,3.3449,3.5618,3.6891,3.7119,3.6552,3.4792,3.266,2.8764,2.3716,1.7395,1.1853,0.34016,-0.62635,-1.4318,-2.6118,-3.9006,-4.9087,-6.2041,-7.2816,-7.9667,-8.1583,-8.0527,-7.6989,-7.3445,-6.8403,-6.4092,-6.1606,-5.8511,-5.6701,-5.6616,-5.7828,-6.2008,-6.9934,-7.8759,-9.4524,-11.512,-13.542,-14.016,-12.529,-10.192,-8.4812,-6.5793,-5.1792,-4.4178,-3.6827,-3.2227,-3.0863,-3.2202,-3.721,-4.501,-5.219,-5.8024,-5.1093,-3.8247,-1.7632,0.2298,1.9164,2.9584,4.0511,4.8458,5.2811,5.6754,5.8895,5.966,5.957,5.8777,5.7255,5.5694,5.2746,4.8346,4.3731,3.5181,2.2875,0.60084,-1.1201,-4.3788,-8.8153,-10.954,-8.2887,-5.0348,-3.4041,-2.1862,-1.9183,-2.6095,-3.8772,-7.0672,-11.347,-8.7428,-2.7026,1.5032,4.4966,6.2256,8.0237,9.3673,10.132,10.873,11.321,11.49,11.52,11.338,10.958,10.557,9.8888,9.0999,8.4416,7.4923,6.4976,5.7451,4.7644,3.8357,2.9843,2.4121,1.7269,1.1406,0.75484,0.28875,-0.13789,-0.51806,-0.80215,-1.1881,-1.4405,-1.5671,-1.7112,-1.8396,-1.9028,-1.9622,-2.0562,-2.2186,-2.4066,-2.7666,-3.249,-3.6685,-4.2433,-4.6611,-4.7426,-4.4507,-3.7622,-2.9016,-2.3128,-1.6986,-1.3455,-1.2782,-1.4674,-1.9602,-2.7002,-3.3183,-4.0127,-4.3007,-4.1492,-3.603,-2.9246,-2.4688,-2.0034,-1.7475,-1.6679,-1.7129,-1.9022,-2.1932,-2.485,-3.0052,-3.7388,-4.4825,-5.8852,-7.9964,-11.414,-15.977,-33.003,-15.142,-10.273,-6.3503,-3.7719,-1.9227,-0.86562,0.1894,0.90965,1.2702,1.5381,1.573,1.4782,1.2109,0.80691,0.28032,-0.17086,-0.80953,-1.4386,-1.8583,-2.3052,-2.574,-2.6535,-2.5931,-2.415,-2.1944,-2.0316,-1.8422,-1.7134,-1.6587,-1.6311,-1.6414,-1.6691
3.308,3.4978,3.6766,3.779,3.7907,3.6993,3.502,3.2821,2.8831,2.3502,1.6815,1.0812,0.12636,-1.0257,-2.0564,-3.7217,-5.8217,-7.8243,-11.51,-17.725,-26.272,-18.274,-12.352,-9.041,-7.335,-5.6714,-4.4663,-3.7938,-3.1404,-2.741,-2.5904,-2.6141,-2.791,-3.1364,-3.5012,-4.0613,-4.6278,-5.114,-5.3429,-5.45,-5.3166,-5.091,-4.6985,-4.1934,-3.7624,-3.1725,-2.5803,-2.0087,-1.6049,-1.1006,-0.61903,-0.24346,0.37465,1.0905,1.6796,2.536,3.4406,4.3123,4.9063,5.5993,6.1716,6.5156,6.8605,7.0911,7.2156,7.2453,7.2067,7.0892,6.9452,6.6756,6.3053,5.9515,5.3828,4.7061,3.8986,3.2322,2.4227,1.8024,1.4954,1.3348,1.4385,1.592,1.7934,1.9524,2.0304,2.0949,2.2773,2.7174,3.2854,4.3493,5.6266,6.946,7.8802,8.9881,9.9051,10.453,11.002,11.334,11.434,11.382,11.141,10.713,10.264,9.4974,8.5557,7.7515,6.5515,5.2119,4.139,2.673,1.2611,0.017704,-0.74183,-1.4642,-1.8534,-1.9709,-1.9803,-1.9252,-1.8278,-1.7237,-1.6263,-1.5643,-1.4781,-1.3074,-1.157,-1.086,-1.0101,-0.93007,-0.86598,-0.82437,-0.77153,-0.68966,-0.59802,-0.43046,-0.17245,0.077097,0.47821,0.92215,1.3956,1.7357,2.142,2.4645,2.6374,2.7774,2.8231,2.7971,2.7538,2.7044,2.685,2.6952,2.7414,2.8036,2.8434,2.859,2.8086,2.6857,2.5354,2.2566,1.8782,1.5237,0.93998,0.22535,-0.40102,-1.3563,-2.3965,-3.3935,-3.9831,-4.2852,-3.9277,-3.3039,-2.2645,-1.201,-0.26212,0.3273,0.93578,1.3581,1.5384,1.6007,1.4691,1.2346,0.7333,-0.00066137,-0.99293,-1.9282,-3.4406,-5.2971,-6.8718,-8.8617,-9.7297,-9.2325,-7.7881,-6.2837,-5.0849,-4.422,-3.8363,-3.5481,-3.4787,-3.5413,-3.6967,-3.8826
2.0831,2.3412,2.5966,2.7607,2.8202,2.7948,2.6566,2.4761,2.1263,1.6563,1.0828,0.58074,-0.18098,-1.0582,-1.7841,-2.8542,-4.0281,-4.9659,-6.1825,-7.0807,-7.2769,-6.8647,-5.7624,-4.3948,-3.3928,-2.2173,-1.2438,-0.62807,-0.015496,0.39093,0.60551,0.63066,0.50733,0.23472,-0.070659,-0.60408,-1.2658,-2.0474,-2.7101,-3.6723,-4.6463,-5.3909,-6.2259,-6.516,-6.1915,-5.1766,-3.8678,-2.5306,-1.5683,-0.37965,0.66976,1.4009,2.3072,3.1047,3.6637,4.3875,5.0532,5.6429,6.0283,6.4643,6.8157,7.0073,7.1712,7.2491,7.2542,7.2232,7.1561,7.0732,7.0039,6.9034,6.7871,6.6796,6.4995,6.2807,6.0045,5.8053,5.5536,5.2701,5.0695,4.8668,4.7473,4.6937,4.6813,4.7609,4.9482,5.1643,5.5799,6.1284,6.6155,7.3421,8.1297,8.9229,9.4886,10.166,10.736,11.068,11.372,11.521,11.517,11.341,10.969,10.405,9.8518,8.9253,7.7567,6.714,5.0731,3.0878,1.3144,-1.5387,-5.1108,-9.3967,-11.967,-11.408,-9.0864,-7.746,-6.5472,-5.7947,-5.3412,-4.9869,-4.4141,-3.8989,-3.5224,-3.0228,-2.541,-2.2502,-1.973,-1.7914,-1.6717,-1.5748,-1.3758,-1.0266,-0.65794,-0.013618,0.74672,1.3576,2.1812,2.9778,3.7037,4.1991,4.787,5.2738,5.5737,5.8894,6.1246,6.2849,6.3628,6.4177,6.4345,6.4235,6.3833,6.3095,6.2334,6.0964,5.9213,5.6976,5.4964,5.1883,4.8178,4.5038,4.0404,3.5355,3.1343,2.6052,2.0928,1.6482,1.3795,1.1322,1.0254,1.0267,1.1065,1.2689,1.4529,1.5783,1.6974,1.7555,1.7425,1.628,1.4068,1.139,0.61219,-0.1424,-1.1585,-2.1497,-3.8689,-6.1668,-8.3634,-11.72,-13.368,-11.888,-9.0731,-6.9393,-5.5712,-4.9584,-4.6114,-4.7476,-5.1465,-6.0962,-7.4894,-9.2244
-0.73781,-0.26249,0.24199,0.55128,0.6805,0.7263,0.62086,0.44334,0.10601,-0.32452,-0.84287,-1.2733,-1.8625,-2.4399,-2.8106,-3.1923,-3.4166,-3.4425,-3.2778,-2.9065,-2.3505,-1.8233,-1.0369,-0.1973,0.43908,1.2413,1.9346,2.3737,2.8158,3.1003,3.243,3.2393,3.0719,2.7258,2.3573,1.6967,0.83383,-0.27723,-1.326,-3.0961,-5.511,-8.0061,-13.309,-29.168,-18.486,-10.327,-6.2671,-3.6111,-2.1204,-0.55384,0.67696,1.4627,2.3433,3.0995,3.6396,4.3191,4.9055,5.3988,5.7049,6.0051,6.1502,6.1517,6.0153,5.7268,5.3341,5.0192,4.6576,4.4687,4.4782,4.6913,5.0514,5.353,5.7003,5.9425,6.0828,6.1165,5.994,5.7454,5.5148,5.1443,4.7044,4.3734,3.9995,3.7726,3.8176,4.0526,4.6364,5.4637,6.1757,7.1571,8.1051,8.9699,9.5389,10.183,10.674,10.942,11.138,11.163,11.083,10.832,10.392,9.7727,9.1994,8.2808,7.1473,6.1425,4.5899,2.7578,1.1492,-1.3575,-4.2069,-7.0281,-8.5422,-9.1033,-8.6572,-8.4495,-8.7705,-9.764,-11.331,-12.352,-11.823,-9.4917,-7.7074,-5.9043,-4.7294,-4.1664,-3.8661,-4.1098,-4.8323,-5.6,-6.5704,-6.6329,-5.6796,-3.5764,-1.3663,0.12515,1.8397,3.2756,4.4449,5.1785,5.9863,6.6241,7.007,7.403,7.6797,7.8598,7.9354,7.9633,7.9265,7.8601,7.7302,7.5614,7.413,7.1922,6.9522,6.6807,6.4614,6.1399,5.7815,5.493,5.0782,4.6308,4.2761,3.7921,3.2968,2.8212,2.4871,2.0708,1.7179,1.4924,1.2393,1.0298,0.85823,0.75441,0.64687,0.55866,0.50803,0.45834,0.40047,0.33226,0.20687,-0.0054126,-0.3228,-0.64655,-1.1729,-1.7424,-2.1517,-2.6126,-2.8499,-2.8714,-2.752,-2.5795,-2.5033,-2.5862,-2.9399,-3.628,-4.4272,-5.9444,-8.1024,-11.065
-4.2458,-3.3728,-2.5747,-2.1435,-2.0438,-2.1239,-2.4025,-2.6919,-3.156,-3.7137,-4.3933,-4.9885,-5.9267,-6.9701,-7.6999,-8.2117,-7.7547,-6.7922,-5.1079,-3.3759,-1.767,-0.67055,0.64687,1.7855,2.5224,3.3708,4.0716,4.475,4.8779,5.1217,5.1891,5.1435,4.9517,4.5966,4.2289,3.6085,2.834,1.9197,1.1441,-0.017153,-1.2449,-2.1227,-3.1634,-3.7595,-3.7089,-3.1286,-2.2958,-1.4201,-0.82551,-0.20539,0.25953,0.53151,0.84731,1.2852,1.721,2.3869,3.1367,3.8801,4.3566,4.8032,4.9523,4.8462,4.3625,3.401,1.8559,0.23731,-2.5134,-4.713,-4.1309,-1.3976,1.1298,2.5634,3.9517,4.8379,5.3262,5.4358,5.3287,5.007,4.5878,3.7505,2.5834,1.4691,-0.40631,-2.6837,-4.4204,-3.9928,-1.4223,1.407,3.2264,5.2281,6.8017,8.014,8.7269,9.4499,9.9293,10.148,10.275,10.199,10.02,9.6562,9.1618,8.5402,7.9947,7.1925,6.3311,5.632,4.6396,3.589,2.7794,1.676,0.56271,-0.50067,-1.2305,-2.152,-3.1333,-3.9544,-5.3436,-7.2687,-9.744,-11.567,-10.902,-8.3995,-6.573,-4.6176,-3.3515,-2.877,-2.7946,-3.3557,-4.6715,-6.3138,-9.4558,-11.415,-9.1074,-4.8559,-1.5791,0.319,2.3031,3.816,4.9985,5.7118,6.465,7.0396,7.3677,7.6842,7.8654,7.9258,7.8977,7.7748,7.5554,7.3437,7.0165,6.6661,6.4022,6.0695,5.7606,5.488,5.2907,5.0199,4.731,4.4794,4.0853,3.6161,3.2151,2.6066,1.9492,1.2416,0.70834,0.018506,-0.61746,-1.0445,-1.5366,-1.9883,-2.4016,-2.6995,-3.0437,-3.304,-3.3733,-3.2295,-2.8373,-2.3992,-1.7186,-1.0486,-0.48643,-0.13649,0.2245,0.46888,0.5883,0.70216,0.78944,0.8193,0.81661,0.73937,0.55598,0.32854,-0.12264,-0.77333,-1.3891,-2.361,-3.4816,-4.616
-5.485,-4.8872,-4.5953,-4.7253,-5.1102,-5.9987,-7.1118,-7.9295,-8.7479,-9.1127,-9.2209,-9.4274,-10.244,-12.079,-14.69,-21.406,-19.402,-13.063,-7.9459,-4.5314,-1.987,-0.46916,1.1856,2.5368,3.3762,4.273,4.9566,5.3434,5.7073,5.8947,5.8921,5.7788,5.5016,5.0893,4.6977,4.0925,3.4154,2.7128,2.2058,1.5695,1.013,0.65133,0.3376,0.18234,0.12013,0.11135,0.13488,0.058829,-0.1396,-0.65815,-1.5564,-2.5766,-4.2854,-5.8247,-5.8392,-3.7851,-1.0785,1.1998,2.4976,3.7195,4.4358,4.6492,4.4811,3.7969,2.5475,1.2366,-0.81731,-2.2464,-1.9432,-0.11647,1.8339,2.9755,4.0361,4.6455,4.8334,4.7396,4.4552,3.9152,3.3301,2.4069,1.2991,0.24099,-1.5155,-3.6478,-5.2384,-4.7741,-2.1481,0.75944,2.6035,4.5629,6.0408,7.1296,7.7258,8.2498,8.5056,8.5317,8.4019,8.0953,7.725,7.0819,6.3384,5.4955,4.8183,3.9296,3.2051,2.7944,2.4144,2.2113,2.1474,2.0978,2.0061,1.8705,1.7315,1.4699,1.1004,0.788,0.35571,-0.073308,-0.34746,-0.53294,-0.53733,-0.16293,0.16723,0.58646,1.0146,1.2223,1.3233,1.2677,1.0779,0.90814,0.77564,0.89653,1.1914,1.8346,2.6097,3.2051,3.9618,4.6028,5.1252,5.4472,5.8033,6.0892,6.2498,6.3858,6.422,6.3118,6.1231,5.7235,5.138,4.5913,3.7487,2.8594,2.2459,1.621,1.2952,1.2574,1.3325,1.4502,1.4878,1.4087,1.1437,0.67873,0.19261,-0.65204,-1.7051,-2.9856,-4.0533,-5.4976,-6.7755,-7.4482,-7.8595,-7.9658,-8.1517,-8.5599,-9.7019,-11.612,-13.44,-14.313,-11.406,-8.6849,-5.7658,-3.5867,-1.9648,-1.0281,-0.062959,0.63686,1.0388,1.4709,1.7831,1.9657,2.1419,2.2165,2.1825,2.0764,1.7966,1.3414,0.8895,0.12912,-0.82851,-1.9618
-4.4747,-4.4342,-4.8098,-5.6743,-6.6904,-8.8631,-12.496,-17.414,-43.481,-18.083,-12.782,-10.718,-9.1409,-8.2863,-7.8791,-7.3167,-6.3966,-5.3761,-3.8101,-2.208,-0.65883,0.4142,1.692,2.7839,3.4919,4.2772,4.851,5.1674,5.4107,5.4448,5.2984,5.0441,4.5322,3.8578,3.2443,2.3316,1.3576,0.40249,-0.22287,-0.81274,-1.0835,-1.1025,-0.80902,-0.36788,-0.060349,0.29127,0.55748,0.58416,0.41115,-0.10178,-1.0613,-2.1434,-4.1408,-6.3195,-6.3589,-3.945,-0.86934,1.6767,3.144,4.6143,5.6481,6.1658,6.5368,6.6267,6.5008,6.3253,6.066,5.8636,5.8064,5.8217,5.8674,5.8596,5.685,5.269,4.5713,3.9111,2.8188,1.461,0.54475,-0.25848,-0.5058,-0.42016,-0.025442,0.53696,1.2339,1.8748,2.8408,3.8478,4.5845,5.4411,6.0888,6.5131,6.6763,6.6657,6.4413,6.1215,5.5021,4.7613,4.1102,3.0476,1.7561,0.22165,-1.147,-3.3203,-5.4383,-6.0682,-4.9345,-2.8537,-1.4097,0.14671,1.3115,2.1355,2.5589,2.9421,3.1752,3.2515,3.2952,3.2851,3.3436,3.4229,3.4486,3.5967,3.7715,3.9762,4.1603,4.3004,4.4557,4.5614,4.6113,4.6307,4.6368,4.6208,4.5962,4.5424,4.4357,4.3063,4.0353,3.6844,3.291,3.017,2.7916,2.7982,2.9357,3.207,3.4398,3.493,3.3332,2.7936,1.8102,0.719,-1.329,-4.2362,-7.0726,-10.639,-9.7161,-6.7612,-5.0951,-3.6068,-2.8332,-2.585,-2.5953,-2.9658,-3.4569,-4.4304,-5.8556,-7.8531,-9.9237,-14.007,-21.98,-32.741,-18.768,-14.06,-11.867,-11.193,-11.211,-11.902,-12.65,-12.523,-10.572,-8.4676,-5.8831,-3.9299,-2.4794,-1.6907,-0.93392,-0.43976,-0.15872,0.17004,0.50795,0.80919,1.2842,1.7679,2.1815,2.4,2.5264,2.4349,2.1941,1.6165,0.73087,-0.55226
-3.3313,-3.1965,-3.1571,-3.4862,-3.9423,-4.7568,-5.7318,-6.3419,-6.7809,-6.5844,-5.8508,-5.2541,-4.4979,-3.8841,-3.4821,-3.0315,-2.5561,-2.1815,-1.6494,-0.98428,-0.23165,0.38838,1.2776,2.151,2.7548,3.4822,4.055,4.3439,4.5117,4.4165,4.0747,3.6435,2.7994,1.6558,0.59768,-1.1088,-3.1689,-5.6554,-7.7409,-10.059,-9.8898,-8.1325,-5.5755,-3.4481,-2.0874,-0.62895,0.40672,1.1435,1.5345,1.8507,1.9729,2.0194,2.0772,2.3755,2.7329,3.4094,4.3698,5.4012,6.1506,7.0806,7.8505,8.3034,8.7776,9.0878,9.2551,9.2991,9.2674,9.1546,9.0168,8.7425,8.34,7.9416,7.2301,6.2306,4.8667,3.4737,0.86288,-2.8314,-7.4077,-21.875,-9.0454,-4.3951,-0.8202,1.4066,2.9377,3.8039,4.7006,5.3526,5.6854,5.9458,5.9844,5.7659,5.4268,4.7485,3.8146,2.9708,1.6171,0.15781,-0.80205,-1.8972,-2.9193,-3.9952,-5.0449,-7.162,-9.9497,-10.757,-8.1601,-4.594,-2.4413,-0.29913,1.2446,2.3406,2.9148,3.4351,3.7634,3.8943,3.9544,3.9658,3.91,3.9679,4.1143,4.2514,4.4137,4.7302,5.0242,5.2478,5.524,5.7337,5.878,5.9323,5.9165,5.7882,5.6101,5.2151,4.6244,3.9985,2.8301,1.1901,-1.0977,-3.3036,-6.3368,-6.4024,-4.3275,-1.643,0.17896,1.233,1.5935,1.5239,0.8794,0.0088309,-1.6699,-3.9232,-5.8149,-7.7616,-7.9078,-6.8706,-6.146,-5.5824,-5.4863,-5.6128,-5.9659,-6.4052,-6.7515,-7.2468,-7.8851,-8.6792,-9.4549,-10.497,-11.325,-11.543,-10.968,-9.8172,-8.6834,-7.9004,-6.9411,-6.1663,-5.5948,-4.8325,-3.9393,-3.2412,-2.4393,-1.8003,-1.4435,-1.4076,-1.7622,-2.5389,-3.3785,-4.5809,-4.9665,-4.2313,-2.3988,-0.44028,1.1728,2.1033,2.9896,3.4991,3.6444,3.5458,3.1474,2.4459
-2.5578,-1.865,-1.1407,-0.71453,-0.56727,-0.49888,-0.51132,-0.53038,-0.58646,-0.58677,-0.56418,-0.56703,-0.61017,-0.76086,-0.9509,-1.3111,-1.813,-2.3047,-2.9639,-3.4147,-3.3752,-2.8996,-1.754,-0.32547,0.71028,1.8593,2.7496,3.185,3.4806,3.4383,2.9893,2.4221,1.3286,-0.19598,-1.6105,-3.8704,-6.4908,-9.4373,-11.876,-14.528,-13.843,-11.259,-7.4505,-4.5466,-2.7848,-0.83105,0.6106,1.6954,2.3374,2.9747,3.4725,3.8004,4.2435,4.7577,5.1391,5.7852,6.5278,7.2707,7.8341,8.5563,9.1922,9.5914,10.042,10.364,10.569,10.643,10.647,10.549,10.402,10.116,9.7155,9.3228,8.6832,7.8688,6.8483,5.9163,4.634,3.1979,2.1992,1.5747,1.7833,2.3689,3.4385,4.431,5.2582,5.7057,6.1012,6.2874,6.275,6.0618,5.6369,4.9483,4.235,3.0118,1.2856,-0.32939,-3.2883,-7.8821,-12.614,-14.119,-9.042,-6.0452,-4.6852,-3.3485,-2.4751,-1.8607,-0.87852,0.15259,0.90104,1.8368,2.5839,3.0852,3.331,3.4541,3.3265,3.1253,2.7033,2.2177,1.6311,1.2502,1.2078,1.5106,1.905,2.6541,3.4798,4.0338,4.65,5.116,5.4469,5.5984,5.6872,5.6546,5.5414,5.2439,4.7345,4.1901,3.1954,1.7785,-0.12098,-1.7988,-3.7325,-3.7238,-2.4528,-0.43543,1.1732,2.1972,2.6272,2.8201,2.622,2.2538,1.5308,0.62284,-0.11139,-1.0954,-2.0579,-3.1022,-3.9587,-5.445,-7.3708,-9.2134,-12.023,-13.691,-13.2,-11.428,-9.8897,-8.9682,-8.6056,-8.3249,-8.0902,-7.8946,-7.4893,-6.7793,-5.8826,-5.0828,-3.946,-2.8748,-2.0833,-1.1697,-0.34705,0.15558,0.60319,0.82934,0.71974,0.38035,-0.51273,-2.1038,-3.9356,-7.4623,-10.554,-8.3256,-3.7353,-0.40905,1.8983,3.1652,4.3935,5.1967,5.5787,5.8426,5.856,5.6839
-1.4757,-0.59392,0.19007,0.7805,1.1175,1.43,1.6368,1.7097,1.7652,1.7337,1.5696,1.3867,1.0002,0.43034,-0.16883,-1.2195,-2.7261,-4.2311,-7.1212,-12.369,-27.757,-16.154,-8.1061,-4.0161,-1.9184,0.0928,1.4175,2.0674,2.5398,2.5958,2.1844,1.5765,0.38403,-1.3519,-3.0501,-6.0155,-9.9999,-15.091,-17.638,-14.637,-10.583,-7.9964,-5.3953,-3.168,-1.7194,-0.25345,0.86719,1.6615,2.0312,2.3,2.4165,2.4484,2.5717,2.8315,3.2387,4.0882,5.0461,6.0516,6.786,7.6439,8.3614,8.819,9.2709,9.5713,9.7356,9.7812,9.7527,9.6281,9.4912,9.2714,9.0182,8.7949,8.4725,8.128,7.7532,7.5035,7.1243,6.7391,6.5855,6.4144,6.3554,6.4204,6.5001,6.5696,6.5644,6.5014,6.2875,5.9187,5.556,4.945,4.2063,3.3844,2.6949,1.6416,0.38381,-0.67653,-2.182,-3.981,-4.9325,-5.0822,-4.081,-2.5467,-1.5367,-0.38253,0.59731,1.1522,1.7638,2.2523,2.5184,2.7706,2.8739,2.8064,2.6511,2.2723,1.613,0.92585,-0.32731,-2.1683,-4.724,-7.6404,-11.072,-8.3327,-5.1285,-2.0937,0.011878,1.1226,2.1246,2.746,3.0823,3.2129,3.3296,3.4451,3.5435,3.7171,3.8489,3.9087,3.9014,3.7622,3.5677,3.4237,3.3329,3.3886,3.5703,3.8838,4.1979,4.4343,4.4991,4.4449,4.206,3.912,3.3879,2.725,2.1448,1.2569,0.22061,-1.018,-2.1114,-3.8805,-6.185,-8.3659,-11.651,-13.649,-12.88,-10.814,-9.1555,-8.3312,-8.1148,-8.4296,-9.1959,-9.864,-10.413,-9.7168,-7.7398,-5.9967,-3.859,-2.0104,-0.84211,0.4877,1.5137,2.0948,2.6983,3.0502,3.1637,3.1052,2.8838,2.5185,2.2321,1.9537,1.9765,2.2963,3.0007,3.8967,4.8059,5.4174,6.0942,6.5909,6.8499,7.052,7.0953,7.0119
-0.30111,-0.029943,0.21244,0.40871,0.58421,0.83583,1.1028,1.278,1.4868,1.5639,1.4919,1.3312,0.92465,0.32507,-0.27671,-1.2715,-2.4336,-3.3679,-4.6917,-5.7333,-6.0247,-5.613,-4.3,-2.6201,-1.4368,-0.03391,1.0369,1.6309,2.0871,2.1485,1.9142,1.4748,0.58466,-0.67317,-1.8662,-3.7928,-5.9657,-7.8377,-8.4868,-7.6112,-5.8301,-4.3234,-2.6007,-1.2125,-0.30867,0.54901,1.0495,1.1857,0.96887,0.2817,-1.0002,-2.4316,-4.8297,-6.5083,-5.3935,-2.3571,0.33725,2.4662,3.695,4.9153,5.7634,6.2205,6.5777,6.7314,6.7047,6.5919,6.3431,6.0206,5.7665,5.4446,5.2193,5.1538,5.1795,5.3476,5.6074,5.8222,6.0098,6.2738,6.4357,6.5107,6.5605,6.5566,6.4143,6.1714,5.7482,5.3311,4.6003,3.6432,2.8007,1.5427,0.21721,-0.88204,-1.4068,-1.6765,-1.5126,-1.4042,-1.0286,-0.72297,-0.55834,-0.13818,0.32599,0.78887,1.2054,1.6174,1.9248,2.1158,2.1944,2.1348,2.0179,1.7007,1.265,0.7708,0.3228,-0.28251,-0.87742,-1.4309,-2.3137,-3.5119,-4.7459,-6.0827,-6.9041,-5.916,-4.554,-2.5614,-1.1629,-0.53875,-0.18303,-0.37089,-1.0932,-1.8471,-2.8177,-3.0342,-2.4233,-0.96321,0.60656,1.6092,2.6631,3.4605,4.033,4.3443,4.6467,4.8509,4.9591,5.0358,5.015,4.9089,4.7678,4.465,4.0493,3.6782,3.1156,2.5067,2.0238,1.3627,0.69002,-0.0047558,-0.58477,-1.3989,-2.2466,-2.8352,-3.5586,-4.0521,-4.2664,-4.4282,-4.6719,-5.1135,-5.6651,-6.9323,-9.1228,-11.579,-16.249,-15.193,-9.7313,-6.6053,-3.5949,-1.3862,-0.10332,1.2589,2.2932,2.8815,3.5154,3.9444,4.245,4.3847,4.4862,4.5523,4.5941,4.6559,4.794,4.9477,5.1938,5.4801,5.776,5.98,6.1962,6.335,6.3714,6.3172,6.1627,5.9028
0.24075,-0.49055,-1.4015,-2.1553,-2.3622,-1.9853,-1.1144,-0.34715,0.50455,1.081,1.355,1.3181,0.98869,0.34742,-0.30423,-1.3702,-2.5203,-3.354,-4.1136,-4.2723,-3.8287,-3.129,-2.0076,-0.78632,0.099193,1.1188,1.9601,2.4385,2.8614,2.9986,2.9292,2.7246,2.2512,1.6459,1.1243,0.43504,-0.1866,-0.56705,-0.65754,-0.48498,0.010147,0.45663,1.1056,1.8195,2.2102,2.6162,2.7849,2.6001,2.2357,1.3422,-0.11412,-1.6021,-3.9713,-5.6529,-4.9777,-2.3636,-0.060482,1.7319,2.6528,3.4794,3.9398,4.0341,3.9499,3.6585,3.1834,2.7059,1.923,0.97473,0.16152,-0.99517,-1.8845,-2.002,-1.2706,0.095832,1.591,2.5671,3.6976,4.6409,5.0643,5.5147,5.7593,5.7558,5.6286,5.3042,4.7553,4.1598,3.1303,1.7081,0.29198,-2.2285,-6.0536,-12.699,-17.419,-9.8446,-5.0522,-2.8391,-0.975,0.44335,1.1782,1.8643,2.3739,2.6582,2.7982,2.8647,2.73,2.5568,2.1799,1.5916,1.0275,0.032563,-1.2007,-2.6382,-3.7356,-4.7876,-4.8548,-4.3632,-3.3973,-2.5382,-1.7233,-1.1087,-0.60569,0.059537,0.52129,0.94967,1.2048,1.1494,0.6765,-0.44215,-2.4102,-4.746,-9.9113,-14.799,-9.5772,-4.1964,-0.98537,0.67707,2.253,3.3621,4.1207,4.5302,4.8958,5.1185,5.1716,5.1345,4.9567,4.6147,4.2702,3.6675,2.9322,2.3139,1.4537,0.6547,0.17499,-0.23676,-0.37362,-0.31203,-0.19885,-0.025682,0.1384,0.2259,0.29219,0.31762,0.3001,0.23851,0.060931,-0.21458,-0.53253,-1.017,-1.5651,-1.8943,-2.0613,-1.8218,-1.113,-0.41795,0.57355,1.544,2.1814,2.8798,3.4172,3.7601,4.087,4.3342,4.5215,4.6307,4.7408,4.8289,4.881,4.9573,5.0278,5.0609,5.1317,5.2061,5.2675,5.2958,5.2938,5.2226,5.1053,4.8356,4.4394,3.9026
0.78476,-1.0147,-4.6244,-11.615,-31.2,-9.8406,-4.0495,-1.6076,0.41651,1.5971,2.1311,2.1796,1.8203,0.94643,-0.056054,-1.9571,-4.7801,-7.7519,-13.003,-12.59,-7.5174,-4.7451,-2.0354,-0.10599,1.0125,2.1905,3.0234,3.45,3.7985,3.9748,3.8669,3.6916,3.3141,2.8124,2.4067,1.8885,1.4806,1.2603,1.2949,1.5441,2.0254,2.4917,3.1831,3.8658,4.3116,4.7867,5.0846,5.1824,5.1268,4.8655,4.4707,4.1213,3.6784,3.3593,3.3607,3.3707,3.5276,3.5939,3.5116,3.2012,2.6214,2.0127,1.0526,-0.048136,-1.1293,-1.8878,-2.9021,-4.1977,-5.6049,-8.5243,-15.006,-26.156,-11.694,-5.5438,-1.9873,-0.15044,1.8102,3.014,3.6669,4.3127,4.5848,4.6328,4.5176,4.1713,3.6975,3.232,2.473,1.5747,0.75574,-0.51326,-1.8973,-2.9796,-3.144,-2.2942,-0.87874,0.24607,1.631,2.5392,3.1097,3.5678,3.7396,3.7575,3.5706,3.2341,2.7953,2.3324,1.669,0.85684,0.079644,-1.1723,-3.0059,-5.8199,-9.1005,-18.528,-14.648,-8.6065,-4.0297,-1.105,0.71732,1.81,3.0072,3.7793,4.2401,4.595,4.6811,4.6039,4.2404,3.6381,2.822,2.1549,1.4001,1.0453,1.1406,1.6265,2.289,2.7523,3.3256,3.7506,4.0585,4.232,4.3994,4.4808,4.4865,4.3782,4.1244,3.6613,3.1324,2.1836,0.87412,-0.39056,-2.4942,-5.0087,-6.7094,-7.1878,-5.4276,-3.2471,-1.7859,-0.22473,0.96849,1.657,2.408,2.9587,3.268,3.5533,3.7533,3.8339,3.8349,3.783,3.7171,3.6497,3.6071,3.616,3.6841,3.7481,3.8278,3.864,3.8465,3.7742,3.6399,3.5138,3.3241,3.1849,3.0891,3.0752,3.1238,3.1745,3.2031,3.2112,3.148,3.087,2.9982,2.9361,2.9214,2.9369,2.9634,2.92,2.8115,2.5232,1.9864,1.1878
1.8087,0.95523,-0.31455,-1.2975,-1.6327,-1.3049,-0.38371,0.38427,1.2313,1.8074,2.0128,1.9569,1.5629,0.7898,-0.045708,-1.5063,-3.2928,-4.7551,-6.2647,-6.3004,-4.9695,-3.6746,-2.0955,-0.78351,-0.029311,0.77078,1.3172,1.5818,1.7217,1.6908,1.4034,1.0532,0.40948,-0.4877,-1.3173,-2.5817,-3.8212,-4.6662,-4.6716,-3.7409,-2.267,-1.049,0.53207,1.7742,2.6131,3.4993,4.1373,4.5994,4.7993,4.9223,4.9036,4.7956,4.5756,4.3148,4.0664,3.6021,3.0922,2.3242,1.6259,0.3976,-1.2756,-2.8407,-5.6155,-9.2164,-12.791,-13.262,-11.348,-9.6083,-8.8587,-8.3115,-8.0299,-7.6112,-6.4915,-5.0013,-3.4737,-2.4186,-1.1013,-0.38651,0.15706,0.53195,0.54088,0.45678,0.015519,-0.64285,-1.3191,-1.7079,-2.0041,-1.9253,-1.6952,-1.3153,-0.83644,-0.36367,0.033371,0.63755,1.268,1.6248,2.1355,2.404,2.461,2.3746,1.981,1.3744,0.7258,-0.31674,-1.4193,-2.244,-3.096,-3.5533,-3.7059,-3.7506,-3.8802,-4.0663,-4.1559,-4.0411,-3.2713,-2.3614,-0.87979,0.58208,2.0435,2.8277,3.8116,4.5197,4.8889,5.2557,5.3861,5.3622,5.1694,4.8378,4.3798,3.9968,3.4594,2.9224,2.5472,2.0428,1.5503,1.1405,0.60561,0.06456,-0.36653,-0.57887,-0.64195,-0.52073,-0.32966,-0.10879,-0.033768,-0.1891,-0.52734,-1.3105,-2.564,-3.8722,-6.2166,-9.3835,-11.957,-12.61,-9.4902,-6.4273,-4.56,-2.6023,-1.0586,-0.11606,0.94671,1.7922,2.3168,2.8633,3.278,3.5554,3.7052,3.7984,3.8116,3.758,3.6181,3.4197,3.1314,2.8585,2.4057,1.7982,1.2367,0.34664,-0.7145,-1.6513,-2.8512,-3.8165,-4.2275,-4.1125,-3.6308,-3.127,-2.8812,-2.8796,-3.2314,-3.6625,-4.4222,-5.0095,-5.0427,-4.6387,-3.8506,-3.1457,-2.8225,-2.7346,-3.1472,-4.1108
1.8952,1.7923,1.6194,1.5007,1.4582,1.4875,1.5869,1.6619,1.7499,1.7483,1.6202,1.4381,1.0505,0.53056,0.056209,-0.64111,-1.3487,-1.8338,-2.3093,-2.593,-2.6445,-2.5544,-2.3731,-2.1719,-2.0175,-1.8966,-1.8235,-1.8032,-1.8502,-2.0992,-2.4144,-2.8459,-3.6463,-4.829,-6.0753,-8.4998,-12.397,-20.91,-26.228,-13.705,-8.3352,-5.7803,-3.2406,-1.3889,-0.27971,0.89339,1.7741,2.4086,2.7306,3.0048,3.0856,3.0466,2.8577,2.5316,2.1345,1.588,0.80795,-0.12396,-0.96238,-2.333,-4.0202,-5.5935,-8.1178,-11.101,-13.657,-13.938,-12.365,-10.568,-9.4841,-8.5699,-7.8061,-7.4082,-6.9153,-6.401,-5.8512,-5.3676,-4.8745,-4.357,-3.9675,-3.8891,-4.0429,-4.4827,-5.6324,-7.4978,-10.558,-13.482,-14.492,-10.51,-7.7145,-4.9567,-3.0154,-1.5936,-0.78627,0.014287,0.59408,0.90824,1.0131,0.99365,0.74133,0.19356,-0.66635,-1.9777,-3.1795,-5.5175,-8.742,-12.083,-17.245,-14.758,-11.236,-8.0939,-5.944,-4.4235,-3.5212,-2.4,-1.441,-0.68244,0.31144,1.222,2.0841,2.7111,3.3313,3.8818,4.1596,4.403,4.494,4.4331,4.2252,3.8437,3.3244,2.8437,2.0838,1.1978,0.43874,-0.71106,-2.0461,-3.1784,-5.0312,-7.2259,-9.7397,-11.343,-11.559,-9.6679,-8.0283,-6.254,-5.0857,-4.4263,-4.2358,-4.3568,-4.8328,-5.3822,-6.2508,-7.1086,-7.5954,-7.8634,-7.6545,-6.935,-6.2195,-5.1345,-4.0045,-3.1413,-2.0955,-1.1659,-0.55831,0.13183,0.64323,1.0156,1.2069,1.3411,1.3265,1.2507,1.0157,0.64867,0.13082,-0.34808,-1.1304,-2.0893,-2.9844,-4.4874,-6.5051,-8.537,-12.501,-20.072,-24.861,-16.857,-12.084,-9.7096,-8.823,-8.5838,-9.3345,-10.729,-14.241,-22.492,-24.871,-16.322,-11.412,-8.8426,-7.7378,-7.1039,-7.1482,-7.8275
1.7268,2.0374,2.356,2.5161,2.5823,2.5888,2.5122,2.4109,2.2202,1.9499,1.6347,1.3438,0.92694,0.48145,0.13279,-0.34485,-0.84215,-1.1966,-1.6883,-2.1568,-2.6277,-3.0093,-3.5098,-4.0491,-4.4306,-4.8923,-5.2376,-5.4026,-5.4485,-5.3942,-5.3687,-5.4076,-5.6711,-6.1495,-6.6443,-7.4711,-8.3085,-8.7757,-8.6732,-7.7588,-6.362,-5.1232,-3.6517,-2.2454,-1.3327,-0.32111,0.52156,1.1145,1.4457,1.6967,1.7555,1.6865,1.4355,0.9798,0.58743,-0.094739,-0.89485,-1.7386,-2.4476,-3.367,-4.3324,-5.0207,-5.8453,-6.5785,-7.0761,-7.2537,-7.3151,-7.2381,-7.1869,-7.233,-7.5021,-7.8141,-8.4746,-9.2067,-9.678,-9.6545,-9.1413,-7.7795,-7.0838,-6.2276,-5.7725,-5.8692,-6.3115,-7.3286,-8.8566,-9.8576,-9.8706,-7.9786,-6.1844,-4.0156,-2.2862,-0.97762,-0.22379,0.48575,0.88281,1.0484,1.0259,0.74712,0.41339,-0.29951,-1.2326,-2.4528,-3.5479,-5.2847,-7.3285,-8.8451,-10.153,-9.654,-8.4296,-6.5435,-4.8404,-3.4229,-2.521,-1.4835,-0.56314,0.063436,0.82839,1.6061,2.2128,2.6837,3.2365,3.652,3.9192,4.0928,4.1154,4.0229,3.7308,3.2451,2.5615,1.911,0.87549,-0.35368,-1.3927,-2.9179,-4.6441,-6.0591,-8.208,-10.833,-14.12,-16.639,-16.681,-13.175,-10.725,-8.3687,-6.7343,-5.7619,-5.3606,-5.2102,-5.4457,-5.8418,-6.6366,-7.6568,-8.5265,-9.6661,-10.496,-10.613,-10.108,-8.8342,-7.3101,-6.1836,-4.8441,-3.709,-3.0024,-2.2304,-1.624,-1.18,-0.97955,-0.84301,-0.88084,-1.027,-1.3623,-1.884,-2.5382,-3.1352,-4.013,-4.9578,-5.7034,-6.7909,-7.9488,-8.9191,-10.285,-11.312,-11.467,-10.949,-9.8462,-8.8214,-8.3138,-8.0213,-8.2653,-8.7249,-9.5089,-10.178,-10.182,-9.6635,-8.6804,-7.7736,-7.2866,-6.9647,-7.0096,-7.3603
2.1087,2.7254,3.2719,3.5583,3.6163,3.5148,3.2402,2.9458,2.4367,1.8643,1.2587,0.82558,0.30194,-0.15623,-0.44958,-0.80891,-1.1549,-1.4518,-1.9211,-2.4957,-3.2352,-3.9335,-5.0761,-6.5121,-7.8261,-9.6887,-11.279,-11.662,-10.851,-9.1965,-7.8851,-7.0734,-6.3509,-5.9866,-5.8931,-5.8879,-5.9792,-5.9739,-5.8686,-5.4947,-4.8435,-4.2374,-3.2619,-2.219,-1.4724,-0.55542,0.17976,0.73901,1.0224,1.1938,1.1599,0.97639,0.5505,-0.051836,-0.62143,-1.6223,-2.6465,-3.7863,-4.5125,-5.2262,-5.5027,-5.442,-5.2124,-4.8306,-4.473,-4.2687,-4.0984,-4.1028,-4.2834,-4.7214,-5.6543,-6.6949,-8.8145,-12.416,-20.14,-35.893,-15.708,-9.9982,-7.7797,-5.5353,-4.2322,-3.526,-2.9805,-2.6821,-2.4227,-2.2148,-1.7592,-1.1344,-0.55506,0.25595,1.025,1.6649,2.0311,2.3595,2.4831,2.3769,2.1511,1.6358,1.1746,0.39524,-0.49008,-1.4059,-2.1228,-2.8639,-3.5263,-3.7765,-3.8751,-3.6322,-3.2806,-2.6805,-1.9994,-1.3546,-0.88053,-0.37482,0.12651,0.46615,0.94098,1.4466,2.1144,2.5352,3.179,3.7182,4.0413,4.3508,4.4376,4.368,4.0492,3.4854,2.6316,1.8135,0.45926,-1.1909,-2.6143,-4.6998,-6.8175,-8.1802,-9.4017,-9.9024,-9.7943,-9.4445,-8.6461,-7.536,-6.6486,-5.5098,-4.602,-3.973,-3.7425,-3.7367,-4.1152,-4.6609,-5.7936,-7.4938,-9.2738,-12.77,-19.122,-34.25,-19.692,-13.276,-9.8399,-8.1413,-6.5125,-5.3279,-4.6409,-3.9182,-3.3178,-2.8558,-2.5896,-2.3994,-2.3994,-2.5918,-3.0736,-3.8414,-4.9076,-5.8523,-7.2048,-8.4328,-8.9564,-9.0552,-8.6766,-8.2502,-7.6072,-7.0146,-6.3713,-5.9013,-5.2789,-4.7261,-4.3991,-4.0895,-3.9408,-3.8984,-3.9443,-4.0155,-4.0702,-4.0967,-4.1328,-4.2181,-4.3692,-4.6105,-5.0005,-5.502
3.7278,4.3278,4.7449,4.8674,4.738,4.3139,3.6157,2.9108,1.7574,0.44292,-0.94054,-1.8376,-2.6908,-3.0385,-3.0046,-2.8087,-2.6112,-2.5821,-2.6858,-3.0822,-3.7248,-4.4123,-5.6941,-7.4724,-9.383,-12.942,-18.421,-20.586,-14.889,-10.7,-8.1309,-6.8691,-5.7473,-5.1773,-5.0708,-5.2473,-5.7383,-6.4291,-6.9512,-7.4022,-7.0413,-6.2962,-4.8146,-3.1984,-2.1583,-0.91392,-0.049743,0.56173,0.80818,0.90188,0.74322,0.44749,-0.14696,-0.96905,-1.8635,-3.2826,-5.2796,-8.0168,-10.606,-13.889,-12.081,-9.2724,-6.3299,-4.1516,-2.6379,-1.8294,-1.0859,-0.69834,-0.62367,-0.80107,-1.3134,-1.9016,-2.9023,-4.0358,-4.9228,-5.0905,-4.5871,-3.3142,-2.5127,-1.2605,-0.41683,0.20717,0.76537,1.2113,1.6356,1.9332,2.3511,2.795,3.1383,3.59,3.9764,4.2786,4.4007,4.4102,4.265,3.9587,3.3871,2.5433,1.7452,0.52037,-0.87075,-2.1937,-3.0323,-3.5473,-3.4398,-3.0473,-2.351,-1.6329,-1.1314,-0.56821,-0.17863,-0.0030425,-0.0050366,-0.20795,-0.58675,-0.91398,-1.1133,-0.961,-0.009236,0.90371,2.174,3.3676,4.0309,4.7231,5.0811,5.1302,4.9112,4.3644,3.4645,2.5564,0.9728,-1.0929,-3.0817,-6.5096,-11.635,-18.208,-22.288,-13.375,-9.2992,-7.3465,-5.4149,-3.9049,-3.0453,-2.0719,-1.3906,-0.94259,-0.79487,-0.8449,-1.2008,-1.6614,-2.5451,-3.7397,-4.8148,-6.4231,-7.8527,-8.6232,-8.605,-7.9462,-7.1909,-6.7973,-6.5092,-6.4469,-6.4447,-6.2673,-5.7994,-5.096,-4.4729,-3.8048,-3.4387,-3.4193,-3.8145,-4.7343,-6.3677,-8.1077,-11.805,-18.725,-26.761,-16.148,-10.83,-8.4426,-6.1283,-4.5284,-3.3053,-2.5514,-1.7188,-1.054,-0.64538,-0.22936,0.058052,0.19271,0.23614,0.17006,-0.013447,-0.23933,-0.66747,-1.2524,-1.8177,-2.7063,-3.7473,-4.8865
5.6366,5.8619,5.9049,5.6364,5.2302,4.3935,3.1845,1.9932,-0.035485,-2.8044,-6.659,-10.789,-16.235,-12.331,-9.251,-6.7156,-5.3313,-4.7604,-4.4379,-4.5074,-4.8258,-5.1615,-5.7564,-6.3735,-6.8996,-7.4865,-7.7221,-7.6037,-6.9922,-6.0924,-5.1528,-4.5765,-4.125,-4.0144,-4.2002,-4.9186,-6.2338,-8.5414,-11.262,-18.91,-23.823,-13.9,-8.1541,-4.9328,-3.2448,-1.6887,-0.71995,-0.22929,-0.14068,-0.28469,-0.73798,-1.1707,-1.8808,-2.7505,-3.3902,-4.3261,-5.6545,-7.2747,-8.7194,-9.8719,-8.6088,-6.6444,-4.0707,-1.9242,-0.29605,0.64611,1.5796,2.1928,2.4945,2.6441,2.6622,2.545,2.3131,2.0507,1.8436,1.7444,1.8161,1.8183,2.0048,2.1497,2.3022,2.3665,2.4374,2.5527,2.6881,2.8588,3.1625,3.5821,3.9216,4.3835,4.7927,5.0919,5.2129,5.1836,4.9118,4.577,3.7423,2.6332,1.4203,-0.61492,-3.6017,-7.8726,-12.828,-15.527,-9.0831,-6.0855,-3.4258,-1.6838,-0.78755,0.030467,0.39257,0.35699,-0.037212,-1.0006,-2.908,-5.1525,-10.569,-16.079,-7.4526,-3.2838,0.21193,2.4729,3.6798,4.7378,5.3411,5.5076,5.4248,4.9736,4.2164,3.4163,2.0827,0.43098,-0.99045,-3.0633,-5.1241,-6.3355,-6.8692,-6.1754,-4.8608,-3.7785,-2.4029,-1.2186,-0.46538,0.34667,0.95377,1.3167,1.4476,1.4145,1.1799,0.86538,0.31102,-0.36002,-0.90543,-1.6389,-2.309,-2.9219,-3.313,-3.8517,-4.5478,-5.2996,-6.7721,-9.2329,-12.078,-16.889,-14.752,-9.8702,-7.4172,-5.2774,-4.0828,-3.5961,-3.4855,-3.8969,-4.7361,-5.6403,-6.9981,-8.2056,-8.4843,-7.77,-6.343,-5.1362,-3.6915,-2.4394,-1.3673,-0.6859,0.11282,0.78323,1.2303,1.7161,2.0941,2.2771,2.4153,2.3761,2.1399,1.8216,1.1705,0.23258,-0.69198,-2.3173,-4.4137,-7.0966
6.4765,6.3574,6.0503,5.4684,4.8811,3.861,2.5504,1.3778,-0.5204,-2.7627,-5.3635,-7.2134,-8.8333,-8.8017,-8.1032,-7.1826,-6.6987,-6.6005,-6.8987,-7.3953,-8.0692,-8.4705,-8.6095,-8.3169,-7.7678,-6.9612,-6.1226,-5.4561,-4.6733,-3.9794,-3.4068,-3.0873,-2.867,-2.9137,-3.1086,-3.6221,-4.4056,-5.4455,-6.2431,-7.0126,-6.9295,-6.2447,-4.7206,-3.3771,-2.4487,-1.6386,-1.2036,-1.2751,-1.616,-2.5387,-3.9285,-5.2411,-6.9903,-7.8923,-7.5998,-6.7911,-5.5891,-4.7559,-4.0955,-3.2763,-2.2754,-1.4646,-0.27,0.85965,1.8774,2.5371,3.2612,3.8077,4.0981,4.3681,4.4832,4.5036,4.437,4.304,4.1177,3.9504,3.6933,3.3649,3.1329,2.6149,2.0912,1.5327,0.80618,0.067273,-0.48983,-0.61327,-0.26432,0.53531,1.3014,2.3131,3.2087,3.8734,4.2278,4.4782,4.3998,4.1788,3.589,2.6784,1.7552,0.17368,-1.7441,-3.8503,-5.1551,-5.7875,-4.8907,-3.8295,-2.3995,-1.1989,-0.4728,0.21413,0.64075,0.76541,0.65444,0.16495,-0.63781,-1.4269,-2.3178,-2.3964,-1.1539,0.12429,1.8572,3.2673,4.1111,4.881,5.2796,5.3769,5.2271,4.7955,4.0862,3.4039,2.3113,1.0578,0.066365,-1.273,-2.4132,-3.0722,-3.5239,-3.4248,-2.871,-2.2186,-1.2255,-0.25771,0.44208,1.1987,1.7522,2.0644,2.1408,2.0433,1.7348,1.3866,0.81013,0.17918,-0.27875,-0.79405,-1.2109,-1.5048,-1.7104,-2.0889,-2.6467,-3.2373,-4.3828,-5.9241,-7.2613,-8.4465,-8.101,-6.5559,-5.2895,-3.99,-3.1492,-2.8475,-2.7327,-2.8966,-3.2292,-3.553,-3.895,-4.0868,-4.1089,-3.9196,-3.5667,-3.1683,-2.6633,-2.1108,-1.5691,-1.1532,-0.57454,0.0535,0.53423,1.1828,1.7802,2.157,2.54,2.7212,2.6633,2.4416,1.8825,0.97288,0.045974,-1.6078,-3.8326,-6.7182
6.7777,6.4659,5.8538,5.0719,4.3559,3.2757,2.0781,1.1192,-0.15842,-1.422,-2.5575,-3.3349,-4.1795,-4.7886,-5.197,-5.7612,-6.4736,-7.253,-8.6975,-10.944,-14.31,-18.009,-19.84,-14.743,-11.593,-8.4774,-6.311,-5.1122,-3.8082,-2.9129,-2.2911,-2.0259,-1.8263,-1.8456,-1.9816,-2.2292,-2.5297,-2.737,-2.8293,-2.718,-2.4422,-2.0342,-1.4893,-0.88384,-0.55252,-0.2695,-0.32132,-0.75594,-1.4139,-2.8605,-5.1649,-7.7709,-13.329,-19.816,-13.572,-8.4359,-5.2233,-3.1905,-2.0132,-0.76087,0.27504,0.96671,1.8429,2.5948,3.2753,3.7173,4.2123,4.5996,4.8009,4.9964,5.0438,5.03,4.9299,4.7446,4.4764,4.2316,3.7579,3.3107,2.7239,1.9371,0.7635,-0.28791,-2.318,-5.2576,-9.7024,-13.437,-10.406,-5.4949,-2.9219,-0.44222,1.2806,2.515,3.1624,3.7355,4.0323,4.0058,3.8409,3.3371,2.879,2.0389,1.1532,0.22652,-0.31935,-0.97438,-1.267,-1.3353,-1.1269,-0.73847,-0.31328,0.30385,0.95722,1.5158,1.899,2.2464,2.5352,2.6828,2.9042,3.3194,3.6949,4.1508,4.6487,5.1453,5.3769,5.5792,5.5738,5.4411,5.0636,4.4903,3.6901,2.9654,1.7939,0.40124,-0.80205,-2.6074,-4.6223,-6.1443,-7.4875,-7.1592,-5.4028,-3.8432,-1.9317,-0.31846,0.6498,1.6373,2.265,2.5699,2.5669,2.2667,1.606,0.89305,-0.33451,-1.7454,-2.727,-3.4901,-3.3216,-2.5027,-1.822,-1.0287,-0.50847,-0.32125,-0.27256,-0.3912,-0.51988,-0.68565,-0.74135,-0.72263,-0.71745,-0.78816,-1.0277,-1.357,-1.964,-2.687,-3.4254,-3.8442,-4.2111,-4.2429,-4.1428,-3.9316,-3.6985,-3.6426,-3.6345,-3.7803,-4.0334,-4.1273,-3.9637,-3.254,-2.4259,-1.0848,0.2207,1.1155,2.0574,2.7308,3.1111,3.1945,3.0375,2.5596,2.003,0.97392,-0.35296,-1.9282
7.0806,6.5977,5.6892,4.5729,3.5804,2.1147,0.61332,-0.43594,-1.5111,-2.2446,-2.6228,-2.8428,-3.0948,-3.403,-3.752,-4.3723,-5.1689,-5.9754,-7.223,-8.9316,-10.661,-11.857,-11.976,-10.226,-8.4254,-6.1769,-4.2479,-3.1285,-1.9575,-1.1448,-0.70573,-0.59652,-0.70295,-1.0617,-1.485,-2.1084,-2.6764,-2.868,-2.7386,-2.1235,-1.2442,-0.50365,0.37302,1.1831,1.6048,1.9908,2.0554,1.8597,1.4981,0.79845,-0.1741,-0.94217,-1.8608,-2.2526,-2.0666,-1.5239,-0.65176,0.196,0.77823,1.4654,2.0718,2.4925,3.0057,3.484,3.9225,4.2103,4.5252,4.7572,4.8715,4.9209,4.8704,4.7654,4.5493,4.2465,3.8804,3.5795,3.1536,2.7007,2.2411,1.6832,0.79107,0.023956,-1.4127,-3.1881,-5.0148,-5.7942,-5.1928,-3.3583,-1.9047,-0.16259,1.2457,2.3962,3.0675,3.7344,4.248,4.4156,4.4937,4.2729,3.9999,3.4177,2.6643,1.701,0.93317,-0.25058,-1.4928,-2.3655,-3.1839,-3.1972,-2.5562,-1.1435,0.4199,1.8534,2.7832,3.8264,4.6436,5.1428,5.6653,6.0881,6.3567,6.522,6.6358,6.6517,6.5539,6.3251,5.9636,5.5905,4.9763,4.2357,3.3718,2.6128,1.4642,0.07826,-1.1606,-3.2591,-6.1519,-9.2494,-15.202,-12.92,-7.0765,-4.0739,-1.2117,0.84699,1.9969,3.1192,3.8239,4.1376,4.1043,3.6814,2.766,1.6794,-0.49818,-4.0392,-8.6178,-32.985,-9.5499,-3.6235,-1.1499,1.0638,2.4906,3.2007,3.8294,4.1583,4.2732,4.2315,4.0386,3.6859,3.2739,2.515,1.4445,0.40778,-1.3872,-3.7349,-6.5389,-8.4948,-9.2658,-7.7423,-6.3755,-5.0107,-4.2384,-4.1543,-4.5186,-5.6827,-7.8833,-10.619,-15.82,-12.928,-8.323,-3.9952,-1.0674,0.62692,2.3006,3.5247,4.3633,4.7784,5.0632,5.075,4.9005,4.4789,3.8514,3.0216
7.1853,6.5837,5.4663,3.8971,2.3847,-0.23941,-3.7079,-6.7871,-9.5302,-7.7728,-5.4264,-4.1715,-3.1931,-2.872,-2.9254,-3.3024,-3.9682,-4.546,-5.3645,-5.9459,-6.1769,-6.0461,-5.4163,-4.4451,-3.4759,-2.2051,-1.0223,-0.18647,0.57824,1.1277,1.2595,1.1595,0.58831,-0.4763,-1.678,-4.023,-7.4214,-10.849,-9.6032,-5.4945,-2.0884,-0.29197,1.5577,2.9047,3.6338,4.3091,4.6948,4.8219,4.7777,4.5821,4.2663,3.9745,3.5846,3.2962,3.0248,2.8687,2.6312,2.519,2.3756,2.2504,2.188,2.2366,2.3568,2.6641,2.9942,3.24,3.5212,3.6762,3.7309,3.6323,3.4777,3.2245,2.779,2.2139,1.593,1.1252,0.74993,0.40419,0.6312,0.7407,1.0053,1.0044,1.0356,0.76458,0.52094,0.34902,0.23845,0.23569,0.36733,0.65227,1.1706,1.9009,2.5636,3.4889,4.1904,4.6725,4.9279,4.9789,4.7617,4.2715,3.4428,2.2917,1.1918,-0.64634,-3.2135,-6.0631,-12.997,-22.018,-10.227,-3.9682,-0.34446,2.2059,3.5925,5.075,6.1108,6.7259,7.3046,7.5503,7.7329,7.6425,7.476,7.0755,6.735,6.1052,5.3644,4.7302,3.8523,2.9005,1.9868,1.3149,0.51929,-0.18976,-0.68463,-1.2973,-1.8337,-2.0482,-2.0277,-1.3527,-0.11507,0.97284,2.4551,3.8016,4.6497,5.566,6.2177,6.5735,6.6547,6.4946,6.0298,5.4696,4.4927,3.3697,2.6282,2.1829,2.6511,3.779,4.7203,5.8923,6.843,7.3928,7.9215,8.2164,8.2979,8.2363,7.961,7.4712,6.9449,5.9998,4.7025,3.4816,1.3616,-1.4599,-5.2227,-8.2704,-9.3541,-6.576,-4.8041,-3.1642,-2.3857,-2.2068,-2.5064,-3.2927,-4.5296,-5.5443,-6.3761,-5.4957,-3.9108,-1.4844,0.73975,2.1641,3.7488,5.0181,5.9953,6.5584,7.1041,7.4485,7.5668,7.5856,7.442,7.1519
6.1535,5.7267,4.8713,3.5913,2.2915,0.049854,-2.8446,-5.2341,-7.0476,-6.059,-4.3167,-3.2934,-2.5823,-2.4833,-2.7512,-3.578,-4.9204,-6.2138,-8.2173,-9.7121,-9.593,-8.2162,-5.981,-3.7683,-2.3917,-0.7545,0.5545,1.3024,2.0937,2.5009,2.6328,2.4863,1.9696,1.0096,0.0012708,-1.8365,-3.974,-5.3838,-4.9134,-2.6749,-0.34007,1.1955,2.7961,4.0072,4.6904,5.3496,5.777,5.9709,6.0068,5.8906,5.6749,5.4398,5.0629,4.5462,4.1187,3.4406,2.6002,1.5043,0.57345,-0.84817,-2.1957,-2.8745,-2.8567,-2.0952,-1.1173,-0.50212,0.04454,0.27136,0.23652,0.072592,-0.30697,-0.65631,-1.3333,-2.3686,-3.9946,-5.6839,-8.427,-8.2594,-5.9768,-3.0776,-0.72451,0.43577,1.4572,1.9814,2.0136,1.7465,0.98567,-0.28991,-1.6349,-3.8181,-5.0854,-3.4986,-1.4051,1.0389,2.7966,3.6629,4.3547,4.5532,4.3869,3.8398,2.9335,1.8356,0.81492,-0.49279,-1.8454,-2.6649,-3.3787,-3.0878,-2.1646,-0.2921,1.642,3.3368,4.4321,5.5591,6.3951,6.7991,7.0894,7.1662,6.9581,6.6728,6.0665,5.2557,4.5436,3.415,2.1376,1.124,-0.35094,-1.8603,-3.3289,-4.134,-4.7113,-4.4433,-3.8619,-2.7821,-1.6885,-0.89837,0.20917,1.2778,2.3754,3.1754,4.226,5.2092,5.8632,6.6403,7.2618,7.7358,7.988,8.194,8.2583,8.2362,8.1417,8.0385,8.0003,8.0468,8.2517,8.5766,8.8926,9.3223,9.7149,9.9709,10.213,10.347,10.352,10.251,9.9913,9.5634,9.1329,8.3995,7.475,6.6529,5.4293,4.1124,2.8345,2.0481,1.3049,0.9215,0.82829,0.70765,0.47337,0.24671,-0.21842,-0.72424,-1.1483,-1.3517,-1.309,-0.84344,-0.2141,0.8516,2.0713,2.9638,4.1349,5.1713,6.062,6.6316,7.2746,7.7785,8.0976,8.4078,8.6145,8.7393
3.5502,3.6233,3.5087,3.1409,2.711,1.9735,1.1426,0.56776,-0.081634,-0.46478,-0.71016,-0.91262,-1.3398,-1.9778,-2.6966,-4.0224,-5.8768,-7.8112,-11.421,-16.35,-15.721,-11.615,-7.3556,-4.3858,-2.6329,-0.83139,0.55895,1.3357,2.135,2.6002,2.8262,2.7978,2.5974,2.2075,1.8281,1.309,0.89832,0.7153,0.83791,1.2422,1.8856,2.4238,3.1649,3.7435,4.12,4.4613,4.6339,4.6581,4.5785,4.3699,4.0487,3.7721,3.3233,2.7635,2.3429,1.4524,0.37843,-1.2125,-2.8577,-6.0181,-11.686,-21.499,-16.415,-9.2734,-6.1922,-5.0333,-4.5141,-4.8089,-5.4839,-6.524,-7.3366,-7.2493,-6.7248,-6.471,-6.992,-8.0129,-9.3469,-9.1039,-6.5249,-3.2817,-0.80376,0.66563,1.884,2.5914,2.7251,2.4901,1.6582,0.16148,-1.5376,-4.5509,-6.8275,-4.7264,-2.1337,0.50918,2.3405,3.0829,3.662,3.564,3.2006,2.202,0.71943,-1.1447,-2.7376,-4.4042,-4.863,-4.2032,-2.8725,-1.334,-0.24784,1.1522,2.3948,3.4509,4.0902,4.7157,5.1016,5.1919,5.0892,4.8147,4.1301,3.5667,2.4495,1.1541,-0.10541,-1.8772,-3.8797,-5.5022,-7.7387,-10.268,-13.58,-17.75,-25.139,-16.226,-11.656,-7.6441,-4.8356,-3.2492,-1.4812,-0.055604,1.1306,1.9218,2.8602,3.6842,4.2827,5.0076,5.6862,6.3148,6.7403,7.2438,7.6599,7.9212,8.1977,8.4127,8.5459,8.7093,8.8625,9.0153,9.1381,9.2964,9.4471,9.5451,9.643,9.6945,9.6964,9.6191,9.4619,9.2024,8.9389,8.4904,7.9484,7.471,6.7821,6.0419,5.2913,4.7222,4.0023,3.2704,2.7274,1.9085,1.0074,0.20738,-0.91546,-2.1568,-3.2458,-3.8117,-3.9404,-3.3709,-2.5959,-1.3751,-0.12047,0.75092,1.8103,2.7149,3.4977,4.0172,4.6493,5.2363,5.6601,6.2077,6.7312,7.2105
0.11781,0.9024,1.6626,2.1336,2.3221,2.3668,2.2316,2.0349,1.6784,1.2183,0.66859,0.16409,-0.59729,-1.52,-2.3135,-3.4482,-4.6408,-5.4552,-6.365,-6.7065,-6.3892,-5.6465,-4.3157,-2.8372,-1.778,-0.50207,0.52003,1.1731,1.7626,2.1873,2.3331,2.3394,2.1834,1.9233,1.6711,1.3538,1.0742,0.9206,0.90122,1.0158,1.2741,1.5014,1.8375,2.1224,2.2695,2.3257,2.1936,1.8914,1.5495,1.0248,0.44142,0.031274,-0.40008,-0.6025,-0.8125,-0.98061,-1.4361,-2.0229,-2.7437,-3.8556,-5.0158,-5.6528,-5.7464,-5.3799,-4.9712,-4.9385,-5.5063,-7.075,-9.1742,-14.414,-25.417,-16.419,-9.8706,-6.5664,-4.5769,-3.5396,-2.3602,-1.1571,-0.30482,1.0394,2.2075,3.0136,3.8353,4.3572,4.6075,4.6087,4.3868,3.9717,3.5958,3.1768,3.0017,3.1796,3.495,4.0215,4.3565,4.5455,4.4032,3.9032,3.2363,1.8533,-0.16268,-3.2765,-6.6148,-14.35,-13.899,-8.3367,-4.1273,-1.5486,-0.13391,1.2221,2.1972,2.8462,3.1359,3.3091,3.202,3.0013,2.5352,1.7529,0.81316,-0.10379,-1.5736,-3.4076,-5.2036,-8.0413,-11.734,-14.778,-17.717,-17.513,-16.741,-16.198,-15.173,-13.064,-11.125,-8.5234,-6.3868,-4.9634,-3.5129,-2.3452,-1.4624,-0.91857,-0.34927,0.15019,0.55766,1.179,1.9627,2.8476,3.5432,4.434,5.2224,5.71,6.2255,6.5812,6.7534,6.8799,6.908,6.8922,6.8501,6.8146,6.8188,6.8421,6.922,7.0112,7.0835,7.1477,7.1675,7.1278,7.0478,6.8726,6.6229,6.3933,6.0162,5.5792,5.0742,4.648,4.0012,3.2513,2.5631,1.5022,0.18143,-1.0602,-3.1603,-5.9837,-10.261,-14.946,-17.687,-11.44,-8.2761,-5.488,-3.6669,-2.6835,-1.8052,-1.233,-0.85121,-0.61113,-0.25423,0.28656,0.8072,1.6802,2.6645,3.6341
-2.624,-1.124,0.44716,1.5189,2.0661,2.5144,2.6853,2.6449,2.4194,1.9663,1.303,0.69413,-0.302,-1.5043,-2.5004,-3.9134,-5.2123,-5.9541,-6.3429,-6.0824,-5.1719,-4.3141,-3.0518,-1.8043,-0.97464,0.0089096,0.79546,1.2242,1.6086,1.7613,1.6951,1.5305,1.1313,0.57278,0.087504,-0.62709,-1.3045,-1.7861,-1.9895,-1.9042,-1.542,-1.1293,-0.63545,-0.16067,0.0036814,0.010249,-0.31389,-1.0613,-1.8981,-3.4585,-5.3369,-6.6904,-7.3837,-6.4188,-5.2856,-3.6931,-2.5797,-1.8771,-1.4985,-1.2792,-1.158,-1.1277,-1.101,-1.1074,-1.2125,-1.4059,-1.8376,-2.5074,-3.0873,-3.7649,-3.9404,-3.5425,-2.4867,-1.1838,0.10736,1.0052,2.0304,3.0908,3.7012,4.5842,5.3449,5.8098,6.3533,6.7492,7.0105,7.1166,7.1715,7.1449,7.1051,7.0427,7.0129,7.0237,7.0306,7.0177,6.9265,6.7936,6.4266,5.89,5.2981,4.3215,3.1168,1.7538,0.81817,-0.14927,-0.42974,-0.17575,0.4912,1.2763,1.7976,2.3185,2.6128,2.6431,2.5126,2.1111,1.4664,0.85602,-0.093576,-1.2666,-2.2719,-3.2523,-4.4706,-6.0431,-7.4068,-9.9044,-13.156,-16.186,-18.579,-16.814,-14.322,-12.702,-11.059,-9.6674,-8.6471,-7.4485,-6.3069,-5.5762,-4.7797,-4.244,-4.0118,-4.091,-4.5182,-5.2014,-5.7707,-5.7716,-4.4813,-2.3787,-0.79758,1.0074,2.4127,3.1939,3.9056,4.2707,4.34,4.1842,3.8143,3.3021,2.9002,2.4499,2.2115,2.2207,2.4356,2.7993,3.0898,3.4831,3.7981,4.0332,4.1545,4.2517,4.2634,4.2377,4.1444,3.9923,3.7746,3.5612,3.173,2.6595,2.1624,1.3232,0.21597,-0.78579,-2.4689,-4.4663,-6.7,-8.1557,-8.87,-8.0464,-7.0519,-5.8069,-5.0068,-4.6717,-4.6841,-5.1639,-6.1388,-7.1194,-8.3575,-8.4899,-7.3687,-5.0992,-2.8246,-0.8334
-2.3573,-0.85436,0.69449,1.8101,2.3915,2.8922,3.102,3.0953,2.8617,2.4082,1.7068,0.99685,-0.22316,-1.8268,-3.3564,-6.03,-9.8207,-13.726,-16.163,-11.251,-7.2349,-5.1138,-2.9812,-1.4387,-0.51497,0.36786,0.97453,1.2228,1.3653,1.1929,0.8278,0.35991,-0.46438,-1.5852,-2.621,-4.3504,-6.4554,-8.7903,-9.9788,-9.4654,-7.2332,-5.5476,-3.6944,-2.4509,-1.8523,-1.5175,-1.7039,-2.4649,-3.502,-5.649,-9.1441,-13.075,-16.768,-10.989,-7.6462,-4.6047,-2.4944,-1.1,-0.27296,0.54536,1.1362,1.483,1.7828,2.0056,2.1135,2.1364,2.1015,2.044,2.0115,2.017,2.2101,2.4395,2.9,3.4912,4.151,4.6757,5.3582,6.0116,6.5048,7.046,7.5449,7.847,8.1875,8.4416,8.6092,8.6948,8.7654,8.8071,8.8297,8.8502,8.8712,8.8805,8.8758,8.8165,8.7364,8.5612,8.3016,7.8986,7.514,6.9303,6.2473,5.5643,5.0824,4.5165,4.1282,3.8989,3.7479,3.6511,3.5587,3.3909,3.0738,2.563,2.0151,0.98164,-0.36862,-1.7047,-3.7768,-5.8372,-7.3929,-7.8002,-7.5646,-7.3234,-7.1786,-7.4319,-7.894,-8.2534,-8.593,-8.5895,-8.438,-8.2208,-7.9425,-7.6665,-7.4676,-7.1885,-6.7807,-6.4671,-5.9869,-5.6607,-5.6435,-5.996,-7.1321,-9.5895,-13.028,-20.888,-12.426,-6.3392,-3.4715,-0.85042,0.86333,1.7238,2.3628,2.4846,2.2474,1.4892,0.20653,-1.6523,-3.3411,-5.6664,-6.801,-6.25,-4.7051,-3.1706,-2.2528,-1.3206,-0.62884,-0.13405,0.14823,0.42621,0.63056,0.74247,0.91072,1.0887,1.2865,1.421,1.554,1.5606,1.4822,1.1881,0.70137,0.21015,-0.5576,-1.4593,-2.3381,-2.9218,-3.5433,-3.9303,-4.1391,-4.3861,-4.7095,-5.1275,-5.9191,-7.229,-9.2956,-11.634,-16.541,-20.122,-15.655,-10.425,-7.1039,-4.6693
-0.30083,0.57784,1.4527,2.1166,2.4481,2.7024,2.749,2.6697,2.3984,1.981,1.3925,0.80674,-0.15303,-1.4006,-2.5547,-4.3967,-6.5567,-7.9741,-8.5128,-7.1393,-5.0792,-3.638,-2.0835,-0.9368,-0.28182,0.28266,0.53737,0.55951,0.35839,-0.12207,-0.82728,-1.5381,-2.6894,-4.099,-5.3433,-7.4002,-10.059,-13.76,-16.698,-14.953,-10.395,-7.8635,-5.235,-3.5759,-2.6552,-1.9806,-1.788,-1.9871,-2.3951,-3.1292,-3.9486,-4.435,-4.6219,-4.1787,-3.5677,-2.5148,-1.3251,-0.30058,0.41829,1.2774,1.9777,2.4381,2.9145,3.2887,3.5515,3.6925,3.8226,3.9269,3.9931,4.11,4.2864,4.4457,4.7401,5.1085,5.5392,5.8883,6.3867,6.8174,7.1984,7.5312,7.8346,7.9932,8.1287,8.1756,8.1459,8.1074,8.0385,8.0012,8.0063,8.0693,8.1903,8.3375,8.4559,8.5804,8.6596,8.6178,8.5282,8.2813,8.0303,7.6004,7.0633,6.4791,6.0091,5.3859,4.8183,4.4119,3.9618,3.5655,3.2854,2.9251,2.4662,1.8522,1.2134,0.01147,-1.6826,-3.4516,-6.911,-12.712,-23.603,-16.8,-10.574,-7.4923,-6.2122,-5.1988,-4.7386,-4.5989,-4.6964,-4.9625,-5.4197,-5.9582,-6.8621,-8.0416,-9.1134,-10.401,-10.904,-10.362,-8.8614,-7.3536,-6.2063,-5.6395,-5.2739,-5.2025,-5.1444,-4.7226,-3.7091,-2.2978,-1.1931,0.13044,1.1017,1.574,1.82,1.6012,1.1126,-0.028779,-1.8306,-4.5304,-7.4009,-12.651,-16.429,-13.723,-10.404,-8.5444,-7.6792,-6.985,-6.3904,-5.8324,-5.5196,-5.2914,-5.2217,-5.2679,-5.1698,-4.6508,-3.6757,-2.8215,-1.6762,-0.80269,-0.32352,0.035202,0.10974,-0.013633,-0.34712,-0.8839,-1.5359,-2.0702,-2.8215,-3.5493,-4.0552,-4.7166,-5.3261,-5.827,-6.4825,-7.2631,-8.1461,-8.8344,-9.5886,-9.9923,-9.9102,-9.5453,-9.0789,-8.5293
1.314,1.63,1.8785,1.9619,1.9221,1.7339,1.4483,1.192,0.84429,0.49081,0.17149,-0.053807,-0.38648,-0.76115,-1.0799,-1.5268,-1.9063,-2.098,-2.101,-1.8549,-1.4115,-1.0309,-0.56951,-0.18273,-0.034178,0.034836,-0.14121,-0.39086,-1.0017,-1.8093,-2.948,-3.9581,-5.4559,-7.0059,-8.0577,-9.0941,-9.5696,-9.5106,-9.0213,-7.9622,-6.5662,-5.344,-3.8787,-2.725,-1.9961,-1.3537,-1.0369,-0.98962,-1.1095,-1.4463,-1.8792,-2.2237,-2.5591,-2.7738,-2.622,-2.3596,-1.6974,-0.80585,-0.13321,0.80267,1.6251,2.1536,2.7464,3.1438,3.4226,3.5512,3.6421,3.6566,3.6407,3.6251,3.6026,3.649,3.7923,4.0559,4.4502,4.8026,5.3368,5.8063,6.1586,6.4876,6.6571,6.7012,6.561,6.2604,5.821,5.435,4.9263,4.5524,4.4421,4.5988,5.0378,5.6358,6.1043,6.6886,7.0881,7.3386,7.4507,7.374,7.2087,6.7849,6.1992,5.4508,4.7619,3.8097,2.7893,2.1117,1.3505,0.89574,0.7909,0.79992,0.87783,0.85811,0.68106,0.26343,-0.50689,-1.2187,-2.4891,-3.5206,-4.1447,-4.2459,-3.6444,-2.8744,-2.3933,-1.8695,-1.6249,-1.6006,-1.8131,-2.3166,-3.0986,-3.9406,-5.4931,-7.7781,-10.279,-15.692,-23.071,-16.942,-10.784,-7.4109,-5.2357,-4.047,-2.8879,-2.0166,-1.4717,-0.76988,-0.081519,0.61878,1.1087,1.6757,2.0976,2.262,2.2621,1.9723,1.5344,0.65454,-0.57424,-2.1251,-3.4244,-5.1805,-6.7589,-7.8436,-9.274,-11.202,-13.024,-15.311,-14.937,-12.708,-11.453,-10.821,-11.592,-13.358,-18.069,-18.17,-11.433,-8.0741,-5.0117,-2.9872,-2.0036,-1.1422,-0.75178,-0.73085,-1.0259,-1.6046,-2.4408,-3.2331,-4.4175,-5.6974,-6.5917,-7.6246,-8.2397,-8.3786,-8.4149,-8.2576,-8.1746,-8.1836,-8.2985,-8.62,-8.9902,-9.9729,-11.773,-15.573
2.7565,2.6132,2.3144,1.7618,1.2096,0.3015,-0.72709,-1.4931,-2.2832,-2.6111,-2.4246,-2.0268,-1.4209,-0.83445,-0.47149,-0.10477,0.16903,0.31261,0.45261,0.58573,0.66163,0.67875,0.65776,0.53824,0.37394,0.046567,-0.4063,-0.89389,-1.735,-2.8653,-4.3487,-5.8316,-8.4324,-12.079,-15.742,-17.829,-13.725,-9.9622,-7.8716,-5.7285,-3.9691,-2.875,-1.6778,-0.68956,-0.19724,0.30925,0.54891,0.50164,0.30722,-0.20763,-1.014,-1.8013,-3.1464,-4.659,-5.688,-6.0547,-5.0589,-3.0937,-1.6903,-0.088516,1.1483,1.8093,2.4292,2.7617,2.8724,2.838,2.6735,2.3915,2.1284,1.6874,1.1966,0.85797,0.55217,0.65185,1.2662,1.9948,3.0682,4.1471,4.685,5.3134,5.5384,5.4716,5.0638,4.2424,2.9982,1.7294,-0.33516,-2.5295,-3.4671,-2.641,-0.43141,1.7478,3.105,4.5139,5.5483,6.1023,6.5018,6.6265,6.4933,6.0535,5.304,4.2011,3.1321,1.3367,-0.94385,-2.9263,-5.4187,-6.015,-4.8664,-2.7994,-1.0198,0.2418,0.91426,1.4918,1.7712,1.8301,1.8226,1.8027,1.6928,1.7483,1.8527,1.9419,2.0608,2.0938,2.0386,1.8871,1.58,1.0865,0.39182,-0.22818,-1.2457,-2.4152,-3.2807,-4.2331,-4.6458,-4.422,-3.6004,-2.5141,-1.4708,-0.77326,0.014694,0.68748,1.1108,1.6103,2.065,2.4832,2.7779,3.1081,3.3602,3.4757,3.5075,3.3713,3.1407,2.6509,1.9426,1.0439,0.24623,-0.99096,-2.422,-3.7042,-5.7724,-8.4744,-11.04,-14.4,-14.061,-11.555,-10.037,-8.9839,-8.9662,-9.3705,-9.9134,-9.2716,-7.2452,-5.4765,-3.449,-1.9196,-1.1141,-0.43794,-0.21278,-0.29879,-0.77659,-1.6547,-2.962,-4.2446,-6.4519,-9.3397,-12.06,-15.837,-16.556,-14.578,-11.958,-10.015,-8.6487,-7.9078,-7.264,-6.8982,-6.884,-7.0952,-7.6284,-8.2068
4.1316,3.7176,2.9036,1.7651,0.64193,-1.2825,-3.9236,-6.5733,-11.277,-12.833,-8.5263,-5.7289,-3.0766,-1.2423,-0.24238,0.72597,1.3401,1.6362,1.808,1.7895,1.6122,1.3992,1.0369,0.56646,0.22262,-0.3184,-0.86761,-1.3608,-2.0015,-2.8505,-3.9318,-4.8514,-6.5453,-8.5633,-10.006,-10.398,-8.518,-6.0103,-4.334,-2.3845,-0.8849,0.0043327,0.96254,1.7018,2.071,2.3854,2.4942,2.3762,2.1134,1.5343,0.57331,-0.49598,-2.583,-5.9702,-10.079,-16.764,-8.9956,-3.8751,-1.5118,0.56635,1.8337,2.376,2.6301,2.5225,2.0763,1.6174,0.94197,0.29785,-0.18983,-1.0296,-2.2591,-3.8172,-7.0627,-10.207,-6.5281,-2.8971,0.53359,2.9387,4.0799,5.076,5.4983,5.4217,4.8974,3.8415,2.1458,0.39657,-2.7657,-7.2836,-10.421,-7.7708,-3.2617,-0.031396,1.7833,3.6574,5.0522,5.7118,6.3614,6.5863,6.4922,6.0852,5.2747,4.0359,2.9003,0.81058,-1.9373,-4.5853,-9.0857,-10.111,-7.009,-3.3094,-0.67943,1.2249,2.2903,3.3273,4.1018,4.4927,4.9385,5.1522,5.3457,5.4753,5.5283,5.5699,5.5572,5.465,5.2929,5.1037,4.7626,4.3507,3.864,3.4537,2.914,2.397,2.0565,1.7298,1.5572,1.5807,1.6951,1.921,2.1803,2.3434,2.5369,2.6664,2.7428,2.8249,2.9348,3.102,3.2903,3.6207,3.9829,4.2605,4.5673,4.7572,4.813,4.7412,4.4995,4.0997,3.6785,2.999,2.156,1.468,0.42293,-0.60774,-1.3426,-2.0407,-2.3682,-2.3318,-2.1865,-1.9855,-1.786,-1.6319,-1.3647,-0.95314,-0.38048,0.12007,0.76573,1.2895,1.601,1.757,1.6444,1.3647,0.72375,-0.28525,-1.73,-3.0954,-5.3928,-8.3417,-10.979,-14.493,-15.304,-13.827,-11.521,-9.5541,-7.8868,-6.8011,-5.5523,-4.5201,-3.8907,-3.1686,-2.5967,-2.0119
4.9665,4.4194,3.3567,2.0142,0.80828,-1.1027,-3.3642,-5.2698,-7.5174,-8.0084,-6.2111,-4.3967,-2.218,-0.50556,0.46946,1.4216,1.973,2.1604,2.1309,1.7579,1.1254,0.51571,-0.45999,-1.4579,-2.1574,-2.9126,-3.4664,-3.6523,-3.7636,-3.7051,-3.6105,-3.494,-3.3054,-3.0928,-2.824,-2.2471,-1.4274,-0.46356,0.3165,1.2372,2.0213,2.5173,2.9823,3.257,3.4358,3.5135,3.5272,3.5158,3.4596,3.2975,3.0066,2.6617,2.0539,1.3833,1.0027,0.94755,1.441,2.3354,3.081,3.7764,4.0832,4.0162,3.4394,2.2367,0.35891,-1.4983,-4.0615,-5.0141,-4.3187,-3.0459,-2.5504,-2.7766,-3.6017,-3.8556,-2.0493,0.058266,2.6003,4.5066,5.6042,6.369,6.672,6.5786,5.9976,4.976,3.5376,2.2692,0.44384,-1.1363,-1.8393,-1.8634,-0.85522,0.79413,2.104,3.7656,5.0469,5.8236,6.4848,6.7243,6.6909,6.2944,5.5437,4.4935,3.5354,2.1208,0.70364,-0.21743,-0.96028,-0.93216,-0.4418,0.65694,1.9231,3.1548,3.9621,4.8823,5.5868,6.0281,6.4246,6.741,7.0257,7.1141,7.2263,7.279,7.2158,7.098,6.8621,6.6352,6.2364,5.7849,5.3256,4.9866,4.5951,4.3022,4.1385,3.9993,3.9681,3.9487,3.9459,3.8938,3.7701,3.6029,3.2531,2.7228,2.2359,1.5184,0.86435,0.55977,0.68929,1.3694,2.3801,3.1759,4.1374,4.9029,5.329,5.7096,5.8995,5.9068,5.8329,5.6303,5.3536,5.1131,4.7791,4.4367,4.197,3.9382,3.7296,3.5976,3.5072,3.4104,3.344,3.295,3.2602,3.2762,3.3421,3.4221,3.5344,3.6266,3.6342,3.5383,3.2867,2.9561,2.3068,1.4197,0.26846,-0.79072,-2.3936,-4.1749,-5.5921,-7.2901,-8.6751,-9.516,-9.9068,-9.4886,-8.0929,-6.6973,-4.7562,-3.0336,-1.8715,-0.62394,0.37695,1.134
5.4008,4.6489,3.4382,1.9886,0.7984,-0.79575,-2.1881,-2.9274,-3.3905,-3.1004,-2.256,-1.4583,-0.17928,0.95388,1.6699,2.3256,2.6462,2.6071,2.1984,1.339,-0.040244,-1.4468,-3.8203,-6.4873,-8.5102,-10.063,-10.294,-9.8218,-9.0551,-7.5393,-5.6402,-4.3152,-2.5397,-1.0318,-0.051857,1.0488,1.9857,2.7715,3.2321,3.6762,3.9434,3.9776,3.8356,3.4509,3.0752,2.6027,2.3522,2.5314,2.9685,3.7262,4.5145,5.0579,5.6403,6.1229,6.3662,6.7692,7.1367,7.4161,7.5639,7.6008,7.3598,6.9363,5.9889,4.409,2.0074,-0.53347,-4.9426,-6.1501,-3.4089,-0.20162,1.8561,2.9351,3.9915,4.9027,5.8355,6.5603,7.5181,8.233,8.6951,8.9686,8.89,8.615,7.9102,6.7429,5.1543,3.6095,0.92157,-2.7273,-6.2132,-8.6327,-4.364,-0.40397,1.8104,3.9213,5.4576,6.2896,6.8872,7.1315,7.0563,6.5781,5.7356,4.55,3.3087,1.4734,-0.41867,-1.6206,-2.0075,-1.0846,0.0037632,1.6173,3.0424,4.1546,4.8383,5.4998,5.9118,6.1429,6.3158,6.5604,6.711,6.8547,7.0804,7.1821,7.204,7.0786,6.7669,6.3961,5.7737,4.997,4.1769,3.6532,3.138,2.9629,3.0493,3.3297,3.6734,3.8743,4.0692,4.0753,3.8466,3.5146,2.7676,1.6258,0.40064,-1.9083,-5.468,-10.368,-10.437,-5.1388,-1.1638,0.91553,2.9214,4.3118,5.0397,5.6949,6.0699,6.2534,6.3303,6.3873,6.4728,6.5397,6.6834,6.8163,6.9158,6.9723,6.96,6.8342,6.6773,6.3836,5.9728,5.6142,5.1121,4.6447,4.2883,4.1204,4.0551,4.1064,4.1281,4.1478,4.0231,3.8111,3.3394,2.638,1.7646,0.97224,-0.27741,-1.7183,-2.9692,-4.9504,-7.555,-10.221,-16.697,-25.181,-12.494,-8.1069,-4.2733,-1.5787,-0.0968,1.4379,2.5127,3.1671
5.6623,4.6597,3.0215,0.94848,-0.92492,-3.8161,-6.7812,-8.0995,-7.3597,-5.0367,-2.6753,-1.1179,0.61,1.9864,2.7824,3.493,3.8001,3.7358,3.1961,2.118,0.38814,-1.5268,-5.1247,-10.621,-17.455,-21.922,-17.353,-18.306,-24.862,-16.82,-8.8551,-5.2674,-1.9281,0.46895,1.8054,3.1902,4.1818,4.8546,5.163,5.3669,5.2469,4.9102,4.1058,2.7885,1.1852,-1.869,-5.7669,-4.9358,-1.4299,2.3449,4.9891,6.4631,7.9379,9.0141,9.6346,10.233,10.686,10.971,11.047,11.041,10.856,10.584,10.041,9.3393,8.5055,7.8985,7.2894,7.1196,7.3091,7.8673,8.5721,9.0932,9.7274,10.287,10.771,11.076,11.417,11.633,11.646,11.621,11.351,10.979,10.284,9.3064,7.9728,6.7218,4.6557,2.2055,0.45074,-0.47275,0.91964,3.0641,4.483,5.974,7.0065,7.4657,7.8667,7.9416,7.7504,7.2496,6.3746,5.0057,3.5565,0.83854,-3.6754,-9.9783,-13.655,-4.0345,-0.56981,2.2589,3.9952,5.0218,5.3958,5.4617,5.1476,4.6586,4.0807,3.6503,3.7775,4.3381,5.1059,5.7695,6.123,6.1961,5.872,5.3217,4.1681,2.4741,0.21657,-1.7633,-3.7425,-3.3297,-1.8382,0.18605,1.6858,2.5292,3.217,3.5327,3.4904,3.2262,2.5983,1.6322,0.68804,-1.0031,-2.943,-4.373,-4.2325,-2.324,0.085482,1.6367,3.2753,4.4091,4.9578,5.3088,5.2865,5.031,4.7716,4.6174,4.8752,5.3819,6.2624,7.1834,7.7662,8.334,8.6275,8.6137,8.4095,7.8488,6.9393,6.044,4.5652,2.9109,1.5184,1.0599,1.3811,2.2437,2.9208,3.5565,3.8411,3.8381,3.59,3.0862,2.3932,1.8069,0.94427,-0.0065805,-0.75879,-1.8897,-3.1783,-4.135,-5.0297,-4.9822,-3.6207,-2.1472,-0.081534,1.7434,2.911,4.1329,5.0121,5.5121
4.4607,3.395,1.5349,-0.89835,-3.1221,-6.8379,-11.489,-14.203,-11.935,-7.7556,-4.4482,-2.4137,-0.26221,1.4382,2.4029,3.3598,3.8817,4.0181,3.8205,3.1702,2.0783,0.99321,-0.78993,-2.785,-4.2872,-5.8131,-6.9239,-7.4529,-7.3121,-5.9465,-3.6081,-1.9107,0.16254,1.7858,2.7356,3.6781,4.3072,4.6878,4.8541,4.891,4.7147,4.4446,3.8207,2.7877,1.7536,-0.03208,-1.5452,-0.90927,0.93994,3.633,5.8881,7.2406,8.6498,9.68,10.29,10.835,11.192,11.424,11.529,11.581,11.575,11.548,11.475,11.383,11.295,11.24,11.217,11.259,11.337,11.506,11.693,11.817,11.961,12.052,12.083,12.069,11.979,11.89,11.75,11.53,11.268,11.015,10.557,10.027,9.3606,8.7868,7.9953,7.2539,6.7973,6.4474,6.3932,6.5441,6.7079,6.9107,6.9587,6.9474,6.8771,6.6756,6.4988,6.2265,5.8246,5.2213,4.6789,3.7708,2.8082,2.2753,2.2445,2.9345,3.6765,4.6198,5.2552,5.4507,5.223,4.393,2.7808,0.8206,-3.3441,-11.472,-7.4708,-2.8771,0.76523,2.8472,3.6497,4.1312,3.9495,3.4369,2.1408,0.1411,-2.8105,-5.8078,-10.073,-8.5809,-5.666,-2.7547,-0.86612,0.066327,0.83984,1.1987,1.2409,1.0815,0.68598,0.13413,-0.32807,-0.83631,-1.0993,-0.98796,-0.57909,0.26364,1.3237,2.1205,3.0389,3.636,3.7997,3.5463,2.6133,0.73551,-1.5529,-5.8528,-5.5682,-1.6535,2.3605,5.0265,6.3932,7.6256,8.2801,8.4524,8.2573,7.5584,6.3217,4.9541,2.2941,-1.9731,-10.613,-21.747,-6.1351,-1.5611,0.25405,1.5082,1.963,1.9062,1.4297,0.67157,-0.27191,-0.94222,-1.586,-1.9001,-1.9428,-1.844,-1.6253,-1.4504,-1.0233,-0.39732,0.44916,1.2188,2.3316,3.4589,4.2726,5.2179,5.9736,6.5071
2.1063,1.0743,-0.69424,-2.8824,-4.7633,-7.3875,-9.7346,-10.774,-10.533,-8.7734,-6.3027,-4.4484,-2.2775,-0.46493,0.64123,1.7814,2.5592,2.9188,3.1402,3.0672,2.7213,2.3515,1.7396,1.032,0.52529,-0.045798,-0.44579,-0.53218,-0.46433,-0.16707,0.35735,0.82285,1.3521,1.7541,1.9395,1.9797,1.8509,1.6228,1.4541,1.3098,1.3829,1.5618,1.8504,2.0951,2.2952,2.5796,3.006,3.6554,4.2867,5.2676,6.2285,6.8643,7.5804,8.0787,8.3155,8.4852,8.4729,8.3688,8.3103,8.266,8.353,8.5226,8.8695,9.2682,9.6854,9.9738,10.303,10.554,10.685,10.762,10.727,10.629,10.389,10.03,9.5752,9.1986,8.6865,8.2031,7.9877,7.6971,7.5531,7.5213,7.4932,7.4192,7.3275,7.2191,7.0431,6.8179,6.6276,6.3496,6.0293,5.6104,5.2119,4.5108,3.6623,2.994,2.006,1.3558,1.3023,1.6576,2.319,3.0145,3.4555,3.8687,4.2091,4.452,4.733,5.0272,5.2417,5.4317,5.4482,5.1867,4.7897,3.9207,2.5912,1.3297,-0.50491,-1.9736,-1.9252,-0.99989,0.30878,1.2691,1.7012,1.9016,1.6617,1.2252,0.3802,-0.72956,-2.0061,-2.8993,-3.7819,-4.1581,-4.1201,-3.8121,-3.4753,-3.2867,-3.1318,-3.1549,-3.3839,-3.6817,-4.3183,-5.1621,-5.8858,-6.5505,-6.6067,-5.7427,-4.6303,-2.9243,-1.3126,-0.23326,0.90292,1.6548,1.9299,1.8756,1.2879,0.093593,-1.0779,-2.4775,-2.1065,-0.50949,1.9438,3.9874,5.172,6.278,6.9195,7.1343,7.0282,6.5457,5.6838,4.7723,3.2873,1.621,0.17237,-0.43579,-0.49616,-0.1181,0.11704,0.13327,-0.3203,-1.0226,-2.513,-4.7265,-7.7114,-10.2,-11.843,-10.021,-8.2136,-6.2225,-4.7502,-3.8886,-2.9721,-2.0763,-1.1767,-0.45499,0.55449,1.6162,2.3861,3.4115,4.3152,5.0936
0.34798,-0.59184,-2.2263,-4.327,-6.3163,-9.794,-15.194,-23.389,-21.517,-12.888,-8.4808,-6.0921,-3.7463,-1.9184,-0.81065,0.35036,1.2263,1.7044,2.1622,2.4351,2.5472,2.549,2.4829,2.3443,2.2419,2.0956,1.9771,1.9351,1.8705,1.8218,1.7527,1.6896,1.4373,0.99347,0.47928,-0.5142,-1.9354,-3.7735,-5.2746,-6.5441,-5.6632,-4.1435,-2.0209,-0.26187,0.81953,2.0051,2.9748,3.7797,4.3048,4.9092,5.3805,5.6122,5.7707,5.6995,5.4688,4.9705,4.1799,3.1384,2.3464,1.5468,1.5425,2.1658,3.5018,4.9036,6.1415,6.9076,7.6912,8.216,8.4481,8.5129,8.3307,8.0334,7.3903,6.4722,5.2863,4.2412,2.7625,1.3668,0.81042,0.60239,1.0262,1.5767,2.3306,2.9333,3.4564,3.7785,4.0946,4.2775,4.3216,4.2286,3.9287,3.35,2.7116,1.4114,-0.47962,-2.4034,-6.5412,-13.074,-12.701,-6.4834,-2.5403,0.00146,1.2937,2.571,3.5101,4.0534,4.5714,4.9397,5.1256,5.236,5.1844,4.9592,4.6928,4.1903,3.5452,3.032,2.3436,1.7171,1.3434,1.2169,1.0575,0.84167,0.65212,0.23921,-0.33152,-0.88919,-1.7011,-2.6371,-3.599,-4.3439,-5.215,-6.0159,-6.5412,-7.1299,-7.6244,-7.9035,-8.1655,-8.3908,-8.6761,-8.9924,-9.7954,-11.326,-13.277,-18.186,-29.412,-16.35,-11.358,-7.1365,-4.2317,-2.5674,-0.89181,0.3162,0.96382,1.5367,1.8472,1.9813,2.062,2.2632,2.6596,3.1356,3.8771,4.6414,5.1663,5.7139,6.0652,6.1831,6.131,5.8791,5.4292,4.9754,4.2814,3.5413,2.8247,2.3447,1.7716,1.1857,0.68748,-0.098878,-1.1863,-2.2658,-4.1442,-6.7204,-10.109,-13.025,-15.002,-12.932,-10.989,-9.1288,-7.9898,-7.381,-6.8593,-6.3454,-5.695,-5.0146,-3.8602,-2.5066,-1.4516,-0.024965,1.2916,2.476
-0.38914,-1.0808,-2.2354,-3.5811,-4.7003,-6.2884,-7.7144,-8.3662,-8.3146,-7.3387,-5.8962,-4.7789,-3.397,-2.2071,-1.4433,-0.5803,0.12135,0.55749,1.0308,1.4287,1.766,1.9643,2.1813,2.3662,2.4817,2.5807,2.648,2.6486,2.6027,2.486,2.2501,1.9797,1.4634,0.70411,-0.084912,-1.5091,-3.5408,-6.5318,-9.8226,-14.763,-11.289,-7.472,-3.8657,-1.3903,-0.058835,1.3536,2.4142,3.1983,3.6296,4.0224,4.2259,4.2469,4.0593,3.6257,3.0823,2.0168,0.43648,-1.9999,-4.9257,-12.383,-17.732,-7.9961,-2.3259,0.96465,3.1495,4.3382,5.4653,6.1716,6.4575,6.534,6.2684,5.8263,4.8858,3.4775,1.4768,-0.55919,-4.3933,-10.483,-18.552,-12.295,-7.3385,-5.2191,-3.3586,-2.0652,-1.0303,-0.3138,0.54191,1.2684,1.6973,2.0524,2.1208,1.8794,1.462,0.5581,-0.7273,-1.9829,-3.8862,-5.3071,-5.2553,-3.7827,-1.8454,-0.12903,0.93266,2.0882,2.9623,3.4723,3.9944,4.3597,4.5363,4.6649,4.6588,4.5398,4.3793,4.0714,3.6788,3.3433,2.8019,2.2717,1.7413,1.2844,0.62267,-0.10318,-0.67603,-1.5741,-2.5646,-3.3594,-4.4941,-5.6524,-6.796,-7.69,-8.8867,-10.134,-11.128,-12.592,-14.064,-14.9,-15.419,-14.998,-14.038,-13.358,-12.687,-12.492,-12.547,-12.769,-12.265,-10.584,-8.7633,-6.2822,-4.0836,-2.6676,-1.1069,0.1374,0.8926,1.6889,2.2952,2.7843,3.0738,3.4511,3.8123,4.0835,4.4411,4.7707,4.9752,5.2015,5.3367,5.3646,5.3211,5.1645,4.9011,4.6519,4.2462,3.7836,3.2752,2.8585,2.2745,1.6077,1.0491,0.19494,-0.81814,-1.7022,-3.0158,-4.4391,-5.8669,-6.8291,-7.8072,-8.424,-8.7285,-9.158,-9.7958,-10.448,-11.645,-13.202,-14.174,-13.646,-11.251,-8.3857,-6.3762,-4.0825,-2.0995,-0.44272
-0.43699,-0.89617,-1.5561,-2.2751,-2.8145,-3.4324,-3.8855,-4.0712,-4.0592,-3.8107,-3.3762,-3.01,-2.4588,-1.9685,-1.6505,-1.2898,-0.97665,-0.7381,-0.3976,-0.0070412,0.44622,0.82238,1.325,1.8078,2.1173,2.4818,2.7495,2.875,2.9694,2.9423,2.7905,2.5589,2.1482,1.5679,1.0208,0.1605,-0.81017,-1.7917,-2.4059,-2.7555,-2.4253,-1.7859,-0.74806,0.3714,1.1336,2.0007,2.6713,3.1593,3.3956,3.546,3.516,3.3982,3.0913,2.6226,2.1903,1.391,0.36961,-0.82385,-1.7332,-2.6663,-2.5957,-1.7547,-0.072699,1.6774,3.1635,4.0664,4.9927,5.5944,5.8396,5.9228,5.6877,5.2873,4.4513,3.2211,1.5457,-0.017492,-2.4739,-5.0929,-6.4655,-7.1461,-7.0598,-7.1119,-7.2628,-7.1872,-6.2865,-4.9987,-3.0031,-1.219,-0.16081,0.89336,1.5502,1.8652,1.8798,1.7265,1.377,0.99052,0.56842,0.34242,0.34596,0.5527,0.9687,1.4823,1.939,2.4693,2.9263,3.2187,3.559,3.804,3.9314,4.0353,4.065,4.0138,3.9083,3.6949,3.4009,3.1094,2.6543,2.1253,1.4314,0.7923,-0.14502,-1.2023,-2.1413,-3.5231,-5.0639,-6.2705,-7.9334,-9.5096,-10.955,-11.834,-13.039,-14.293,-15.467,-17.619,-21.109,-25.557,-46.793,-24.19,-18.247,-15.581,-12.998,-11.12,-10.001,-8.6299,-7.3387,-5.944,-4.9034,-3.4654,-2.0978,-1.1598,-0.03624,0.92803,1.5373,2.2236,2.7744,3.2116,3.4801,3.7616,3.9935,4.1166,4.2592,4.3626,4.4157,4.4558,4.4559,4.4299,4.375,4.261,4.1045,3.9614,3.7228,3.4325,3.0896,2.7937,2.3314,1.8188,1.387,0.7025,-0.067754,-0.6916,-1.6163,-2.6077,-3.6039,-4.3557,-5.3696,-6.406,-7.2531,-8.4942,-9.9634,-11.431,-13.973,-17.719,-22.897,-22.173,-16.284,-11.792,-9.2991,-6.5669,-4.3525,-2.5313
-0.23944,-0.57369,-1.0555,-1.5727,-1.9342,-2.2966,-2.4721,-2.4859,-2.3722,-2.1314,-1.89,-1.731,-1.6298,-1.6747,-1.8205,-2.1553,-2.5698,-2.8347,-2.9127,-2.5446,-1.7446,-0.96187,0.12078,1.0943,1.7312,2.4369,2.9668,3.2802,3.5484,3.669,3.6631,3.585,3.3605,3.0339,2.7436,2.3195,1.9015,1.5633,1.4107,1.3775,1.5424,1.7755,2.1974,2.681,3.0607,3.4531,3.7203,3.8294,3.8096,3.6436,3.3309,3.0211,2.5951,2.1766,1.8985,1.6547,1.4979,1.4352,1.4838,1.7255,2.1582,2.6109,3.3409,4.15,4.9244,5.44,6.0137,6.4404,6.653,6.7677,6.6839,6.4918,6.0362,5.349,4.4366,3.623,2.402,1.0961,-0.046131,-1.5292,-3.2947,-5.1127,-9.0074,-18.141,-16.12,-8.9283,-4.0617,-1.1125,0.41849,1.8475,2.7818,3.3313,3.5652,3.6734,3.5897,3.4774,3.2829,3.0709,2.9122,2.7624,2.6816,2.6736,2.6767,2.7345,2.8442,2.9461,3.0832,3.218,3.3151,3.4054,3.4672,3.476,3.4492,3.3597,3.1818,2.9742,2.6474,2.1198,1.3899,0.73908,-0.32071,-1.6697,-2.9334,-4.8901,-7.2583,-9.376,-12.497,-15.57,-17.388,-17.648,-17.222,-16.96,-17.01,-17.413,-17.818,-18.158,-17.699,-16.13,-13.841,-12.065,-9.8473,-7.9519,-6.7175,-5.1571,-3.7865,-2.5632,-1.706,-0.66728,0.26563,0.88788,1.6281,2.2521,2.6516,3.1005,3.4526,3.6964,3.8384,3.9234,3.9226,3.879,3.7614,3.6146,3.5135,3.3742,3.271,3.2031,3.1637,3.1261,3.0877,3.0358,2.9571,2.8468,2.7008,2.5747,2.3428,2.0471,1.7616,1.3181,0.77526,0.32108,-0.35924,-1.1187,-1.9441,-2.6011,-3.5447,-4.5718,-5.4225,-6.6736,-8.0587,-9.1672,-10.736,-12.057,-12.768,-12.71,-11.752,-10.102,-8.6344,-6.6719,-4.8449,-3.222
0.010652,-0.33233,-1.1126,-2.0713,-2.7519,-3.3886,-3.3881,-2.9771,-2.1883,-1.3873,-0.78214,-0.5103,-0.50108,-0.8886,-1.4981,-2.8518,-5.02,-7.3756,-10.894,-9.9001,-5.8526,-3.3949,-0.97005,0.76038,1.7503,2.7176,3.4362,3.8454,4.2342,4.4916,4.6048,4.6236,4.4983,4.2553,4.0121,3.6336,3.274,3.0299,2.9721,3.0477,3.3091,3.5957,4.075,4.5026,4.7689,5.0122,5.0709,4.887,4.583,3.9458,3.0656,2.2608,1.1478,0.29612,-0.011033,0.29642,1.1351,2.1118,2.8026,3.6765,4.4601,4.9904,5.6173,6.1479,6.6157,6.9234,7.2784,7.6018,7.8272,8.0747,8.2726,8.3685,8.3847,8.2562,7.967,7.6394,7.0556,6.3316,5.7214,4.6822,3.4915,2.5314,1.3188,0.49624,0.54849,1.1517,2.3408,3.5103,4.2675,5.0301,5.5369,5.818,5.9118,5.8557,5.6826,5.5241,5.1685,4.6948,4.2905,3.736,3.1603,2.6263,2.2276,1.8985,1.7675,1.7756,1.8492,1.9913,2.0993,2.2315,2.3429,2.4693,2.5918,2.7407,2.8334,2.8612,2.7305,2.3983,1.9087,1.4215,0.46587,-0.88204,-2.1471,-4.2367,-7.0029,-9.5881,-14.339,-21.379,-26.326,-22.516,-19.09,-17.62,-16.904,-15.965,-14.833,-13.884,-12.301,-10.505,-8.6565,-7.2673,-5.5482,-3.8956,-2.7581,-1.4425,-0.27664,0.69455,1.3298,2.02,2.5613,2.8849,3.2214,3.4705,3.63,3.7961,3.9228,3.9954,3.9751,3.8595,3.5706,3.2699,2.7234,2.0969,1.6416,1.1833,0.9815,0.98639,1.1034,1.2846,1.4211,1.4884,1.5625,1.6545,1.7768,1.8709,2,2.0156,1.9466,1.7642,1.4353,1.0774,0.54215,-0.046908,-0.72465,-1.2562,-1.9838,-2.7758,-3.4261,-4.4732,-5.7715,-6.8851,-8.6035,-10.637,-12.63,-13.499,-12.719,-10.334,-8.3697,-6.1018,-4.2971,-2.9258
0.51724,-0.0017097,-1.4979,-4.1538,-7.3427,-13.885,-11.735,-7.155,-3.3699,-1.1501,0.19376,0.74612,1.032,0.79822,0.27661,-0.89604,-2.7212,-4.4362,-6.4959,-6.0571,-3.6378,-1.8493,-0.010941,1.2233,1.8231,2.4021,2.8332,3.1106,3.5559,3.9963,4.3243,4.417,4.355,3.9948,3.5201,2.6719,1.7084,0.91004,0.65252,0.98835,1.9312,2.7929,3.8779,4.7631,5.2256,5.6383,5.7307,5.4797,5.0158,3.9609,2.2924,0.48618,-3.167,-9.478,-12.748,-6.2226,-1.5774,1.2826,2.7472,4.1692,5.1768,5.7238,6.2217,6.4731,6.5551,6.5538,6.5598,6.682,6.9237,7.5006,8.2446,8.8145,9.5158,10.065,10.42,10.553,10.569,10.385,10.196,9.8146,9.3292,8.9493,8.4806,8.132,7.9309,7.866,7.8651,7.879,7.8481,7.7556,7.5687,7.3137,7.0642,6.7148,6.3423,5.9726,5.3819,4.639,3.9578,2.7768,1.2933,-0.43437,-1.5841,-2.6106,-2.7191,-2.3376,-1.6736,-1.2472,-1.1485,-1.154,-1.1746,-0.93155,-0.55148,0.15894,0.91788,1.3988,1.7651,1.9789,1.9466,1.704,1.1174,0.26485,-0.53187,-1.9656,-3.7523,-5.343,-7.5834,-9.8813,-11.847,-13.18,-15.108,-17.532,-19.614,-19.935,-16.374,-13.259,-10.186,-7.611,-5.4944,-4.0738,-2.4144,-0.92201,0.094806,1.2172,2.1419,2.8714,3.2344,3.5115,3.5482,3.4374,3.1387,2.7931,2.5743,2.4426,2.5166,2.7074,2.7716,2.6887,2.2578,1.601,0.25964,-1.6799,-3.512,-5.5306,-5.6141,-4.1747,-3.1172,-2.2592,-1.9957,-2.0333,-2.2134,-2.114,-1.5263,-0.89799,-0.026183,0.64339,0.95567,1.0189,0.77503,0.403,-0.2694,-1.0097,-1.6311,-1.9753,-2.2626,-2.4707,-2.6587,-3.07,-3.8358,-4.7437,-6.5033,-9.1727,-13.513,-17.683,-15.031,-9.6892,-6.992,-4.4855,-2.9752,-2.1965
1.5404,1.1264,0.12008,-1.4261,-2.8039,-4.2501,-4.0978,-3.0372,-1.3695,-0.063734,0.79811,1.2013,1.4844,1.5058,1.3892,1.1139,0.76825,0.5323,0.35724,0.41474,0.63579,0.76874,0.77132,0.3806,-0.22996,-1.3389,-2.39,-2.5131,-1.5094,0.0083924,1.2748,1.8404,2.0958,1.6885,0.89754,-0.90198,-3.9846,-9.4788,-15.419,-9.2365,-3.7718,-1.2854,0.98966,2.5726,3.4027,4.1171,4.4568,4.4444,4.1873,3.4841,2.3017,1.1094,-0.79529,-2.5303,-3.0906,-2.24,-0.58982,0.9768,1.9873,2.9724,3.6474,3.9538,4.0851,3.8702,3.1824,2.3189,0.76867,-0.66968,-0.6272,1.41,4.0533,5.7974,7.6727,9.0648,10.057,10.588,11.056,11.297,11.307,11.273,11.131,10.972,10.683,10.352,9.9709,9.647,9.1165,8.4749,7.8909,6.9888,5.9764,4.9537,4.2618,3.6306,3.2221,2.9364,2.5774,1.9996,1.2957,-0.21462,-2.5635,-6.3643,-10.982,-31.917,-13.964,-9.4744,-6.7903,-6.1028,-6.4883,-8.2536,-11.207,-12.313,-9.9127,-6.2913,-3.8058,-2.594,-1.4216,-0.75466,-0.49611,-0.48526,-0.50666,-0.63633,-0.84998,-1.3848,-2.1202,-2.8425,-3.9934,-5.3201,-6.9407,-8.2426,-10.454,-13.193,-15.368,-15.944,-13.27,-11.093,-8.569,-6.5907,-4.8939,-3.7407,-2.2675,-0.93882,-0.022148,1.0774,1.923,2.461,2.6329,2.512,1.9247,1.1229,-0.46765,-2.6409,-4.3728,-5.307,-3.9096,-2.0187,-0.89706,-0.12506,-0.078598,-0.5931,-2.0298,-4.6093,-7.6162,-12.801,-11.877,-8.0504,-6.3731,-5.6146,-6.3079,-7.9304,-12.22,-17.22,-10.777,-7.0773,-4.0998,-2.3962,-1.7533,-1.6137,-2.1681,-2.9566,-4.6342,-6.8874,-8.7259,-8.8861,-7.5153,-5.7478,-4.7039,-3.7153,-3.1971,-3.0952,-3.2933,-3.732,-4.1402,-4.2806,-3.9754,-3.2395,-2.5667,-1.8938,-1.5292,-1.637
2.5292,2.3832,2.0322,1.5576,1.1866,0.77292,0.52294,0.44015,0.38945,0.31532,0.13369,-0.044483,-0.30195,-0.415,-0.33903,-0.06074,0.37715,0.70862,1.1121,1.3709,1.4057,1.2148,0.54632,-0.75168,-2.3058,-5.7757,-12.712,-18.388,-8.7515,-4.0332,-1.5242,-0.44412,0.14052,0.0070185,-0.5071,-1.7499,-3.4867,-5.3142,-6.1413,-5.6722,-4.167,-2.9189,-1.5702,-0.43408,0.30725,1.0931,1.7063,2.0887,2.2272,2.1981,1.9061,1.564,0.97791,0.40401,0.10507,-0.25415,-0.46789,-0.54697,-0.46623,-0.25123,0.087302,0.33864,0.52579,0.37369,-0.36822,-1.4958,-4.1077,-8.2322,-9.1868,-3.9586,0.49883,2.8693,5.1804,6.8237,7.9815,8.6015,9.1631,9.5142,9.6322,9.6671,9.6199,9.5264,9.3381,9.0402,8.6092,8.1757,7.3981,6.3256,5.2893,3.462,1.0269,-2.1419,-4.5809,-6.1016,-4.7152,-3.2115,-1.9538,-1.5283,-1.6882,-2.3585,-3.537,-5.1079,-6.1595,-7.1969,-7.3122,-7.0693,-6.7242,-6.8628,-7.4785,-9.1298,-11.333,-12.118,-10.752,-8.4247,-6.776,-5.995,-5.6414,-5.8105,-5.9076,-5.61,-4.8695,-4.0265,-3.5129,-2.9303,-2.6823,-2.6682,-2.935,-3.4454,-4.1405,-4.7938,-5.6813,-6.561,-7.0846,-7.5191,-7.6977,-7.6358,-7.554,-7.5097,-7.2967,-6.8723,-5.6902,-4.0401,-2.7684,-1.2205,-0.049214,0.64883,0.88388,0.72786,-0.01779,-1.0209,-3.1217,-6.4117,-9.857,-12.365,-8.4766,-5.0285,-3.328,-1.9722,-1.3862,-1.2936,-1.6105,-2.3066,-2.8944,-3.5775,-3.9352,-3.9916,-4.1083,-4.4805,-5.3666,-6.3952,-7.8912,-8.5638,-7.5666,-6.2878,-4.7574,-3.8354,-3.5877,-3.7459,-4.6186,-5.7873,-8.1672,-11.926,-17.354,-17.563,-12.373,-8.6326,-6.6592,-4.794,-3.4778,-2.7199,-1.9791,-1.4846,-1.1136,-0.86517,-0.58499,-0.36752,-0.29983,-0.36975,-0.66696,-1.2492
2.543,2.524,2.3723,2.1288,1.9013,1.5562,1.1299,0.72438,0.0021407,-0.97561,-2.3169,-3.6324,-5.7013,-7.2138,-6.9022,-4.8448,-2.5691,-1.1549,0.24846,1.1597,1.6255,1.7153,1.4757,0.86527,0.21079,-0.84458,-1.7238,-1.9773,-1.7188,-1.0722,-0.43197,-0.11237,0.0071899,-0.21413,-0.56735,-1.2649,-2.0915,-2.9361,-3.5095,-4.1107,-4.5542,-4.7687,-4.9458,-4.8607,-4.4492,-3.4966,-2.3308,-1.2279,-0.55059,0.087568,0.43064,0.46596,0.24621,-0.2982,-0.90737,-2.0155,-3.5379,-5.4321,-6.9225,-7.6003,-6.3132,-4.8574,-3.174,-2.0758,-1.4624,-1.2468,-1.1482,-0.92505,-0.48136,0.51985,1.7973,2.7914,3.9787,4.9245,5.5978,5.9221,6.1488,6.1892,6.2136,6.108,6.001,5.946,5.9284,5.8838,5.7323,5.4835,4.9344,4.0118,3.0324,1.2261,-1.3227,-4.888,-8.0081,-9.7931,-7.4634,-5.6589,-4.1539,-3.5093,-3.4255,-3.6284,-4.0479,-4.473,-4.722,-4.9357,-4.9289,-4.8642,-4.7954,-4.7894,-4.9115,-5.2033,-5.5094,-5.7613,-5.9102,-6.1503,-6.6832,-7.4829,-9.5186,-13.175,-19.245,-18.968,-12.631,-8.6442,-6.6423,-4.8799,-3.7935,-3.2795,-2.8914,-2.7931,-2.865,-3.0592,-3.4028,-3.8258,-4.2044,-4.8422,-5.6568,-6.4685,-8.0827,-10.677,-15.502,-21.027,-15.089,-8.995,-6.1231,-3.438,-1.699,-0.6145,-0.19399,-0.065362,-0.37183,-0.83482,-1.7114,-2.6813,-3.3022,-3.7225,-3.6048,-3.1199,-2.6735,-2.07,-1.6099,-1.3541,-1.1834,-1.1441,-1.1725,-1.2942,-1.4827,-1.6882,-1.8992,-2.2652,-2.7257,-3.0963,-3.5341,-3.7959,-3.8845,-3.8125,-3.737,-3.7626,-3.9087,-4.3278,-5.0355,-5.8081,-6.9951,-8.2224,-9.0829,-9.2743,-8.8731,-7.861,-6.8548,-5.4107,-4.0227,-3.0608,-1.9308,-1.0061,-0.30773,0.093182,0.43313,0.55443,0.47873,0.19707,-0.39072,-1.2923
0.79926,0.78317,0.72001,0.61209,0.49763,0.27176,-0.066896,-0.43252,-1.1295,-2.216,-3.8538,-5.6793,-9.1917,-13.652,-12.617,-7.5696,-3.8738,-1.9027,-0.034057,1.2166,1.9969,2.3287,2.5064,2.4253,2.2332,1.8926,1.5349,1.2978,1.0036,0.75583,0.46289,0.17743,-0.26589,-0.84827,-1.3846,-2.1772,-3.0905,-4.0948,-4.9156,-6.2196,-7.8669,-9.5652,-12.527,-16.185,-16.322,-11.862,-7.971,-5.1863,-3.6885,-2.27,-1.3984,-1.0701,-1.0166,-1.4323,-2.1458,-3.5586,-5.7905,-9.2851,-13.173,-16.926,-11.443,-8.1227,-5.2398,-3.4457,-2.2543,-1.6049,-0.93104,-0.35902,0.069424,0.64505,1.2363,1.6656,2.1414,2.4409,2.5057,2.3793,1.9584,1.2282,0.55177,-0.24077,-0.66607,-0.53897,0.091096,0.95461,1.6949,2.0641,2.2492,2.083,1.7184,0.96583,-0.030018,-1.1127,-1.8345,-2.5982,-3.0605,-3.3804,-3.7468,-4.3096,-4.8907,-5.9226,-6.9315,-7.4654,-7.5207,-6.869,-5.9086,-5.1539,-4.3404,-3.7814,-3.4987,-3.2905,-3.2883,-3.4641,-3.7282,-4.2853,-5.1653,-6.1123,-7.7669,-9.7471,-11.222,-11.18,-9.859,-8.0436,-6.8347,-5.5852,-4.6599,-4.173,-3.6688,-3.3261,-3.1353,-3.0356,-3.0313,-3.1406,-3.3164,-3.6866,-4.2504,-4.8685,-5.9758,-7.3753,-8.7597,-9.2241,-8.2911,-6.2627,-4.723,-3.0142,-1.7589,-0.95041,-0.6153,-0.48188,-0.65683,-0.97088,-1.5406,-2.23,-2.7371,-3.3444,-3.7588,-3.9376,-3.8977,-3.616,-3.1359,-2.7664,-2.255,-1.8037,-1.5621,-1.3458,-1.2626,-1.3511,-1.4802,-1.7859,-2.1823,-2.5177,-2.994,-3.446,-3.8313,-4.0861,-4.3737,-4.6223,-4.8184,-5.2432,-5.8218,-6.3866,-7.348,-8.4967,-9.8596,-10.875,-11.787,-11.458,-10.314,-8.1615,-5.9309,-4.493,-2.8638,-1.5698,-0.61026,-0.1083,0.31098,0.45058,0.38785,0.043275,-0.61172,-1.6265
