-12.063,-8.2741,-5.0268,-2.8371,-1.621,-0.40256,0.46325,0.91447,1.3031,1.4541,1.3776,1.1714,0.69649,-0.02733,-0.75073,-1.9815,-3.5402,-4.8866,-6.6343,-7.4184,-6.4412,-4.9841,-2.9319,-1.1145,0.046434,1.3405,2.3787,3.0147,3.7009,4.2091,4.5602,4.7328,4.8527,4.8534,4.7816,4.6058,4.3412,3.9918,3.681,3.2047,2.6635,2.218,1.5911,0.92097,0.40218,-0.32143,-1.0582,-1.8037,-2.3532,-3.0501,-3.6719,-4.0628,-4.4542,-4.6638,-4.6712,-4.5019,-4.1524,-3.6625,-3.2272,-2.5836,-1.9116,-1.4097,-0.75735,-0.14983,0.4179,0.80649,1.2668,1.6594,1.9032,2.1651,2.3665,2.4757,2.5675,2.5928,2.5464,2.472,2.3202,2.1139,1.9242,1.6234,1.2826,1.0045,0.60683,0.18654,-0.25421,-0.59109,-1.0446,-1.505,-1.8509,-2.318,-2.7803,-3.2527,-3.621,-4.1229,-4.6245,-5.0113,-5.546,-6.1082,-6.5412,-7.1348,-7.7523,-8.3915,-8.8981,-9.6163,-10.376,-10.972,-11.797,-12.613,-13.144,-13.625,-13.639,-13.112,-12.391,-11.207,-9.9078,-8.9454,-7.728,-6.6158,-5.6229,-4.9691,-4.2056,-3.5622,-3.1643,-2.7311,-2.4143,-2.2564,-2.1454,-2.1444,-2.2604,-2.428,-2.7637,-3.2297,-3.6813,-4.435,-5.3619,-6.2082,-7.5627,-9.2252,-11.271,-13.092,-15.809,-17.678,-17.273,-15.06,-12.727,-10.812,-9.634,-8.345,-7.3428,-6.7144,-6.0208,-5.4643,-5.0908,-4.6677,-4.3138,-4.0199,-3.8376,-3.6356,-3.4861,-3.409,-3.3616,-3.3823,-3.4477,-3.5947,-3.8412,-4.1914,-4.5331,-5.0923,-5.7827,-6.3809,-7.2832,-8.293,-9.2833,-9.8014,-9.9507,-9.2838,-8.2335,-6.5166,-4.8717,-3.8099,-2.6202,-1.6652,-0.88658,-0.3764,0.25409,0.87854,1.3809,2.1327,3.0086,3.7626,4.8937,6.1591,7.5239,8.5878,10.035,11.482,12.55,13.936,15.264,16.524
0.16176,0.23799,0.37704,0.52969,0.63407,0.73852,0.78375,0.77036,0.68112,0.50705,0.24841,0.0016428,-0.39112,-0.84587,-1.2154,-1.7221,-2.202,-2.507,-2.7795,-2.8342,-2.6299,-2.3119,-1.7201,-1.0115,-0.45501,0.27287,0.94165,1.387,1.8905,2.283,2.5572,2.6864,2.7554,2.7066,2.594,2.345,1.984,1.5096,1.0838,0.42082,-0.35061,-1.0034,-1.9754,-3.0738,-3.9871,-5.3409,-6.8773,-8.647,-10.171,-12.595,-15.673,-18.663,-23.63,-24.018,-20.388,-16.344,-13.42,-11.166,-9.7684,-8.1766,-6.8234,-5.9363,-4.9005,-4.0128,-3.2627,-2.7903,-2.2745,-1.8875,-1.6798,-1.5129,-1.4743,-1.5318,-1.7252,-2.0583,-2.5384,-3.0017,-3.7624,-4.6963,-5.5174,-6.7786,-8.2378,-9.4537,-11.189,-12.906,-14.296,-14.911,-15.083,-14.756,-14.411,-14.024,-13.818,-13.845,-14.02,-14.474,-15.186,-15.909,-17.13,-18.669,-20.054,-22.193,-24.452,-25.93,-25.858,-24.555,-23.018,-22.069,-21.18,-20.685,-20.551,-20.614,-20.834,-20.874,-20.517,-19.372,-17.648,-16.208,-14.324,-12.593,-11.084,-10.085,-8.9202,-7.9307,-7.2933,-6.5699,-5.9774,-5.6135,-5.2253,-4.9364,-4.7428,-4.6562,-4.6147,-4.6552,-4.7327,-4.8974,-5.1238,-5.3255,-5.6301,-5.9581,-6.2901,-6.5331,-6.8366,-7.1148,-7.3067,-7.5511,-7.8007,-8.0782,-8.3242,-8.7336,-9.256,-9.7319,-10.489,-11.388,-12.137,-13.14,-13.95,-14.257,-14.019,-13.169,-11.992,-11.061,-9.8869,-8.8491,-8.177,-7.4089,-6.7863,-6.294,-5.9995,-5.694,-5.4753,-5.3554,-5.2393,-5.157,-5.0949,-5.0561,-5.0051,-4.9454,-4.895,-4.8244,-4.7719,-4.7518,-4.7748,-4.922,-5.2246,-5.5713,-6.2201,-7.1327,-8.0488,-9.7239,-12.268,-15.332,-23.942,-20.631,-11.829,-7.868,-3.8905,-0.70026,1.3727,3.8386,6.0407,8.0285
2.5432,2.421,2.2004,1.9068,1.6366,1.2022,0.67438,0.21521,-0.48347,-1.2768,-2.1447,-2.8219,-3.7053,-4.479,-4.9114,-5.2051,-5.1297,-4.8492,-4.2535,-3.4975,-2.6712,-2.0295,-1.1839,-0.37874,0.18808,0.88372,1.4982,1.9008,2.3509,2.6945,2.9249,3.0214,3.0436,2.9416,2.7856,2.466,2.0179,1.4361,0.91257,0.097438,-0.85219,-1.6504,-2.8269,-4.1303,-5.1836,-6.6758,-8.2376,-9.8197,-10.969,-12.357,-13.45,-13.99,-14.26,-14.002,-13.503,-12.522,-11.329,-10.046,-9.0731,-7.8206,-6.6532,-5.8518,-4.8848,-4.0427,-3.325,-2.8682,-2.3773,-2.0209,-1.8404,-1.7198,-1.7375,-1.8451,-2.1113,-2.5241,-3.0953,-3.6339,-4.5035,-5.5586,-6.475,-7.8719,-9.4461,-10.701,-12.327,-13.641,-14.335,-14.435,-14.225,-13.933,-13.79,-13.819,-14.113,-14.691,-15.315,-16.406,-17.76,-18.939,-20.681,-22.463,-23.648,-24.832,-25.294,-24.915,-24.151,-22.697,-20.966,-19.679,-18.095,-16.705,-15.795,-14.738,-13.851,-13.077,-12.553,-11.905,-11.3,-10.875,-10.332,-9.8438,-9.4214,-9.1534,-8.8728,-8.6516,-8.5237,-8.3821,-8.2492,-8.1354,-7.9423,-7.6886,-7.3673,-7.0968,-6.7157,-6.3305,-6.0537,-5.7167,-5.4271,-5.2482,-5.0599,-4.931,-4.8634,-4.8469,-4.8728,-4.9548,-5.0554,-5.2466,-5.4967,-5.8253,-6.1305,-6.6262,-7.2331,-7.7703,-8.5929,-9.544,-10.318,-11.358,-12.228,-12.667,-12.594,-12.012,-11.104,-10.355,-9.3966,-8.5432,-7.99,-7.3588,-6.8401,-6.4163,-6.1512,-5.8544,-5.6106,-5.4564,-5.2758,-5.1162,-4.9823,-4.8994,-4.8221,-4.7773,-4.7759,-4.8251,-4.9436,-5.0885,-5.3615,-5.7322,-6.2113,-6.6327,-7.2025,-7.7921,-8.2401,-8.8181,-9.293,-9.5114,-9.5095,-9.0526,-8.1032,-7.0897,-5.3976,-3.4364,-1.864,0.27641,2.3951,4.4365
3.4277,3.2867,3.0035,2.6048,2.2225,1.5886,0.78662,0.059517,-1.1018,-2.5311,-4.295,-5.9043,-8.5601,-12.054,-15.253,-17.606,-14.412,-11.619,-8.6604,-6.3876,-4.5326,-3.3249,-1.9029,-0.65347,0.18232,1.166,2.007,2.544,3.135,3.5819,3.885,4.0191,4.0665,3.973,3.8129,3.4796,3.0093,2.3981,1.8467,0.98658,-0.017908,-0.86844,-2.1391,-3.586,-4.7916,-6.5959,-8.6785,-11.129,-13.282,-16.739,-20.472,-21.516,-18.962,-15.694,-13.673,-11.461,-9.6497,-8.1267,-7.1322,-5.9543,-4.9264,-4.2446,-3.4546,-2.7902,-2.2417,-1.9029,-1.5474,-1.2985,-1.1791,-1.1103,-1.1408,-1.2249,-1.414,-1.6822,-2.0326,-2.3378,-2.7949,-3.296,-3.6912,-4.2381,-4.7842,-5.1714,-5.6625,-6.1104,-6.5291,-6.8213,-7.2087,-7.6113,-7.9494,-8.4748,-9.1166,-9.8876,-10.577,-11.659,-12.933,-13.996,-15.485,-16.82,-17.517,-17.763,-17.175,-16.031,-14.994,-13.582,-12.24,-11.303,-10.165,-9.1591,-8.4939,-7.7186,-7.0807,-6.579,-6.2838,-6.0165,-5.8861,-5.8789,-6.0004,-6.2828,-6.7524,-7.2385,-8.1127,-9.2951,-10.43,-12.424,-15.168,-17.908,-21.78,-20.582,-16.477,-13.998,-11.492,-9.6357,-8.5429,-7.386,-6.5026,-5.9805,-5.4386,-5.055,-4.7948,-4.6666,-4.5622,-4.5181,-4.5162,-4.5353,-4.5694,-4.609,-4.6472,-4.6959,-4.7532,-4.8033,-4.8781,-4.9708,-5.0492,-5.1557,-5.2637,-5.3674,-5.4437,-5.5532,-5.6768,-5.7903,-5.9922,-6.2682,-6.5312,-6.97,-7.482,-8.0442,-8.4588,-8.9225,-9.182,-9.1832,-8.9142,-8.4014,-7.7564,-7.2666,-6.6597,-6.1448,-5.8376,-5.5455,-5.3935,-5.376,-5.4628,-5.6925,-6.0732,-6.4783,-7.1927,-8.185,-9.243,-11.143,-13.74,-16.231,-19.795,-19.431,-15.157,-12.081,-8.5678,-5.5716,-3.563,-1.1237,1.1058,3.1602
2.0794,2.1809,2.2427,2.2035,2.0896,1.8059,1.3534,0.89523,0.13652,-0.79564,-1.8832,-2.7852,-4.0726,-5.4058,-6.4029,-7.6531,-8.7385,-9.3036,-9.4548,-8.6649,-7.0946,-5.6668,-3.7338,-1.9423,-0.73617,0.65966,1.8159,2.534,3.2981,3.8507,4.2095,4.3534,4.3803,4.2325,4.0135,3.5857,3.0142,2.3138,1.7104,0.82549,-0.14152,-0.90619,-1.9547,-3.0117,-3.7886,-4.7771,-5.6806,-6.4638,-6.9554,-7.4571,-7.7566,-7.8414,-7.7565,-7.4789,-7.173,-6.6783,-6.126,-5.5628,-5.1573,-4.6405,-4.1572,-3.8231,-3.4293,-3.1024,-2.8558,-2.7151,-2.6009,-2.5659,-2.5928,-2.7017,-2.8904,-3.0731,-3.372,-3.7092,-4.063,-4.3244,-4.6327,-4.8783,-5.024,-5.1594,-5.2393,-5.2723,-5.2915,-5.3086,-5.3294,-5.3537,-5.395,-5.4545,-5.5079,-5.5956,-5.6905,-5.7878,-5.8568,-5.9421,-6.0061,-6.0297,-6.0103,-5.9103,-5.7751,-5.5224,-5.1918,-4.7882,-4.4484,-3.9565,-3.4511,-3.0795,-2.6071,-2.1842,-1.9076,-1.5998,-1.3769,-1.2499,-1.2238,-1.2885,-1.4759,-1.7009,-2.1204,-2.6815,-3.3924,-4.0221,-4.9992,-6.1229,-7.0473,-8.3483,-9.6085,-10.413,-11.127,-11.289,-10.947,-10.45,-9.6325,-8.7701,-8.1573,-7.4258,-6.8326,-6.4975,-6.2173,-6.1447,-6.2928,-6.5395,-7.0518,-7.7331,-8.3045,-8.9956,-9.3664,-9.1988,-8.7083,-7.7835,-6.7658,-6.0434,-5.1973,-4.5197,-4.1171,-3.7218,-3.4797,-3.3834,-3.4147,-3.574,-3.8783,-4.2045,-4.7864,-5.5517,-6.2716,-7.4817,-9.0558,-11.151,-13.248,-17.234,-23.545,-25.026,-18.632,-14.378,-11.619,-10.142,-8.6879,-7.6538,-7.1028,-6.594,-6.3317,-6.2551,-6.2809,-6.4218,-6.648,-6.8633,-7.1686,-7.4478,-7.6189,-7.698,-7.4851,-7.2009,-6.7522,-6.2695,-5.7245,-5.2375,-4.442,-3.4896,-2.6998,-1.5691,-0.36654,0.92784
-2.6076,-1.5144,-0.33902,0.5235,0.97869,1.3438,1.4721,1.4242,1.1934,0.77558,0.19086,-0.36077,-1.2497,-2.3332,-3.2894,-4.7703,-6.4863,-7.8049,-9.0949,-8.8743,-7.0662,-5.345,-3.1471,-1.2671,-0.071653,1.2551,2.3014,2.9219,3.5462,3.9438,4.1323,4.1395,3.9594,3.5692,3.1351,2.3661,1.3836,0.1996,-0.82411,-2.3435,-3.9965,-5.27,-6.883,-8.1648,-8.7882,-9.1575,-9.1416,-8.9517,-8.7681,-8.5157,-8.2721,-8.0973,-7.8668,-7.6515,-7.4975,-7.3031,-7.1115,-6.9449,-6.8518,-6.7591,-6.6891,-6.6442,-6.5953,-6.5339,-6.4817,-6.4467,-6.427,-6.4686,-6.5573,-6.8003,-7.223,-7.6779,-8.5064,-9.5902,-10.893,-11.922,-13.035,-13.355,-12.955,-11.889,-10.698,-9.906,-9.0583,-8.4556,-8.0677,-7.9024,-7.7932,-7.7614,-7.7545,-7.6987,-7.5202,-7.194,-6.8557,-6.2806,-5.6145,-5.0874,-4.3709,-3.669,-3.1547,-2.4935,-1.8675,-1.2821,-0.87133,-0.36021,0.099629,0.40695,0.76783,1.0587,1.2304,1.3914,1.4605,1.4318,1.3447,1.1414,0.82354,0.50598,-0.021459,-0.67783,-1.4616,-2.1368,-3.1601,-4.3242,-5.2875,-6.6905,-8.2022,-9.3927,-11,-12.417,-13.253,-13.237,-12.418,-11.102,-10.052,-8.7799,-7.7547,-7.1692,-6.6553,-6.4626,-6.6242,-6.9846,-7.8571,-9.2415,-10.704,-13.255,-15.87,-15.639,-13.477,-10.44,-8.0585,-6.6854,-5.2782,-4.2708,-3.7223,-3.2198,-2.9459,-2.8694,-2.9314,-3.1514,-3.5229,-3.888,-4.4833,-5.1856,-5.7684,-6.6087,-7.4726,-8.2968,-8.8569,-9.4068,-9.7158,-9.7433,-9.5214,-9.0866,-8.5336,-8.119,-7.6578,-7.3327,-7.2263,-7.2877,-7.6319,-8.0963,-9.0086,-10.292,-11.928,-13.237,-14.425,-14.006,-12.72,-10.632,-8.6932,-7.5176,-6.3568,-5.5144,-4.8286,-4.3648,-3.8455,-3.5473,-3.5771,-4.0795,-5.3361,-7.755
-4.6048,-3.4268,-2.1799,-1.2632,-0.75062,-0.2763,0.019946,0.14363,0.19902,0.1369,-0.019122,-0.18665,-0.44359,-0.73241,-0.94703,-1.2108,-1.4211,-1.5071,-1.4993,-1.3308,-1.0074,-0.67498,-0.14132,0.43954,0.87548,1.4192,1.8813,2.1564,2.4137,2.5229,2.4706,2.3198,1.9543,1.3825,0.7987,-0.205,-1.4987,-3.1339,-4.6228,-7.0415,-10.138,-13.133,-18.62,-24.965,-22.78,-18.323,-15.853,-14.528,-13.97,-13.566,-13.388,-13.327,-13.242,-13.125,-13.008,-12.897,-12.836,-12.866,-12.998,-13.362,-13.974,-14.551,-15.392,-16.033,-16.078,-15.67,-14.713,-13.703,-13.062,-12.482,-12.27,-12.38,-12.922,-13.957,-15.576,-17.171,-19.374,-19.953,-18.654,-16.296,-14.318,-13.228,-12.275,-11.836,-11.854,-12.172,-13.04,-14.478,-15.998,-18.553,-20.514,-19.086,-16.677,-13.645,-11.188,-9.6613,-7.9516,-6.5324,-5.6104,-4.533,-3.5936,-2.7724,-2.2287,-1.5919,-1.0499,-0.70256,-0.30963,-0.0034573,0.16767,0.31773,0.37256,0.32743,0.22974,0.010879,-0.31674,-0.63383,-1.1552,-1.7947,-2.5567,-3.2116,-4.1957,-5.3175,-6.2615,-7.6845,-9.3488,-10.808,-13.061,-15.565,-17.52,-17.45,-15.419,-12.954,-11.334,-9.5485,-8.1612,-7.3533,-6.5338,-5.9672,-5.6351,-5.5207,-5.5119,-5.612,-5.7277,-5.8653,-5.9107,-5.8185,-5.6603,-5.348,-4.9819,-4.7074,-4.3909,-4.1719,-4.0893,-4.103,-4.2615,-4.5753,-4.9064,-5.481,-6.2105,-6.8523,-7.8292,-8.9199,-9.7787,-10.922,-11.95,-12.698,-13.004,-13.01,-12.64,-12.176,-11.417,-10.624,-9.868,-9.3538,-8.7982,-8.4089,-8.2411,-8.2146,-8.4426,-8.7922,-9.5298,-10.571,-11.872,-12.895,-13.867,-13.614,-12.543,-10.661,-8.8724,-7.7985,-6.7198,-5.8115,-4.9323,-4.3136,-3.6302,-3.1561,-2.9406,-2.7911,-2.7221,-2.5883
-0.8776,-0.73921,-0.60606,-0.56426,-0.5961,-0.70556,-0.85744,-0.97867,-1.1259,-1.2163,-1.2232,-1.1761,-1.0641,-0.92308,-0.81724,-0.6818,-0.57099,-0.49741,-0.39651,-0.2704,-0.10262,0.046708,0.28692,0.57042,0.80562,1.1351,1.4562,1.6724,1.9048,2.0343,2.0302,1.9308,1.6583,1.2235,0.78322,0.034274,-0.9111,-2.0519,-3.0253,-4.4513,-5.9485,-7.075,-8.5017,-9.7475,-10.562,-11.534,-12.531,-13.713,-14.808,-16.765,-19.443,-21.894,-24.301,-22.834,-20.668,-18.335,-16.859,-16.126,-15.943,-16.208,-17.138,-18.366,-20.833,-24.321,-25.912,-23.392,-19.435,-16.484,-14.859,-13.252,-12.12,-11.524,-10.992,-10.69,-10.53,-10.467,-10.374,-10.213,-10.046,-9.7872,-9.5441,-9.4171,-9.3771,-9.5572,-9.9799,-10.488,-11.417,-12.61,-13.608,-14.916,-15.706,-15.456,-14.638,-13.151,-11.616,-10.531,-9.1962,-7.9737,-7.13,-6.0989,-5.1615,-4.3288,-3.7645,-3.0949,-2.524,-2.1534,-1.7394,-1.411,-1.2203,-1.0348,-0.93068,-0.91231,-0.96058,-1.1159,-1.3811,-1.6515,-2.1198,-2.7019,-3.396,-3.9718,-4.7954,-5.6523,-6.2856,-7.0696,-7.7409,-8.1384,-8.4805,-8.5998,-8.473,-8.2158,-7.695,-7.0221,-6.4693,-5.7284,-5.0264,-4.5627,-4.032,-3.6193,-3.3072,-3.1426,-3.0037,-2.9315,-2.9116,-2.9142,-2.9406,-2.9763,-3.006,-3.0632,-3.1545,-3.2562,-3.4453,-3.703,-3.9516,-4.3649,-4.9061,-5.5662,-6.1488,-7.063,-8.1514,-9.0969,-10.58,-12.38,-14.012,-16.797,-20.864,-28.434,-40.33,-25.382,-19.736,-17.105,-14.516,-12.538,-10.955,-9.9749,-8.8695,-7.9753,-7.4382,-6.8699,-6.4588,-6.2392,-6.0671,-5.99,-5.9641,-5.9431,-5.8747,-5.7072,-5.5346,-5.3049,-5.11,-4.994,-4.797,-4.4519,-4.0649,-3.8185,-3.5348,-3.1823,-2.7875,-2.021,-1.0047,0.16813
2.695,2.4381,1.9375,1.2186,0.50477,-0.73442,-2.3247,-3.6944,-5.352,-5.9474,-5.0828,-3.9728,-2.5069,-1.3444,-0.71959,-0.17749,0.065053,0.068182,-0.12076,-0.46278,-0.85501,-1.0952,-1.2099,-0.98985,-0.60399,0.10798,0.9165,1.4981,2.1787,2.726,3.0973,3.2567,3.3066,3.1774,2.9749,2.5749,2.0369,1.3649,0.78166,-0.088249,-1.0234,-1.7582,-2.7588,-3.7864,-4.5908,-5.723,-6.9412,-8.2772,-9.3955,-11.042,-12.735,-13.841,-14.666,-14.517,-13.962,-12.994,-12.101,-11.539,-11.349,-11.328,-11.525,-11.722,-11.988,-12.145,-12.03,-11.731,-11.098,-10.289,-9.6176,-8.6993,-7.8178,-7.2106,-6.4902,-5.8815,-5.3728,-5.0466,-4.6722,-4.3638,-4.1872,-4.0161,-3.9339,-3.9418,-4.0497,-4.2849,-4.6577,-5.0351,-5.6413,-6.3561,-6.9382,-7.7513,-8.5391,-9.2844,-9.7715,-10.257,-10.434,-10.314,-9.7805,-8.8729,-8.0513,-6.9247,-5.874,-4.9743,-4.4057,-3.7848,-3.293,-2.9899,-2.6543,-2.3681,-2.164,-1.905,-1.6545,-1.4303,-1.3114,-1.2383,-1.2962,-1.4467,-1.8094,-2.3931,-3.2211,-4.0278,-5.3632,-6.9599,-8.2587,-9.7768,-10.38,-9.9623,-8.662,-7.1343,-5.7015,-4.7538,-3.659,-2.7521,-2.1717,-1.5401,-1.0535,-0.7763,-0.51658,-0.37478,-0.33303,-0.34749,-0.41442,-0.50997,-0.5975,-0.72218,-0.85057,-0.98647,-1.1014,-1.2884,-1.5317,-1.7666,-2.1579,-2.6519,-3.0951,-3.7732,-4.5445,-5.4033,-6.0915,-7.0656,-8.083,-8.8836,-10.024,-11.256,-12.238,-13.541,-14.722,-15.544,-15.77,-15.445,-14.559,-13.611,-12.191,-10.696,-9.2219,-8.1727,-6.8759,-5.6673,-4.8592,-3.9048,-3.0859,-2.564,-1.982,-1.5235,-1.1766,-0.98905,-0.82712,-0.76621,-0.81032,-0.99376,-1.3142,-1.6475,-2.2114,-3.0544,-4.3988,-5.7406,-7.7278,-8.9248,-8.2469,-5.5719,-2.5223,0.19983
4.3358,4.2415,3.8837,3.2027,2.441,1.0209,-0.93737,-2.7504,-5.2546,-6.233,-4.6407,-2.9697,-1.1212,0.11816,0.67712,0.9829,0.82947,0.39948,-0.66078,-2.4279,-5.2196,-8.4774,-16.337,-15.075,-9.1043,-4.5832,-1.7923,-0.30901,1.1192,2.1177,2.8111,3.1689,3.4472,3.5212,3.4602,3.2432,2.8896,2.4214,2.0023,1.3355,0.58433,-0.023589,-0.86543,-1.7201,-2.3514,-3.1503,-3.8835,-4.5381,-4.9681,-5.435,-5.7942,-6.0102,-6.2264,-6.3364,-6.3867,-6.4617,-6.5731,-6.7691,-7.02,-7.4813,-8.0576,-8.5695,-9.2949,-9.9418,-10.33,-10.336,-9.9336,-9.1336,-8.3872,-7.3142,-6.2633,-5.5277,-4.6398,-3.8614,-3.1899,-2.7415,-2.226,-1.7846,-1.5122,-1.2149,-1.0162,-0.9412,-0.9391,-1.0663,-1.3444,-1.6568,-2.2242,-2.986,-3.7006,-4.8559,-6.3189,-8.2525,-10.159,-13.739,-20.047,-30.864,-20.465,-14.226,-11.565,-9.2008,-7.6693,-6.7216,-6.3123,-6.1083,-6.2467,-6.5067,-6.9973,-7.3949,-7.4488,-7.0421,-6.1558,-5.0656,-4.2624,-3.3453,-2.6672,-2.3467,-2.1892,-2.3451,-2.8485,-3.4873,-4.7471,-6.5626,-8.3535,-11.106,-12.348,-10.9,-7.8726,-5.2894,-3.2931,-2.1302,-0.93662,-0.075926,0.3814,0.76337,0.90955,0.87725,0.6619,0.24666,-0.32516,-0.82581,-1.5251,-2.1764,-2.5459,-2.8195,-2.8652,-2.7647,-2.6611,-2.5811,-2.6299,-2.7945,-3.2099,-3.8806,-4.5584,-5.6681,-6.981,-8.4355,-9.4758,-10.66,-11.439,-11.771,-12.064,-12.342,-12.629,-13.111,-13.796,-14.64,-15.338,-16.055,-16.282,-15.847,-14.477,-12.547,-10.51,-9.0087,-7.1469,-5.4804,-4.3504,-3.0098,-1.8514,-1.1005,-0.24675,0.44941,0.98655,1.2849,1.5432,1.6259,1.5801,1.3935,1.0492,0.64301,-0.1654,-1.426,-2.9216,-3.9807,-5.3248,-6.535,-6.5986,-4.5923,-1.6634,0.99317
1.7128,2.2254,2.5986,2.6732,2.5788,2.3089,1.9344,1.6197,1.2179,0.95894,0.88288,0.89215,0.91427,0.87932,0.77834,0.49033,-0.0044256,-0.52231,-1.4113,-2.5234,-3.7589,-4.6443,-5.4875,-5.6614,-5.3657,-4.6176,-3.7879,-3.2023,-2.5535,-2.0926,-1.7941,-1.6463,-1.527,-1.4946,-1.5472,-1.7105,-1.9906,-2.3942,-2.7846,-3.4509,-4.2954,-5.0543,-6.2229,-7.4807,-8.3944,-9.3816,-9.8635,-9.7514,-9.3633,-8.6785,-7.9982,-7.5663,-7.105,-6.7777,-6.6315,-6.6488,-6.9007,-7.347,-7.8404,-8.7598,-10.076,-11.411,-13.818,-17.48,-24.131,-32.067,-22.334,-16.827,-14.294,-11.963,-10.368,-9.5,-8.6189,-7.9371,-7.3685,-6.9542,-6.4031,-5.8236,-5.3766,-4.782,-4.2469,-3.9107,-3.5853,-3.4152,-3.4142,-3.5257,-3.8365,-4.3491,-4.8628,-5.7146,-6.75,-7.9489,-8.9285,-10.255,-11.343,-11.866,-12.003,-11.597,-11.159,-10.641,-10.343,-10.324,-10.523,-11.141,-12.296,-13.626,-16.375,-21.283,-29.254,-25.427,-17.461,-13.329,-11.229,-9.1336,-7.6046,-6.7439,-5.9016,-5.3431,-5.0175,-4.8876,-4.8393,-4.8768,-4.9038,-4.8526,-4.6045,-4.2809,-3.7068,-3.0502,-2.396,-1.9621,-1.5028,-1.2282,-1.1488,-1.2503,-1.6004,-2.0505,-2.9143,-4.1319,-5.7929,-7.4219,-10.294,-14.273,-17.733,-18.107,-14.258,-11.364,-9.9105,-8.6636,-8.0135,-7.8556,-8.0496,-8.7232,-9.5749,-11.234,-13.681,-17.385,-21.767,-36.907,-26.985,-21.897,-18.644,-17.114,-16.646,-16.693,-17.455,-18.969,-20.638,-23.969,-29.372,-30.962,-24.676,-19.944,-16.644,-14.665,-12.302,-10.263,-8.9038,-7.261,-5.8387,-4.9063,-3.8381,-2.9579,-2.2679,-1.867,-1.4785,-1.2618,-1.2035,-1.2461,-1.4564,-1.7395,-2.2575,-2.8101,-3.2609,-3.6704,-4.4039,-5.0392,-5.1747,-4.8012,-3.9288,-2.6163
1.2391,1.8153,2.3473,2.6548,2.7598,2.7704,2.6611,2.5207,2.2874,2.0318,1.7446,1.5058,1.1725,0.80551,0.50556,0.045414,-0.49868,-0.94959,-1.5913,-2.2664,-2.9651,-3.4855,-4.1319,-4.6912,-5.0534,-5.509,-5.955,-6.2839,-6.6959,-7.0881,-7.4701,-7.7301,-7.9771,-8.0447,-7.9853,-7.8384,-7.7205,-7.7344,-7.8484,-8.2177,-8.9286,-9.7432,-11.354,-13.8,-16.589,-23.333,-33.089,-19.876,-15.85,-12.556,-10.453,-9.3195,-8.2256,-7.5227,-7.1913,-6.9682,-7.0048,-7.2698,-7.6145,-8.2736,-9.1605,-9.9455,-11.104,-12.316,-13.314,-13.693,-13.613,-13.085,-12.614,-12.091,-11.863,-11.915,-12.348,-13.14,-14.133,-14.71,-14.59,-13.262,-11.87,-10.037,-8.5029,-7.5695,-6.6178,-5.9776,-5.6117,-5.5022,-5.5515,-5.7847,-6.074,-6.6015,-7.2354,-7.9125,-8.4368,-9.1178,-9.7202,-10.11,-10.554,-10.905,-11.135,-11.435,-11.802,-12.268,-12.697,-13.377,-14.181,-14.809,-15.609,-16.222,-16.351,-16.005,-15.136,-13.953,-13.001,-11.763,-10.642,-9.8877,-8.9749,-8.1664,-7.4387,-6.9315,-6.2923,-5.6981,-5.263,-4.7052,-4.1684,-3.7792,-3.3073,-2.8858,-2.5381,-2.3557,-2.2262,-2.247,-2.3848,-2.7297,-3.285,-3.8547,-4.8351,-6.0703,-7.5966,-8.9179,-10.855,-12.732,-13.778,-14.136,-13.466,-12.404,-11.615,-10.758,-10.201,-9.9947,-9.9672,-10.223,-10.6,-11.364,-12.344,-13.445,-14.229,-14.99,-15.257,-15.22,-15.037,-14.896,-14.955,-15.273,-15.868,-16.669,-17.428,-18.56,-19.59,-20.213,-20.671,-20.77,-20.23,-19.249,-17.345,-15.106,-13.454,-11.463,-9.7441,-8.6549,-7.4408,-6.5001,-5.7949,-5.3977,-4.9978,-4.7254,-4.5911,-4.5318,-4.6029,-4.7023,-4.8753,-5.1618,-5.8215,-6.6387,-7.8862,-9.213,-10.667,-14.155,-19.875,-16.049
3.0426,3.2497,3.4256,3.4873,3.4486,3.2819,3.0038,2.7457,2.3506,1.884,1.3658,0.97371,0.46153,-0.047888,-0.42736,-0.92071,-1.4276,-1.8326,-2.4165,-3.0487,-3.7492,-4.3227,-5.1661,-6.0881,-6.8405,-7.9254,-9.1091,-10.118,-11.631,-13.323,-15.196,-16.699,-18.249,-18.178,-17.049,-15.046,-13.189,-11.752,-10.991,-10.308,-9.975,-9.9203,-10.095,-10.504,-10.849,-11.126,-11.002,-10.414,-9.749,-8.7597,-7.8256,-7.2121,-6.5531,-6.1155,-5.9324,-5.8118,-5.8063,-5.9529,-6.1383,-6.4353,-6.7803,-7.0588,-7.4343,-7.7745,-8.0658,-8.2521,-8.4569,-8.6509,-8.8315,-9.2173,-9.821,-10.482,-11.754,-13.69,-16.499,-19.036,-20.167,-16.818,-14.126,-11.333,-9.3513,-8.248,-7.185,-6.4966,-6.1231,-6.0276,-6.1178,-6.4212,-6.7695,-7.3777,-8.1127,-8.9305,-9.5463,-10.322,-11.004,-11.405,-11.811,-12.165,-12.42,-12.777,-13.204,-13.805,-14.399,-15.282,-16.186,-16.793,-17.335,-17.452,-17.213,-16.605,-15.825,-15.021,-14.435,-13.736,-13.174,-12.788,-12.23,-11.545,-10.656,-9.8763,-8.7472,-7.583,-6.7247,-5.6716,-4.7535,-4.1532,-3.4809,-2.9604,-2.595,-2.4254,-2.3463,-2.4331,-2.6084,-2.993,-3.5475,-4.0685,-4.9133,-5.8979,-6.9788,-7.8298,-8.9403,-9.969,-10.607,-11.19,-11.439,-11.391,-11.199,-10.795,-10.327,-9.9933,-9.6414,-9.4227,-9.3472,-9.3556,-9.4621,-9.6393,-9.7898,-10.001,-10.198,-10.331,-10.521,-10.784,-11.027,-11.462,-12.004,-12.749,-13.443,-14.524,-15.893,-17.217,-19.684,-23.53,-29.709,-29.41,-22.078,-17.467,-15.045,-12.616,-10.892,-9.9253,-9.0227,-8.4788,-8.2277,-8.1849,-8.2518,-8.3252,-8.3203,-8.1673,-7.8404,-7.5323,-7.1653,-7.008,-7.1259,-7.1645,-7.246,-7.8161,-8.5166,-9.1629,-8.9806,-8.0572
4.9296,4.8966,4.7662,4.5241,4.2624,3.7991,3.1973,2.6524,1.806,0.84236,-0.14912,-0.86858,-1.7272,-2.3853,-2.7423,-3.0306,-3.1985,-3.3407,-3.6409,-4.0969,-4.7394,-5.3541,-6.3858,-7.6816,-8.7792,-10.388,-12.085,-13.459,-15.407,-17.435,-19.567,-21.432,-24.147,-23.722,-20.98,-17.408,-14.629,-12.424,-11.078,-9.6381,-8.534,-7.8749,-7.1559,-6.5834,-6.2162,-5.7816,-5.3739,-4.9738,-4.6826,-4.3349,-4.0429,-3.8847,-3.7997,-3.8277,-3.9382,-4.1958,-4.5288,-4.8916,-5.1339,-5.3859,-5.531,-5.556,-5.5053,-5.3691,-5.2096,-5.1038,-5.0129,-4.9945,-5.043,-5.2035,-5.4891,-5.7774,-6.246,-6.7435,-7.1851,-7.3967,-7.4395,-7.171,-6.8167,-6.2561,-5.7022,-5.3504,-5.0151,-4.851,-4.8785,-5.0352,-5.4338,-6.0685,-6.6995,-7.764,-9.1445,-10.874,-12.355,-14.41,-16.012,-16.378,-15.779,-14.735,-14.069,-13.57,-13.567,-14.09,-14.877,-16.611,-19.433,-22.745,-29.786,-27.749,-22.912,-19.073,-16.814,-15.524,-15.033,-14.987,-15.623,-16.572,-18.424,-19.919,-18.369,-15.74,-12.404,-9.705,-8.0518,-6.2595,-4.8471,-3.9995,-3.0928,-2.4342,-2.016,-1.8297,-1.7587,-1.8769,-2.0843,-2.5074,-3.0985,-3.6332,-4.4866,-5.5017,-6.6782,-7.6779,-9.1907,-10.904,-12.32,-14.147,-15.309,-15.074,-14.085,-12.451,-10.912,-9.9271,-8.858,-8.0774,-7.6593,-7.2542,-7.0025,-6.8591,-6.7961,-6.757,-6.7834,-6.8172,-6.897,-7.0266,-7.1499,-7.3594,-7.6784,-8.0764,-8.4295,-8.9611,-9.6044,-10.109,-10.755,-11.248,-11.44,-11.316,-10.747,-9.9138,-9.2581,-8.4756,-7.8898,-7.6466,-7.6381,-8.0496,-8.9428,-10.029,-12.171,-15.149,-17.152,-16.296,-12.934,-10.785,-8.7895,-7.4901,-6.4303,-5.7583,-5.4164,-5.5079,-5.4195,-4.9805,-4.5465,-4.1246
6.0588,5.9532,5.7249,5.3559,4.9835,4.3311,3.4365,2.5632,1.0866,-0.77014,-3.1654,-5.4029,-8.7013,-10.39,-9.4658,-7.3521,-5.6925,-4.8704,-4.2814,-4.2386,-4.6713,-5.2924,-6.5132,-8.2307,-9.8883,-12.723,-16.251,-19.196,-22.325,-21.833,-19.998,-18.612,-17.089,-15.788,-14.786,-13.184,-11.518,-9.953,-8.8322,-7.4194,-6.1308,-5.2769,-4.2611,-3.3639,-2.7719,-2.1146,-1.574,-1.145,-0.90704,-0.71809,-0.68194,-0.78131,-1.1043,-1.6192,-2.1492,-3.1267,-4.3951,-5.8493,-6.9168,-7.9228,-7.8946,-7.2269,-5.9534,-4.6827,-3.6114,-2.9628,-2.2969,-1.8502,-1.6288,-1.456,-1.4089,-1.4496,-1.5495,-1.6854,-1.8252,-1.9269,-2.0261,-2.0855,-2.1187,-2.1721,-2.2391,-2.3168,-2.4718,-2.7155,-3.0634,-3.3899,-3.9492,-4.6894,-5.3873,-6.5388,-8.0533,-10.07,-12.093,-15.642,-19.619,-19.611,-16.156,-13.197,-11.628,-10.319,-9.7258,-9.6561,-9.8935,-10.616,-11.67,-12.472,-13.203,-13.23,-12.746,-11.896,-11.106,-10.664,-10.625,-11.014,-11.817,-12.746,-14.297,-15.338,-14.429,-12.666,-10.079,-7.7419,-6.266,-4.6387,-3.3321,-2.5283,-1.7045,-1.1344,-0.7932,-0.68377,-0.727,-0.98238,-1.3005,-1.8757,-2.6008,-3.2136,-4.0904,-5.0431,-6.0851,-6.9859,-8.4008,-10.24,-12.103,-15.498,-19.075,-17.759,-14.708,-11.363,-9.0472,-7.7946,-6.6245,-5.8448,-5.4788,-5.1876,-5.0646,-5.0197,-5.004,-4.9455,-4.82,-4.7053,-4.5297,-4.3433,-4.2241,-4.1255,-4.0674,-4.0505,-4.0536,-4.1123,-4.1777,-4.2094,-4.2075,-4.1896,-4.1064,-3.9749,-3.7548,-3.5104,-3.3347,-3.1645,-3.1114,-3.1804,-3.4724,-4.033,-4.9576,-5.8917,-7.4549,-9.1849,-10.04,-9.7242,-8.0676,-6.753,-5.3461,-4.2572,-3.4548,-3.2626,-3.5241,-3.7427,-3.8937,-4.5008,-5.3811,-5.8169
4.9364,4.9911,5.0362,4.9764,4.8116,4.3831,3.6998,2.9932,1.7464,0.046248,-2.151,-4.0352,-6.5922,-7.8397,-7.2208,-5.4868,-4.0256,-3.2896,-2.7235,-2.6134,-2.9599,-3.5069,-4.5798,-6.098,-7.57,-10.019,-12.803,-14.855,-16.959,-16.777,-15.69,-15.087,-14.363,-13.649,-13.082,-12.24,-11.033,-9.5062,-8.2909,-6.6937,-5.1779,-4.1151,-2.8423,-1.7362,-1.0079,-0.15956,0.53606,1.0713,1.3595,1.5904,1.6112,1.4853,1.1104,0.4129,-0.33716,-1.6978,-3.6589,-6.5614,-9.7577,-15.845,-14.513,-10.15,-6.2134,-3.7044,-2.0323,-1.1359,-0.29351,0.24952,0.49802,0.66211,0.69208,0.65612,0.55089,0.40422,0.24242,0.11265,-0.076413,-0.30249,-0.50242,-0.80853,-1.185,-1.5125,-2.0003,-2.523,-3.0461,-3.4209,-3.8636,-4.2306,-4.5028,-4.866,-5.2271,-5.6218,-5.9256,-6.225,-6.3182,-6.1646,-5.6814,-5.0172,-4.5178,-3.9116,-3.4385,-3.1612,-3.0803,-3.0977,-3.2092,-3.3353,-3.5005,-3.6284,-3.7188,-3.8219,-3.9755,-4.2124,-4.4535,-4.8387,-5.3194,-5.6717,-6.0267,-6.187,-6.0479,-5.732,-5.0671,-4.2579,-3.5953,-2.6945,-1.8536,-1.3029,-0.7061,-0.30508,-0.10501,-0.11763,-0.3683,-0.90889,-1.5072,-2.5719,-3.9082,-5.0109,-6.3674,-7.1791,-7.2721,-7.0118,-6.5913,-6.2659,-6.1057,-5.9445,-5.7083,-5.2555,-4.8006,-4.156,-3.5734,-3.266,-3.112,-3.2718,-3.6012,-4.3375,-5.3314,-6.3767,-6.9497,-7.1207,-6.5396,-5.8468,-4.8884,-4.0752,-3.6102,-3.1565,-2.8253,-2.584,-2.4278,-2.1924,-1.9007,-1.6637,-1.3411,-1.011,-0.68194,-0.45571,-0.19806,0.027618,0.18414,0.35589,0.48272,0.53989,0.56632,0.51431,0.38199,0.2498,0.066213,-0.075539,-0.13594,-0.078186,0.070649,0.15859,0.27418,0.32294,0.011561,-0.49016,-1.0753,-1.914,-3.136,-5.4144,-8.118,-12.761
-0.31261,0.71083,1.8711,2.7122,3.091,3.293,3.2149,3.0098,2.5225,1.8565,1.1835,0.6865,0.056147,-0.32848,-0.4845,-0.56025,-0.51516,-0.4786,-0.54447,-0.73867,-1.0826,-1.4622,-2.1474,-3.0001,-3.743,-4.865,-6.0297,-6.8226,-7.9385,-9.1169,-10.216,-11.256,-13.231,-16.004,-18.773,-21.401,-17.737,-13.402,-10.939,-8.3928,-6.4302,-5.2111,-3.7507,-2.4748,-1.6255,-0.59051,0.32581,1.0818,1.5366,1.9891,2.2482,2.318,2.2449,1.9298,1.5522,0.93614,0.16453,-0.66873,-1.2028,-1.6607,-1.6861,-1.4167,-0.85258,-0.24128,0.28046,0.55732,0.74273,0.71689,0.56982,0.2281,-0.22206,-0.56777,-1.0053,-1.3332,-1.5339,-1.6095,-1.6971,-1.8516,-2.043,-2.4554,-3.1163,-3.7775,-4.8733,-6.1578,-7.439,-8.2144,-8.6432,-8.2389,-7.5672,-6.5283,-5.5122,-4.5914,-3.9397,-3.1475,-2.3911,-1.8569,-1.1572,-0.48173,-0.023438,0.51319,0.97693,1.3278,1.5073,1.6621,1.7056,1.6675,1.5257,1.3102,1.0821,0.69698,0.19439,-0.4213,-0.95471,-1.7551,-2.666,-3.3716,-4.2879,-5.0928,-5.6604,-5.849,-5.7422,-5.2353,-4.7059,-3.8523,-2.9754,-2.3654,-1.6541,-1.0947,-0.76271,-0.70379,-0.88581,-1.4277,-2.1381,-3.6083,-5.892,-8.5461,-14.715,-24.951,-12.916,-8.7924,-5.5421,-3.4853,-2.3645,-1.2653,-0.48973,0.070893,0.37399,0.60585,0.61632,0.46253,0.0072821,-0.84848,-1.8069,-3.6702,-6.4951,-11.174,-17.755,-20.313,-11.605,-8.5347,-6.1667,-4.937,-4.5056,-4.3825,-4.6386,-5.0116,-5.1411,-4.8503,-4.057,-3.312,-2.3127,-1.4389,-0.79107,-0.46341,-0.168,0.015214,0.11478,0.30819,0.61583,0.93439,1.4536,2.0109,2.5652,2.9307,3.3394,3.6572,3.8292,3.9484,3.9208,3.8231,3.5762,3.0651,2.3031,1.7512,0.78358,-0.83623,-2.0271,-3.2193,-4.6325,-5.7061
-4.4898,-2.212,-0.18082,1.0557,1.6272,2.0625,2.1778,2.1076,1.9043,1.6854,1.4278,1.2161,0.99059,0.85328,0.7461,0.54596,0.35752,0.23064,-0.00068982,-0.26732,-0.5105,-0.68769,-0.96986,-1.2535,-1.4762,-1.8513,-2.3828,-2.7912,-3.4466,-4.395,-5.4836,-6.4418,-8.076,-9.9372,-11.157,-12.143,-11.694,-10.429,-9.5219,-8.5425,-7.7642,-7.2497,-6.4578,-5.3358,-4.3203,-2.8465,-1.469,-0.26676,0.48508,1.2746,1.8361,2.1127,2.3098,2.3882,2.3578,2.2278,2.0716,1.9393,1.8695,1.7969,1.7858,1.8134,1.8466,1.8066,1.6707,1.4542,0.96695,0.19425,-0.59142,-1.9619,-3.7269,-5.277,-7.2611,-8.2224,-7.6152,-6.6652,-5.495,-4.7301,-4.5068,-4.6616,-5.3455,-6.2209,-8.022,-10.743,-15.084,-21.057,-30.893,-17.338,-13.383,-9.9315,-7.4964,-5.5666,-4.2958,-2.7953,-1.4537,-0.54706,0.52013,1.4629,2.0896,2.8205,3.4092,3.8731,4.1368,4.3774,4.4768,4.4706,4.3327,4.0443,3.7308,3.1652,2.4202,1.4806,0.62072,-0.75096,-2.4112,-3.8978,-6.2909,-9.2241,-12.635,-14.65,-14.206,-11.703,-9.8591,-7.8199,-6.1725,-5.1387,-3.9134,-2.8466,-1.9883,-1.4829,-1.0183,-0.80918,-0.83153,-1.0938,-1.5386,-1.9223,-2.3102,-2.2425,-1.6148,-0.87498,0.26301,1.3603,2.0761,2.8695,3.4861,3.9033,4.1034,4.2166,4.1395,3.9494,3.5202,2.8643,2.2275,1.1991,0.021379,-1.1307,-1.8223,-2.322,-2.3466,-2.2372,-2.1651,-2.4437,-2.9735,-4.3423,-6.7903,-11.355,-18.816,-18.736,-9.5305,-6.2879,-3.6498,-2.1561,-1.4484,-1.3468,-1.7028,-2.6066,-3.5329,-4.6181,-4.4829,-3.3142,-1.1842,0.84784,2.5391,3.5625,4.6162,5.3709,5.7695,6.0705,6.1294,6.0569,5.7125,5.0743,4.26,3.4634,1.7512,-0.15958,-1.6388,-4.8128,-9.7196,-13.851
0.88222,1.2385,1.6718,1.8438,1.7884,1.4851,0.92276,0.37662,-0.29739,-0.74984,-0.9283,-0.80487,-0.44108,-0.1977,-0.095167,-0.10662,-0.41374,-0.80412,-1.3957,-1.9581,-2.3003,-2.2704,-1.8318,-1.1686,-0.66675,-0.043966,0.35878,0.4924,0.53431,0.38726,-0.029529,-0.41408,-1.0278,-1.7806,-2.3298,-3.0348,-3.8439,-4.6921,-5.5164,-7.1332,-9.7091,-12.735,-18.241,-14.111,-9.6589,-5.6757,-3.0262,-1.1788,-0.15912,0.79723,1.4004,1.6618,1.7948,1.8184,1.802,1.7428,1.7775,1.9212,2.0724,2.3429,2.6229,2.7883,2.9218,2.9178,2.706,2.391,1.7271,0.7368,-0.27128,-2.0573,-4.5537,-7.0594,-11.365,-13.993,-10.786,-8.2924,-6.0296,-4.7125,-4.2078,-4.0928,-4.4727,-5.0767,-6.2574,-7.8066,-9.4779,-10.618,-11.64,-11.726,-11.324,-10.225,-8.5753,-6.5433,-5.0051,-3.0524,-1.2951,-0.10885,1.3066,2.5067,3.2946,4.211,4.9548,5.5459,5.8987,6.2295,6.4162,6.4536,6.3723,6.1115,5.7983,5.2117,4.4185,3.3856,2.4347,0.91618,-0.94204,-2.6269,-5.2826,-8.46,-11.94,-13.971,-14.334,-13.11,-12.087,-10.885,-9.6963,-8.6214,-6.9116,-5.1183,-3.3765,-2.1615,-0.7724,0.36351,1.0717,1.8457,2.4551,2.8664,3.3785,3.8859,4.423,4.8376,5.3882,5.9286,6.2914,6.7067,7.0377,7.2742,7.3758,7.4246,7.3785,7.276,7.0514,6.7444,6.4649,6.0429,5.596,5.1519,4.8421,4.4584,4.104,3.8346,3.4163,2.8829,2.3566,1.4958,0.48998,-0.46886,-0.96151,-0.97782,-0.35269,0.29502,1.0813,1.5649,1.5924,1.2821,0.2964,-1.4728,-3.4506,-6.9487,-7.7615,-4.8495,-0.91099,2.0061,4.1227,5.3238,6.5648,7.4485,7.9115,8.3057,8.465,8.4054,8.1108,7.6281,6.8444,5.9779,4.8428,3.3759,1.7655,-0.14461,-1.9801,-3.5597
3.3352,3.3587,3.1671,2.7099,2.0998,0.78887,-1.1945,-3.3289,-7.6316,-13.353,-10.282,-6.6021,-3.5272,-1.9159,-1.2985,-1.0762,-1.6188,-2.5867,-4.7143,-8.4696,-14.788,-14.041,-7.3392,-3.2215,-1.1488,0.82565,2.275,3.0023,3.6417,4.0347,4.1363,4.0654,3.837,3.4253,3.0053,2.3511,1.5208,0.47957,-0.43418,-1.8703,-3.4751,-4.5926,-5.4888,-5.1271,-4.1756,-2.6907,-1.3674,-0.34061,0.1854,0.57936,0.61713,0.42424,-0.11521,-1.039,-1.8313,-2.7296,-2.9853,-2.3372,-1.413,-0.021821,1.1832,1.8877,2.5455,2.9202,2.9807,2.8501,2.4657,1.8429,1.2381,0.30221,-0.68673,-1.4081,-2.1998,-2.6043,-2.6275,-2.4377,-2.0892,-1.8114,-1.7103,-1.7767,-2.1373,-2.6197,-3.5174,-4.7302,-6.2603,-7.6777,-10.113,-13.668,-17.669,-22.54,-15.115,-9.7946,-7.0027,-4.17,-1.9509,-0.59458,0.95307,2.2655,3.1132,4.075,4.9072,5.6044,6.0329,6.4877,6.8048,6.942,6.9896,6.8759,6.6765,6.2388,5.5937,4.738,3.9532,2.6962,1.2105,-0.0099761,-1.8061,-3.7064,-5.63,-7.0727,-8.9219,-10.925,-12.883,-16.776,-23.448,-21.33,-13.587,-8.7769,-5.3523,-3.2764,-1.0425,0.78043,1.9235,3.229,4.3186,5.0092,5.8071,6.4795,7.0413,7.4002,7.801,8.099,8.2757,8.4432,8.5331,8.5732,8.5774,8.5497,8.5111,8.4799,8.4207,8.3547,8.2909,8.1849,8.0617,7.9208,7.8083,7.6519,7.4783,7.3538,7.1694,6.9786,6.8249,6.6239,6.4441,6.3066,6.2628,6.2871,6.3577,6.4442,6.5175,6.4962,6.344,6.1281,5.6997,5.2029,4.8531,4.5468,4.5898,4.8842,5.5448,6.3802,7.2364,7.8306,8.5396,9.1266,9.466,9.7864,9.9461,9.9315,9.7852,9.4645,8.895,8.4283,7.7437,6.6084,5.8607,5.0433,3.8733,3.0792
1.6814,1.9202,1.9151,1.6024,1.1335,0.15246,-1.1747,-2.4062,-4.1109,-5.1752,-5.0744,-4.221,-3.0849,-2.1761,-1.7706,-1.7088,-2.0267,-2.5378,-3.5722,-4.6716,-5.347,-5.0812,-3.6771,-1.8518,-0.51266,1.0534,2.266,3.0378,3.8032,4.2927,4.5991,4.6691,4.5932,4.3597,4.0555,3.5195,2.8697,2.0859,1.4495,0.58326,-0.27077,-0.82218,-1.3934,-1.7573,-1.8738,-1.9114,-1.854,-1.8062,-1.8429,-2.034,-2.4924,-3.0653,-4.2393,-6.2643,-8.5957,-13.939,-23.081,-12.82,-8.4262,-4.8627,-2.6449,-1.4974,-0.47948,0.039427,0.20143,0.11931,-0.21529,-0.7268,-1.186,-1.8288,-2.3902,-2.7256,-3.0005,-3.057,-2.9621,-2.8211,-2.5986,-2.4337,-2.3825,-2.4149,-2.6564,-2.9663,-3.5792,-4.4272,-5.5463,-6.5385,-8.0741,-9.69,-10.651,-11.14,-10.396,-8.8688,-7.6682,-6.1831,-4.8636,-3.9589,-2.8793,-1.8901,-1.1908,-0.31957,0.50052,1.2719,1.7931,2.4262,2.9617,3.2831,3.5831,3.7349,3.7287,3.5599,3.1821,2.6003,2.0263,1.0537,-0.11434,-1.1231,-2.6382,-4.287,-6.0287,-7.3907,-9.2505,-11.059,-12.381,-13.812,-14.395,-13.898,-12.043,-9.6777,-7.2532,-5.5377,-3.4777,-1.6654,-0.4631,0.93513,2.1431,2.9195,3.7779,4.4619,4.9748,5.249,5.4796,5.5379,5.4831,5.3009,5.0058,4.6567,4.4178,4.1817,4.0921,4.138,4.3215,4.5735,4.7705,4.9953,5.1522,5.2387,5.2645,5.2834,5.3053,5.3403,5.4396,5.5997,5.7669,6.0149,6.2874,6.5581,6.7537,6.9768,7.1577,7.2504,7.304,7.2636,7.1394,6.9847,6.7249,6.4081,6.1603,5.8589,5.6111,5.4867,5.4179,5.4554,5.6161,5.8191,6.148,6.5288,6.8192,7.1628,7.4103,7.5411,7.593,7.4422,7.1875,6.9025,6.1791,5.5377,4.9971,3.8299,2.8245,1.6316
-0.25972,0.09842,0.36775,0.36865,0.25982,0.0083073,-0.37882,-0.66779,-1.0025,-1.2886,-1.3558,-1.3434,-1.3651,-1.3439,-1.3724,-1.5402,-1.7809,-1.9922,-2.281,-2.4251,-2.3437,-2.1109,-1.519,-0.74095,-0.073427,0.87352,1.7315,2.2993,2.9597,3.4191,3.7102,3.8151,3.7694,3.5534,3.2795,2.7397,2.0652,1.2616,0.57862,-0.38911,-1.4096,-2.1723,-3.1288,-3.9738,-4.5216,-5.0704,-5.4071,-5.6029,-5.6556,-5.6928,-5.7532,-5.8982,-6.1869,-6.5513,-6.9507,-7.3123,-7.1861,-6.5627,-5.8114,-4.7124,-3.7829,-3.2622,-2.8307,-2.7687,-3.0245,-3.4441,-4.3004,-5.4388,-6.4265,-7.8062,-8.939,-9.3689,-9.1744,-8.4287,-7.433,-6.7009,-5.8661,-5.1962,-4.8191,-4.5218,-4.4005,-4.4286,-4.6364,-5.0161,-5.5577,-6.0327,-6.7007,-7.416,-7.8961,-8.4264,-8.8205,-9.056,-9.2344,-9.3381,-9.4302,-9.3839,-9.1635,-8.7436,-8.2682,-7.4603,-6.5504,-5.6159,-4.8865,-3.9143,-2.9975,-2.3501,-1.5874,-0.99216,-0.67715,-0.43844,-0.43013,-0.68905,-1.0567,-1.7725,-2.7812,-3.7299,-5.2138,-6.9987,-9.0084,-10.652,-12.874,-14.787,-15.728,-16.126,-15.62,-14.771,-13.347,-11.678,-9.8756,-8.5611,-6.8591,-5.2126,-4.0558,-2.6719,-1.4724,-0.69188,0.17206,0.82477,1.268,1.4454,1.4588,1.2342,0.86392,0.087768,-1.0206,-2.4857,-3.7312,-5.1584,-5.5395,-4.9295,-3.4941,-2.1148,-1.2855,-0.50689,-0.093735,0.015703,-0.062879,-0.29027,-0.47908,-0.50065,-0.21676,0.41997,1.0734,2.0434,2.979,3.8225,4.3555,4.9315,5.3603,5.5712,5.7317,5.7489,5.6123,5.4192,5.0519,4.5442,4.0845,3.3695,2.5525,1.8918,0.99832,0.21702,-0.27048,-0.32235,0.039586,0.74297,1.3781,2.208,2.9043,3.3276,3.6774,3.808,3.7745,3.53,3.0373,2.5657,1.8323,0.77069,-0.18658,-1.7138
-0.39665,-0.26598,-0.16047,-0.14331,-0.15195,-0.13806,-0.12722,-0.092513,-0.038002,0.0053636,0.044176,-0.018285,-0.12241,-0.37712,-0.67274,-1.1521,-1.8022,-2.3214,-2.9615,-3.4293,-3.4704,-3.1811,-2.4502,-1.4272,-0.58839,0.47539,1.4848,2.1173,2.8045,3.3316,3.6341,3.7405,3.7053,3.4479,3.1327,2.5173,1.673,0.61378,-0.33411,-1.7965,-3.4495,-4.8265,-6.745,-8.6188,-9.8696,-11.018,-11.51,-11.325,-10.835,-9.9093,-8.8454,-8.0616,-7.136,-6.2575,-5.7099,-5.0517,-4.4618,-3.911,-3.5307,-3.1417,-2.8822,-2.8264,-2.9751,-3.3781,-4.1329,-4.9492,-6.4237,-8.5006,-10.594,-14.644,-22.269,-41.088,-19.988,-14.431,-11.353,-9.7529,-8.181,-7.0179,-6.3463,-5.6981,-5.2571,-5.0709,-4.9862,-5.0767,-5.3224,-5.6192,-6.1359,-6.7917,-7.3823,-8.2717,-9.3528,-10.679,-11.806,-13.606,-15.695,-17.36,-18.852,-18.634,-17.659,-16.092,-14.649,-13.375,-12.335,-10.798,-9.1234,-7.833,-6.2088,-4.8233,-3.9629,-3.1254,-2.608,-2.4385,-2.5397,-2.9652,-3.7696,-4.6072,-6.0899,-8.0602,-10.64,-13.084,-17.627,-25.207,-42.192,-26.582,-21.124,-18.902,-16.955,-15.244,-13.434,-12.032,-10.127,-8.2959,-7.0249,-5.4693,-4.183,-3.3719,-2.47,-1.7905,-1.3422,-1.1525,-1.1333,-1.3974,-1.8198,-2.7815,-4.2912,-6.6387,-9.2598,-14.522,-16.86,-12.528,-8.2265,-5.653,-4.4491,-3.5396,-3.3091,-3.7087,-4.4567,-6.1917,-8.974,-11.486,-11.76,-7.7385,-4.9135,-2.0499,0.062659,1.629,2.5261,3.4402,4.0682,4.3778,4.6024,4.6273,4.4552,4.2025,3.6826,2.9614,2.2599,1.0718,-0.46407,-1.9245,-4.4568,-7.9794,-12.819,-14.394,-10.138,-6.1742,-4.0833,-2.0406,-0.58121,0.19408,0.87301,1.2971,1.3468,1.2149,1.0024,0.17589,-0.48181,-1.3381,-2.8979,-4.1563
-0.14667,-0.47028,-1.0029,-1.4228,-1.6026,-1.5637,-1.1057,-0.63113,0.050335,0.70243,1.1113,1.3027,1.3428,1.0585,0.62613,-0.2909,-1.6846,-3.1315,-5.7726,-9.3972,-12.054,-10.185,-6.2328,-3.1489,-1.3963,0.42195,1.7713,2.5932,3.4232,4.0092,4.3872,4.5148,4.5128,4.2832,3.9442,3.2916,2.3369,1.0595,-0.13494,-2.1195,-4.611,-6.9251,-10.838,-16.008,-21.038,-26.26,-24.476,-22.035,-19.696,-15.857,-12.312,-10.056,-7.5455,-5.7267,-4.5688,-3.3427,-2.4524,-1.7823,-1.4404,-1.1729,-1.1149,-1.2118,-1.5557,-2.1432,-2.9956,-3.806,-5.1198,-6.7087,-8.0469,-9.8412,-11.414,-12.055,-12.011,-11.255,-10.19,-9.3809,-8.33,-7.3747,-6.7465,-5.9753,-5.3752,-5.0361,-4.7305,-4.6125,-4.683,-4.8676,-5.3125,-5.9347,-6.5797,-7.6644,-9.0343,-10.788,-12.419,-15.163,-18.782,-22.477,-27.504,-26.219,-23.549,-21.667,-21.746,-23.18,-24.535,-21.486,-15.99,-12.664,-9.3062,-6.7681,-5.291,-3.7959,-2.7855,-2.173,-1.965,-2.0278,-2.4203,-2.966,-4.0224,-5.4287,-7.2226,-8.7843,-11.053,-13.276,-14.626,-16.007,-17.083,-18.181,-20.32,-22.578,-20.56,-17.224,-13.351,-10.472,-8.8047,-7.1082,-5.7716,-4.9898,-4.1563,-3.4908,-2.9514,-2.6145,-2.2521,-2.0843,-2.068,-2.227,-2.6366,-3.1833,-3.6418,-4.0939,-4.1803,-3.9774,-3.4436,-2.8622,-2.5329,-2.3344,-2.4597,-2.9843,-3.6582,-4.9541,-6.5958,-7.6504,-7.5097,-5.4757,-3.6112,-1.3839,0.41335,1.7732,2.5657,3.3544,3.8704,4.1178,4.2584,4.2071,3.9926,3.7127,3.1757,2.4447,1.7468,0.60204,-0.82081,-2.0943,-4.075,-6.2544,-8.0959,-8.5315,-7.5276,-5.7366,-4.3638,-2.8002,-1.5572,-0.85256,-0.11508,0.31513,0.44648,0.45373,0.0018278,-0.66614,-1.2102,-2.6971,-4.3491,-6.7015
-1.273,-2.3658,-4.4622,-7.4499,-10.102,-10.57,-6.7417,-4.1041,-1.4876,0.35629,1.5464,2.1588,2.5266,2.5143,2.2489,1.5012,0.35655,-0.84578,-2.8313,-4.9831,-6.1146,-5.5381,-3.6902,-1.7249,-0.51208,0.85269,1.8865,2.5065,3.2017,3.7127,4.1093,4.3055,4.4131,4.3471,4.1338,3.643,2.8668,1.7656,0.70326,-1.0846,-3.3462,-5.3989,-8.6878,-12.537,-15.572,-18.903,-21.381,-22.9,-21.056,-15.96,-11.611,-9.1428,-6.4823,-4.4809,-3.312,-2.0858,-1.2043,-0.60327,-0.33274,-0.16244,-0.23561,-0.42621,-0.85914,-1.5071,-2.3178,-3.0426,-4.1416,-5.3536,-6.3078,-7.5687,-8.7766,-9.5599,-10.478,-11.116,-11.335,-11.208,-10.608,-9.6458,-8.85,-7.7711,-6.8246,-6.2303,-5.6233,-5.2378,-5.1015,-5.1379,-5.4065,-5.8994,-6.4378,-7.4094,-8.6057,-10.049,-11.324,-13.154,-14.922,-16.206,-17.484,-18.204,-18.516,-18.741,-19.143,-19.536,-19.35,-17.456,-14.278,-11.795,-8.873,-6.5008,-5.0488,-3.4976,-2.3453,-1.5358,-1.1347,-0.86644,-0.8692,-1.0596,-1.5242,-2.2247,-3.1457,-3.9517,-5.1469,-6.4635,-7.4819,-8.9952,-10.706,-12.178,-14.29,-15.857,-15.25,-13.756,-11.55,-9.8521,-8.9094,-8.0865,-7.6476,-7.4812,-7.3576,-7.1354,-6.5779,-5.9629,-4.9244,-3.867,-3.1568,-2.3592,-1.7825,-1.3865,-1.1874,-1.0292,-0.92413,-0.8879,-0.86958,-0.89603,-0.94672,-1.059,-1.211,-1.3887,-1.5189,-1.6368,-1.6417,-1.5107,-1.1239,-0.50788,0.04556,0.80451,1.5046,2.0635,2.3774,2.6431,2.7467,2.7483,2.6543,2.4757,2.217,1.9635,1.5511,0.99114,0.4881,-0.30767,-1.2535,-2.0252,-3.0749,-4.0429,-4.744,-5.0552,-5.082,-4.7354,-4.2855,-3.5316,-2.7717,-2.2344,-1.5518,-1.1573,-0.87085,-0.82398,-1.2187,-1.3682,-2.0313,-3.0724,-4.0351,-5.9256
-2.8125,-3.5531,-4.9028,-6.6237,-7.6353,-7.5649,-5.4255,-3.5684,-1.3393,0.33571,1.5795,2.2376,2.7598,2.9756,2.9368,2.6486,2.152,1.6756,0.98215,0.33159,-0.17645,-0.40911,-0.55297,-0.57749,-0.56845,-0.57146,-0.50878,-0.43579,-0.19385,0.22149,0.7413,1.1697,1.6657,2.023,2.1672,2.1204,1.8348,1.2711,0.66684,-0.36869,-1.6639,-2.7528,-4.3353,-5.9196,-7.0206,-8.2474,-8.9877,-9.1889,-8.9074,-8.1075,-6.9805,-6.0046,-4.8334,-3.7598,-3.0649,-2.3584,-1.826,-1.5291,-1.4433,-1.5106,-1.7904,-2.1338,-2.7453,-3.5199,-4.4451,-5.2346,-6.383,-7.5998,-8.5876,-10.008,-11.561,-12.948,-15.131,-17.968,-21.494,-22.978,-20.423,-16.788,-14.534,-12.31,-10.673,-9.7226,-8.7968,-8.1628,-7.7999,-7.6838,-7.717,-8.0354,-8.3977,-9.1212,-10.137,-11.455,-12.587,-14.408,-16.387,-17.832,-19.34,-19.614,-19.165,-18.056,-16.573,-15.191,-14.057,-12.475,-10.799,-9.5407,-7.9302,-6.4358,-5.4461,-4.2902,-3.3232,-2.5449,-2.0888,-1.6205,-1.3504,-1.2478,-1.252,-1.4347,-1.7643,-2.1084,-2.6746,-3.3792,-3.9656,-4.7854,-5.6784,-6.328,-7.1283,-7.7426,-8.1817,-8.3633,-8.5365,-8.8113,-9.1692,-9.8917,-11.191,-12.595,-15.348,-19.09,-19.258,-15.666,-11.428,-8.2886,-6.5059,-4.7164,-3.3842,-2.4875,-2.0351,-1.6938,-1.6314,-1.7355,-2.0819,-2.609,-3.0641,-3.6514,-4.0619,-4.1092,-3.9125,-3.3866,-2.7184,-2.1902,-1.531,-0.96096,-0.62934,-0.31238,-0.19484,-0.27568,-0.4785,-0.92648,-1.5066,-1.9961,-2.57,-2.9569,-3.1462,-3.1809,-3.2171,-3.3432,-3.5591,-4.0621,-4.8145,-5.5386,-6.6861,-7.9959,-9.2675,-10.07,-10.598,-10.295,-9.6885,-8.5873,-7.4409,-6.6094,-5.7109,-5.0226,-4.4917,-4.3722,-4.1265,-4.3285,-4.7578,-4.9492,-5.8159,-6.2464
-4.0954,-3.7376,-3.3011,-2.8719,-2.4919,-1.829,-0.99548,-0.29229,0.65845,1.5162,2.2407,2.6331,3.0224,3.191,3.188,3.0483,2.7267,2.4142,1.884,1.2684,0.56179,-0.034171,-0.92227,-2.0018,-2.9343,-4.4663,-6.2327,-7.47,-8.3094,-7.3452,-5.4125,-3.9718,-2.3118,-1.0839,-0.40292,0.20011,0.47142,0.459,0.28005,-0.14694,-0.76563,-1.3188,-2.1288,-2.9666,-3.56,-4.2637,-4.8232,-5.1687,-5.2883,-5.2631,-5.0508,-4.825,-4.4302,-4.0488,-3.7817,-3.5,-3.3519,-3.3668,-3.4899,-3.8462,-4.3873,-4.9384,-5.8491,-6.9444,-8.2122,-9.2087,-10.573,-11.89,-12.81,-13.993,-15.174,-16.158,-17.75,-19.693,-21.709,-22.383,-21.045,-18.58,-16.903,-15.125,-13.794,-13.053,-12.314,-11.779,-11.334,-11.082,-10.839,-10.742,-10.821,-11.129,-11.792,-12.824,-13.943,-15.974,-19.004,-22.33,-31.083,-31.114,-24.071,-19.243,-16.234,-14.047,-12.731,-11.273,-10.026,-9.1989,-8.2214,-7.3713,-6.8017,-6.0907,-5.4142,-4.7592,-4.275,-3.6558,-3.0779,-2.6915,-2.2809,-1.9883,-1.8326,-1.8128,-1.9116,-2.128,-2.3826,-2.8151,-3.3185,-3.7507,-4.3764,-5.0526,-5.7924,-6.404,-7.3489,-8.4221,-9.3644,-10.823,-12.491,-13.887,-15.806,-17.211,-16.756,-15.106,-12.224,-9.5165,-7.7859,-5.8982,-4.485,-3.4987,-3.039,-2.7719,-2.927,-3.3234,-4.2729,-5.7859,-7.3886,-10.28,-13.611,-14.004,-11.677,-8.5393,-6.2162,-4.944,-3.7121,-2.9321,-2.5906,-2.452,-2.6866,-3.3224,-4.0953,-5.5709,-7.6643,-9.6695,-12.636,-14.091,-12.593,-10.99,-9.3726,-8.4048,-8.1106,-8.2066,-8.8082,-9.6184,-11.247,-13.679,-17.364,-21.711,-32.154,-23.617,-19.098,-15.59,-13.292,-11.985,-10.759,-9.6016,-8.8725,-8.4107,-7.8529,-8.1564,-7.9461,-8.718,-9.5405,-10.615
-6.2004,-4.7345,-3.1781,-1.9055,-1.1253,-0.17864,0.61626,1.1574,1.7791,2.3071,2.7027,2.9162,3.0914,3.1259,3.0691,2.8734,2.5522,2.2195,1.666,0.96789,0.12228,-0.63549,-1.8472,-3.3413,-4.7283,-7.0678,-10.4,-13.806,-18.256,-14.132,-9.5296,-7.0425,-4.6489,-2.9,-1.9427,-0.99687,-0.40835,-0.11503,-0.066334,-0.20793,-0.53968,-0.9094,-1.5121,-2.2266,-2.8031,-3.5917,-4.3529,-5.0271,-5.4491,-5.8361,-6.0191,-6.0452,-5.9236,-5.7048,-5.5639,-5.3913,-5.3736,-5.5066,-5.751,-6.2707,-7.0608,-7.83,-9.1466,-10.813,-12.83,-14.595,-17.093,-19.324,-20.169,-20.026,-19.267,-18.667,-18.13,-17.757,-17.501,-17.256,-16.861,-16.389,-16.074,-15.834,-15.812,-15.996,-16.315,-16.5,-16.227,-15.642,-14.62,-13.547,-12.929,-12.392,-12.19,-12.363,-12.722,-13.416,-14.363,-15.039,-15.654,-15.555,-15.054,-13.966,-12.82,-11.738,-11.055,-10.323,-9.7753,-9.5225,-9.3337,-9.3197,-9.3654,-9.4388,-9.3435,-8.8993,-8.2778,-7.1917,-5.9663,-5.088,-4.0464,-3.182,-2.5322,-2.1761,-1.8755,-1.7501,-1.7664,-1.9365,-2.2467,-2.5743,-3.1309,-3.843,-4.6984,-5.4816,-6.6982,-8.1717,-9.4678,-11.497,-13.727,-15.343,-16.671,-16.246,-14.428,-12.688,-10.387,-8.2232,-6.8082,-5.191,-3.9608,-3.0905,-2.6824,-2.4863,-2.677,-3.1048,-4.0587,-5.5134,-6.9791,-9.387,-11.735,-12.048,-10.711,-8.444,-6.5511,-5.4722,-4.4417,-3.8043,-3.5638,-3.5754,-3.944,-4.7248,-5.6006,-7.2689,-9.5741,-11.808,-15.28,-16.994,-15.174,-13.415,-11.657,-10.642,-10.264,-10.187,-10.581,-11.167,-12.326,-13.882,-15.799,-17.22,-18.568,-18.774,-18.508,-17.909,-17.306,-16.815,-15.758,-14.385,-13.063,-11.965,-11.348,-10.497,-10.447,-10.957,-11.74,-13.929
-5.5858,-4.0016,-2.2911,-0.93624,-0.12205,0.75626,1.4329,1.8348,2.231,2.5021,2.6475,2.713,2.6894,2.589,2.4589,2.1913,1.8513,1.5143,0.97969,0.30644,-0.48875,-1.1879,-2.2464,-3.4292,-4.3991,-5.6298,-6.8029,-7.3869,-7.7106,-7.2395,-6.2629,-5.3029,-3.9779,-2.7514,-1.9538,-1.1214,-0.52252,-0.17692,-0.083451,-0.17939,-0.499,-0.88948,-1.5974,-2.5145,-3.3389,-4.6079,-6.0395,-7.5857,-8.7061,-9.9052,-10.416,-10.254,-9.6306,-8.8062,-8.2698,-7.7243,-7.4384,-7.4216,-7.6169,-8.1121,-8.96,-9.7895,-11.255,-13.15,-15.629,-18.035,-22.38,-29.056,-31.23,-25.488,-21.534,-19.667,-17.936,-16.73,-15.896,-15.432,-15.042,-14.951,-15.082,-15.623,-16.771,-18.199,-21.359,-27.732,-31.563,-23.93,-18.458,-15.288,-13.668,-12.168,-11.17,-10.591,-10.345,-10.179,-10.162,-10.17,-10.149,-10.078,-9.9516,-9.721,-9.4791,-9.2777,-9.1968,-9.1943,-9.3951,-9.7129,-10.407,-11.536,-12.776,-15.219,-18.608,-19.862,-16.936,-12.656,-9.4316,-7.5777,-5.6434,-4.1848,-3.1033,-2.4915,-1.905,-1.5653,-1.4377,-1.4249,-1.6019,-1.8366,-2.2846,-2.903,-3.6911,-4.4084,-5.5578,-7.0187,-8.368,-10.693,-13.897,-17.37,-23.16,-19.298,-13.822,-10.956,-8.0482,-5.8307,-4.4881,-3.0552,-1.9677,-1.2176,-0.85776,-0.6473,-0.72057,-0.95916,-1.4912,-2.2138,-2.8317,-3.6504,-4.3174,-4.6964,-4.7542,-4.6116,-4.2998,-4.0283,-3.6972,-3.4555,-3.3765,-3.4275,-3.6798,-4.166,-4.684,-5.5725,-6.6193,-7.464,-8.5012,-9.2808,-9.7154,-9.9201,-10.041,-10.13,-10.201,-10.348,-10.593,-10.86,-11.344,-11.967,-12.82,-13.494,-14.612,-15.913,-17.176,-19.551,-23.592,-28.795,-27.201,-20.446,-16.465,-14.181,-12.707,-10.836,-10.628,-9.8124,-9.8213,-9.5159
-1.9208,-0.99176,0.13097,1.0051,1.5478,2.0468,2.3657,2.4757,2.4966,2.3916,2.2091,2.0468,1.7972,1.5543,1.3596,1.0924,0.78959,0.52745,0.10162,-0.43217,-1.1052,-1.7006,-2.6284,-3.7044,-4.6027,-5.7486,-6.7552,-7.2401,-7.2808,-6.6806,-5.5329,-4.547,-3.1894,-1.9834,-1.1877,-0.34364,0.2488,0.574,0.64539,0.5157,0.11622,-0.34707,-1.2118,-2.3549,-3.4304,-5.207,-7.541,-10.664,-13.97,-21.496,-27.558,-19.262,-14.116,-11.467,-10.103,-9.0158,-8.3963,-8.2294,-8.3223,-8.749,-9.4633,-10.197,-11.352,-12.745,-14.302,-15.466,-16.908,-17.963,-18.273,-18.057,-17.269,-16.549,-15.45,-14.464,-13.596,-13.083,-12.574,-12.312,-12.305,-12.559,-13.162,-13.801,-14.866,-15.711,-15.635,-14.808,-13.195,-11.541,-10.495,-9.3079,-8.4316,-7.7977,-7.4386,-7.1441,-6.9229,-6.8365,-6.7625,-6.7577,-6.7715,-6.8658,-6.9964,-7.2204,-7.4361,-7.8164,-8.3318,-8.7974,-9.6191,-10.692,-11.733,-13.403,-15.029,-15.255,-13.784,-11.033,-8.4268,-6.8107,-5.0042,-3.6161,-2.5463,-1.9386,-1.3418,-0.97223,-0.8266,-0.78422,-0.89792,-1.0728,-1.4205,-1.8536,-2.3952,-2.8357,-3.5107,-4.2506,-4.8332,-5.6336,-6.3637,-6.7416,-6.8032,-6.2266,-5.0994,-4.0644,-2.6243,-1.2912,-0.403,0.59943,1.3828,1.9316,2.1881,2.3344,2.2482,2.049,1.6058,0.99121,0.45203,-0.34581,-1.1713,-1.9731,-2.5012,-3.0587,-3.3936,-3.4754,-3.3733,-3.153,-2.9668,-2.7503,-2.6816,-2.7767,-2.9839,-3.4051,-4.0253,-4.5788,-5.4534,-6.4484,-7.5651,-8.4442,-9.6103,-10.572,-11.015,-11.115,-10.764,-10.394,-10.008,-9.8283,-9.9028,-10.156,-10.75,-11.675,-12.562,-14.031,-15.507,-16.259,-16.108,-14.71,-12.938,-11.772,-10.44,-9.2812,-8.8088,-7.7276,-7.2206,-6.2839
1.6392,2.3348,3.0278,3.4771,3.6374,3.6385,3.3801,3.0326,2.4007,1.6243,0.80546,0.18482,-0.42946,-0.85661,-1.0163,-1.0746,-1.1031,-1.1105,-1.2075,-1.3966,-1.7807,-2.1982,-3.0129,-4.1885,-5.3953,-7.7049,-11.05,-14.635,-16.28,-11.23,-7.0598,-4.756,-2.4704,-0.74439,0.21207,1.1822,1.7823,2.0673,2.0897,1.8853,1.4153,0.90301,0.011057,-1.1164,-2.1093,-3.6595,-5.4307,-7.4241,-8.9471,-10.678,-11.412,-11.12,-10.266,-9.2164,-8.6125,-8.0169,-7.734,-7.7461,-7.9296,-8.4322,-9.1525,-9.8769,-10.981,-12.225,-13.445,-14.379,-15.392,-16.017,-16.208,-15.983,-15.367,-14.648,-13.527,-12.326,-11.171,-10.402,-9.5181,-8.8158,-8.428,-8.0857,-7.8905,-7.8349,-7.7752,-7.6556,-7.443,-7.1844,-6.7731,-6.2923,-5.9309,-5.5048,-5.1549,-4.8683,-4.7035,-4.5269,-4.4079,-4.3513,-4.3525,-4.4186,-4.557,-4.8387,-5.2598,-5.7909,-6.2479,-6.9084,-7.5168,-7.9013,-8.2789,-8.4956,-8.5337,-8.4153,-8.0967,-7.4779,-6.8238,-5.7558,-4.618,-3.7696,-2.7344,-1.8588,-1.1658,-0.76556,-0.4016,-0.19567,-0.15826,-0.25095,-0.45922,-0.69624,-1.0795,-1.4994,-1.8748,-2.102,-2.2585,-2.2362,-2.1183,-1.8213,-1.4276,-1.0474,-0.43824,0.29852,1.1214,1.7825,2.6541,3.49,4.0612,4.7207,5.2331,5.586,5.7312,5.7552,5.5748,5.3006,4.744,3.9551,3.1999,1.9659,0.44544,-1.3613,-2.8888,-4.9197,-6.3146,-6.445,-5.5283,-4.1727,-3.2191,-2.2148,-1.5184,-1.1211,-1.0007,-1.0846,-1.428,-1.8701,-2.7385,-3.9991,-5.7751,-7.5509,-10.943,-16.421,-21.871,-17.199,-12.088,-9.7812,-7.8027,-6.6557,-6.0202,-5.8515,-5.8585,-6.136,-6.4397,-6.9233,-7.3528,-7.6497,-7.7517,-7.8432,-7.6385,-7.6745,-7.2236,-7.5176,-7.0161,-6.9345,-6.1345,-5.3287
4.3576,4.8597,5.2164,5.2651,5.059,4.5063,3.567,2.6175,0.94482,-1.173,-3.7921,-5.7897,-7.8536,-8.0517,-7.3413,-6.2705,-5.3497,-4.8368,-4.2546,-3.8093,-3.4675,-3.364,-3.4505,-3.8896,-4.4362,-5.6521,-7.0903,-8.1036,-8.0526,-6.2856,-3.855,-2.2111,-0.36697,1.0338,1.8393,2.5693,2.9787,3.0726,2.9472,2.5306,1.877,1.2361,0.24517,-0.86408,-1.7292,-2.8831,-3.9813,-5.0092,-5.6855,-6.4417,-6.9841,-7.1827,-7.3851,-7.3661,-7.3998,-7.382,-7.5073,-7.7428,-8.0893,-8.7349,-9.7157,-10.616,-12.165,-13.944,-15.979,-17.475,-19.337,-20.646,-21.101,-20.652,-18.904,-17.089,-14.628,-12.329,-10.31,-9.0037,-7.5464,-6.3956,-5.6834,-4.9428,-4.392,-4.0881,-3.7786,-3.5776,-3.4469,-3.4024,-3.3786,-3.4598,-3.546,-3.7576,-3.9833,-4.1878,-4.2973,-4.2854,-4.1934,-4.064,-3.9229,-3.901,-4.0244,-4.3942,-5.1139,-6.1738,-7.2292,-8.8656,-10.504,-11.311,-11.206,-10.087,-9.0158,-7.667,-6.4576,-5.3538,-4.6352,-3.736,-2.936,-2.3824,-1.7857,-1.3092,-0.9892,-0.84572,-0.7834,-0.86319,-1.0007,-1.3018,-1.7767,-2.2487,-3.0347,-4.0117,-4.9551,-5.4347,-5.3009,-4.264,-3.1445,-1.5581,-0.047983,0.96829,2.1779,3.25,4.2036,4.8431,5.6172,6.2971,6.7495,7.2599,7.6592,7.9269,8.034,8.0259,7.8342,7.5456,6.9538,6.0877,5.2243,3.7409,1.7872,-0.82087,-3.4411,-8.4655,-16.559,-14.916,-8.5718,-5.0898,-3.4125,-1.888,-0.82352,-0.10884,0.25803,0.51677,0.5461,0.37974,-0.066301,-0.83377,-1.9496,-3.0455,-4.7433,-6.4135,-7.1098,-6.7555,-5.4425,-4.3798,-3.2181,-2.4052,-1.9628,-1.808,-1.8353,-2.0344,-2.2856,-2.6828,-3.1554,-3.4954,-4.0132,-4.5033,-5.1543,-5.6336,-6.7062,-7.841,-9.0818,-11.176,-11.434,-9.8764
5.6804,5.8561,5.8365,5.5038,5.0432,4.1015,2.7575,1.4406,-0.81795,-3.8399,-7.9321,-12.14,-18.11,-16.559,-13.94,-12.489,-11.897,-11.754,-10.957,-9.4991,-7.6897,-6.508,-5.2275,-4.3652,-3.8896,-3.4809,-3.1097,-2.8282,-2.2623,-1.5271,-0.588,0.10777,1.0151,1.7422,2.1808,2.5118,2.5756,2.3332,1.9455,1.1221,-0.010887,-1.0675,-2.6516,-4.311,-5.4241,-6.5221,-7.17,-7.5101,-7.7229,-8.0377,-8.5275,-8.9343,-9.4405,-9.8715,-10.038,-10.088,-10.038,-10.025,-10.205,-10.72,-11.731,-12.799,-14.863,-17.705,-21.816,-25.629,-31.432,-33.526,-36.073,-51.714,-28.72,-22.593,-17.265,-13.576,-10.816,-9.1601,-7.3876,-6.0178,-5.2113,-4.3686,-3.7548,-3.4102,-3.1061,-2.9791,-2.9849,-3.1094,-3.4138,-3.9615,-4.545,-5.5713,-6.8661,-8.3175,-9.2016,-9.4718,-8.6121,-7.6511,-6.4386,-5.6502,-5.3605,-5.4593,-6.1111,-7.4415,-9.0045,-12.154,-17.608,-24.985,-20.399,-14.237,-11.619,-9.3384,-7.7551,-6.5902,-5.8741,-5.0874,-4.4379,-4.0573,-3.7189,-3.5716,-3.6404,-3.83,-4.1702,-4.5876,-4.8849,-5.2433,-5.6702,-6.1249,-7.1645,-9.0176,-12.622,-18.311,-24.487,-11.589,-7.3682,-3.7027,-1.1453,0.33135,1.8793,3.0688,4.0115,4.585,5.2373,5.7853,6.1546,6.6071,7.0192,7.3657,7.5687,7.7267,7.7211,7.5815,7.1929,6.551,5.8948,4.7677,3.3616,1.7139,0.37576,-1.3491,-2.688,-3.2677,-3.4772,-3.278,-2.9838,-2.5004,-1.9453,-1.3149,-0.81333,-0.1758,0.37161,0.67865,0.94194,1.0249,0.93366,0.7753,0.51206,0.27942,0.18064,0.18213,0.28893,0.39195,0.48527,0.48722,0.31135,0.090122,-0.39093,-0.97407,-1.4921,-2.2164,-2.9549,-3.4527,-4.1835,-4.762,-5.5833,-6.0876,-7.5242,-8.5322,-11.038,-12.937,-15.642,-12.64
6.1626,6.0752,5.7941,5.2446,4.6882,3.6648,2.3808,1.1943,-0.60523,-2.6983,-4.8823,-6.5106,-8.5086,-10.131,-11.408,-13.491,-17.158,-22.614,-27.447,-16.368,-11.418,-8.9974,-6.7497,-5.1953,-4.3786,-3.455,-2.8028,-2.3119,-1.7357,-1.0658,-0.4267,0.071974,0.68021,1.2054,1.4693,1.6528,1.5413,1.0937,0.51502,-0.65641,-2.3677,-4.0987,-7.2277,-11.811,-16.515,-19.262,-15.009,-12.4,-11.534,-11.338,-12.011,-13.2,-15.175,-17.712,-18.225,-16.89,-14.758,-13.293,-12.579,-12.286,-12.61,-13.271,-14.724,-16.922,-19.8,-22.321,-25.104,-25.485,-24.291,-22.262,-19.51,-17.285,-14.482,-11.972,-9.939,-8.6615,-7.3126,-6.2561,-5.6844,-5.0835,-4.6895,-4.471,-4.3105,-4.2313,-4.2824,-4.4026,-4.7821,-5.4158,-6.1682,-7.6459,-10.025,-14.018,-19.545,-23.882,-14.664,-11.112,-8.2348,-6.5467,-5.7944,-5.3848,-5.4736,-6.0657,-6.7423,-7.9348,-9.1154,-9.8316,-10.213,-10.127,-9.943,-9.733,-9.5561,-9.36,-9.0297,-8.4227,-7.721,-7.305,-6.9456,-7.0445,-7.6212,-8.4419,-10.008,-11.845,-12.761,-12.527,-11.057,-10.013,-9.0772,-8.6881,-8.6005,-8.4611,-7.6406,-6.0428,-4.6035,-2.6791,-1.0331,-0.0069572,1.0574,1.7989,2.2572,2.4588,2.5907,2.7,2.8353,3.2066,3.7917,4.5345,5.0927,5.7465,6.2088,6.3997,6.423,6.1747,5.8152,5.1114,4.1673,3.0259,2.0712,0.70017,-0.72904,-1.84,-3.3378,-4.837,-5.8867,-6.8563,-6.8753,-5.8113,-4.6468,-2.9979,-1.5037,-0.51797,0.54788,1.3763,1.9877,2.3302,2.646,2.8326,2.8968,2.8944,2.7877,2.6245,2.2861,1.7604,1.0453,0.35027,-0.76904,-2.1103,-3.2266,-4.7858,-6.1767,-7.0052,-7.5828,-7.7942,-7.7174,-7.7733,-7.5896,-8.0422,-7.7471,-8.0314,-7.1902,-6.6196
6.1893,6.0414,5.6739,5.1165,4.5361,3.5857,2.3908,1.375,-0.14873,-1.7494,-3.3922,-4.4888,-5.9695,-7.1803,-8.0806,-9.1026,-9.9731,-10.338,-10.123,-9.2234,-7.8834,-6.9222,-5.8217,-4.9993,-4.5313,-4.185,-3.9332,-3.7724,-3.4367,-2.9197,-2.1996,-1.548,-0.6787,0.10605,0.55671,0.95553,1.0566,0.82457,0.39543,-0.51662,-1.8989,-3.2499,-5.5219,-8.1582,-9.9824,-11.204,-10.869,-10.253,-10.061,-10.427,-11.471,-12.899,-15.657,-19.319,-20.368,-17.885,-14.817,-12.859,-11.868,-11.143,-10.906,-11.017,-11.419,-12.051,-12.827,-13.273,-13.757,-13.787,-13.527,-12.823,-11.858,-10.996,-9.8306,-8.7514,-7.8149,-7.2543,-6.6958,-6.3932,-6.2848,-6.3248,-6.476,-6.6277,-6.7361,-6.671,-6.4681,-6.2597,-6.0347,-5.9464,-6.0293,-6.3816,-6.9796,-7.6241,-7.9167,-7.82,-7.0505,-6.2311,-5.1439,-4.2072,-3.7059,-3.2823,-3.1834,-3.3347,-3.611,-4.1406,-4.8284,-5.4223,-6.3543,-7.5021,-8.6177,-10.598,-13.478,-16.824,-17.475,-14.437,-11.436,-9.9133,-8.745,-8.4471,-8.9971,-10.001,-12.405,-16.472,-20.046,-17.697,-12.914,-10.424,-8.0771,-6.4585,-5.2078,-4.4076,-3.3814,-2.3948,-1.6543,-0.75399,0.0092412,0.44008,0.78378,0.81542,0.44761,-0.12787,-1.373,-3.1171,-4.4097,-4.6664,-2.5701,0.069325,1.7666,3.524,4.7578,5.3835,5.8645,5.9796,5.8423,5.3935,4.6587,3.652,2.7276,1.2576,-0.51024,-2.0633,-4.5679,-7.7975,-11.139,-19.183,-25.361,-13.298,-9.3605,-5.7468,-3.1433,-1.5672,0.14456,1.4991,2.5602,3.1892,3.8175,4.2272,4.3977,4.4455,4.2944,4.0442,3.5095,2.7079,1.6186,0.56463,-1.1825,-3.4838,-5.6599,-9.4756,-14.794,-18.998,-16.893,-13.373,-10.928,-10.019,-8.7811,-8.413,-7.5239,-7.2869,-6.3505,-5.647
5.9112,5.8929,5.6766,5.2457,4.7312,3.816,2.5889,1.4799,-0.23714,-2.1527,-4.0403,-5.3503,-6.34,-6.7211,-6.5605,-6.1936,-5.7545,-5.4184,-4.9735,-4.5116,-4.1412,-3.925,-3.8194,-3.98,-4.2972,-5.1116,-6.2634,-7.4236,-8.6639,-8.5692,-6.5464,-4.7487,-2.5539,-0.85981,0.1497,1.0836,1.6507,1.8654,1.802,1.4596,0.84148,0.23715,-0.70318,-1.6823,-2.3821,-3.1985,-3.8417,-4.426,-4.8659,-5.5453,-6.3893,-7.0419,-7.9622,-8.7261,-9.0023,-9.0649,-8.8026,-8.3936,-8.1465,-7.8546,-7.7036,-7.6527,-7.668,-7.7213,-7.7703,-7.8149,-7.7713,-7.6243,-7.4519,-7.0951,-6.6851,-6.3631,-5.9712,-5.6473,-5.461,-5.4595,-5.6564,-6.1618,-6.7429,-7.8986,-9.4518,-10.827,-12.353,-12.4,-10.721,-9.2053,-7.342,-5.9535,-5.1541,-4.3725,-3.7966,-3.3622,-3.049,-2.6605,-2.1898,-1.8319,-1.3394,-0.91342,-0.65215,-0.40179,-0.30196,-0.33933,-0.4788,-0.78391,-1.2665,-1.7495,-2.6163,-3.786,-4.9213,-6.8825,-9.3549,-11.725,-12.167,-10.532,-8.4096,-7.1757,-6.1221,-5.6375,-5.6767,-5.9432,-6.4866,-6.9587,-7.1216,-6.8908,-6.1175,-5.3745,-4.2959,-3.2652,-2.3052,-1.6441,-0.86179,-0.15244,0.32018,0.84837,1.2327,1.4019,1.4371,1.1904,0.57746,-0.22396,-1.8874,-4.5149,-7.1333,-8.3114,-4.3667,-0.54981,1.5949,3.6956,5.1479,5.8936,6.5056,6.736,6.6814,6.3268,5.673,4.7181,3.8116,2.3417,0.58219,-0.9181,-3.1565,-5.5636,-7.3282,-9.1408,-9.6768,-8.7135,-7.3145,-5.0593,-2.7764,-1.1849,0.68249,2.2644,3.5504,4.3161,5.109,5.6488,5.899,6.0267,5.9147,5.6734,5.128,4.3247,3.2172,2.1778,0.47442,-1.6589,-3.5603,-6.5231,-9.5687,-11.324,-11.751,-11.224,-10.655,-10.28,-10.389,-9.5712,-9.7021,-8.3069,-7.7511,-6.2975
4.7987,5.1821,5.4364,5.3162,5.0072,4.2256,3.0303,1.8007,-0.38526,-3.4275,-8.1404,-13.713,-19.041,-10.925,-7.645,-5.0766,-3.4836,-2.6929,-2.009,-1.6141,-1.4909,-1.5474,-1.8499,-2.4573,-3.1968,-4.5455,-6.6738,-9.0612,-13.557,-14.569,-9.089,-5.7975,-2.7027,-0.47111,0.75166,1.9758,2.7791,3.2487,3.428,3.4381,3.2594,3.01,2.5754,2.0503,1.6165,1.0169,0.38335,-0.24618,-0.74424,-1.4159,-2.1495,-2.6639,-3.3895,-3.9893,-4.4563,-4.9093,-5.2948,-5.5169,-5.6306,-5.6869,-5.6766,-5.619,-5.5191,-5.3849,-5.1927,-5.055,-4.8033,-4.5451,-4.3298,-4.0623,-3.8036,-3.6588,-3.5307,-3.5255,-3.6933,-3.9469,-4.5265,-5.398,-6.3535,-8.0522,-10.553,-13.213,-18.221,-18.658,-13.209,-10.112,-7.2173,-5.1049,-3.9312,-2.6889,-1.7519,-1.0372,-0.62395,-0.13831,0.24493,0.50629,0.81714,1.0784,1.2556,1.4452,1.6149,1.7159,1.7599,1.7362,1.615,1.4451,1.1107,0.64012,0.20878,-0.41313,-1.0179,-1.4629,-1.6421,-1.6382,-1.4858,-1.3324,-1.23,-1.282,-1.4903,-1.7421,-2.1354,-2.5149,-2.7211,-2.815,-2.7016,-2.4617,-1.9945,-1.388,-0.76886,-0.30431,0.24492,0.72249,1.01,1.3435,1.617,1.791,1.9703,2.0632,2.065,1.9962,1.8655,1.7594,1.8355,2.2574,3.1071,4.2111,5.0718,6.1269,6.9656,7.4298,7.8058,7.9028,7.7996,7.4201,6.7664,5.8486,4.978,3.5845,1.8946,0.42539,-1.8198,-4.4888,-6.843,-10.554,-13.727,-12.102,-9.0159,-5.3219,-2.3365,-0.50818,1.5584,3.2231,4.5545,5.3542,6.194,6.7798,7.0656,7.2511,7.2152,7.0437,6.6243,5.9925,5.1384,4.3556,3.1222,1.7014,0.53539,-1.0825,-2.7171,-3.8867,-5.42,-6.8885,-8.8522,-10.562,-14.039,-18.162,-19.164,-12.921,-9.8747,-7.1937
2.2127,3.1414,3.9106,4.2169,4.1917,3.8225,3.0773,2.2765,0.85673,-0.9124,-2.8555,-4.2135,-4.8976,-4.3195,-3.5224,-2.391,-1.5848,-1.1653,-0.86938,-0.8536,-1.0301,-1.2965,-1.7661,-2.3276,-2.8218,-3.4408,-4.1157,-4.4508,-4.6694,-4.3231,-3.3457,-2.432,-1.1015,0.11186,0.89667,1.7509,2.3824,2.8042,2.9942,3.097,3.0454,2.9168,2.6467,2.2747,1.944,1.4487,0.8938,0.29271,-0.18812,-0.8746,-1.586,-2.1863,-2.9995,-3.8661,-4.5597,-5.5013,-6.3922,-7.2089,-7.6194,-7.9458,-7.9349,-7.7845,-7.4405,-7.0471,-6.6496,-6.3028,-5.8811,-5.4393,-5.1085,-4.7068,-4.3592,-4.1545,-3.9886,-4.0016,-4.2053,-4.4875,-5.0533,-5.8083,-6.4892,-7.4736,-8.4308,-9.0346,-9.3843,-9.1259,-8.1796,-7.2259,-5.8298,-4.5375,-3.6914,-2.7443,-2.0344,-1.5072,-1.2242,-0.94608,-0.7868,-0.70105,-0.62648,-0.52267,-0.42022,-0.22115,0.061026,0.41918,0.72805,1.1419,1.5365,1.7925,2.0679,2.2509,2.3294,2.3615,2.3283,2.2532,2.1738,2.0338,1.8401,1.6314,1.2506,0.70393,-0.0080812,-0.66866,-1.6935,-2.8506,-3.7012,-4.6206,-5.046,-4.9139,-4.301,-3.4575,-2.6679,-2.2018,-1.7562,-1.5549,-1.5138,-1.5386,-1.4941,-1.3222,-0.85134,-0.1378,0.67818,1.3122,2.1014,2.845,3.3895,4.1008,4.8101,5.4907,5.9702,6.5288,6.9611,7.1819,7.3206,7.2606,7.0754,6.6394,5.9783,5.1026,4.2989,3.042,1.5639,0.30561,-1.5935,-3.8016,-5.692,-8.43,-10.35,-9.3677,-7.2634,-4.4121,-1.9529,-0.41867,1.3161,2.7139,3.8276,4.52,5.2398,5.7634,6.0264,6.2192,6.2437,6.1516,5.8872,5.4521,4.865,4.3283,3.4711,2.5017,1.6921,0.53707,-0.72369,-1.7175,-3.1456,-4.7602,-6.4801,-8.157,-10.289,-11.567,-12.447,-9.9421,-7.8065,-6.2788
0.87731,1.6234,2.328,2.7865,2.9387,2.9643,2.7737,2.5004,2.0331,1.4554,0.9066,0.55151,0.19363,0.022351,-0.052177,-0.12932,-0.2758,-0.48119,-0.91522,-1.5598,-2.3926,-3.1089,-4.0808,-4.8937,-5.247,-5.427,-5.171,-4.7931,-4.1724,-3.4111,-2.6609,-2.0867,-1.3523,-0.72066,-0.29982,0.12465,0.44903,0.66114,0.74089,0.77888,0.706,0.59457,0.3486,0.0028958,-0.31345,-0.81476,-1.3602,-1.9637,-2.4221,-3.0688,-3.7358,-4.3385,-5.2118,-6.3995,-7.4014,-9.152,-11.286,-13.715,-15.342,-16.02,-14.97,-13.883,-12.637,-11.737,-11.124,-10.71,-10.145,-9.433,-8.834,-7.978,-7.2159,-6.7397,-6.3178,-6.1457,-6.2478,-6.5272,-7.1241,-7.9887,-8.7075,-9.6961,-10.413,-10.579,-10.282,-9.4337,-8.3247,-7.4431,-6.3267,-5.396,-4.7948,-4.2429,-3.9149,-3.8179,-3.8587,-4.1044,-4.4381,-4.757,-5.1843,-5.5427,-5.7064,-5.6512,-5.239,-4.3957,-3.585,-2.3519,-1.1342,-0.28009,0.71019,1.5281,2.0233,2.523,2.8617,3.0389,3.0775,2.9847,2.7305,2.412,1.8106,0.97456,-0.17342,-1.2734,-3.1621,-5.747,-8.3931,-13.64,-18.893,-15.129,-10.238,-7.4512,-5.8255,-5.1917,-4.9525,-5.3813,-6.1219,-7.7216,-9.683,-10.447,-8.9515,-6.0813,-3.492,-1.9141,-0.22517,1.0992,1.8951,2.7807,3.4896,4.0771,4.4372,4.8126,5.0753,5.1838,5.2052,5.0683,4.8451,4.3822,3.7242,2.856,2.091,0.92599,-0.31541,-1.2637,-2.4469,-3.4539,-4.034,-4.486,-4.5166,-4.0821,-3.4875,-2.5231,-1.4732,-0.6993,0.21866,1.0251,1.707,2.1395,2.6092,2.9772,3.1832,3.3593,3.4166,3.3834,3.2369,2.9726,2.6004,2.2498,1.7011,1.0473,0.49172,-0.33769,-1.2459,-1.9868,-2.9905,-4.0407,-5.0373,-5.6045,-6.4227,-6.5024,-6.4711,-6.0506,-5.0412,-4.3086
0.46607,0.80106,1.2314,1.6354,1.8738,2.1577,2.3517,2.4397,2.5126,2.4982,2.431,2.3823,2.2127,2.0009,1.7879,1.3758,0.8074,0.22364,-0.81101,-2.1722,-3.9953,-5.7213,-8.6121,-12,-13.424,-12.097,-9.2291,-7.5086,-5.6491,-4.2982,-3.3571,-2.8125,-2.349,-2.0843,-1.9908,-2.0077,-2.1127,-2.2338,-2.2996,-2.3481,-2.3884,-2.4384,-2.6243,-2.9734,-3.3649,-4.0549,-4.8331,-5.6096,-6.0662,-6.4646,-6.7134,-6.9003,-7.2908,-8.1253,-9.049,-10.856,-13.664,-17.873,-22.266,-23.77,-19.493,-17.357,-16.032,-15.836,-16.481,-17.292,-17.567,-16.073,-14.289,-11.977,-10.164,-9.118,-8.1865,-7.6605,-7.5948,-7.8687,-8.6387,-10.052,-11.635,-14.684,-19.09,-20.652,-16.674,-12.644,-9.8956,-8.3858,-6.9749,-6.037,-5.6094,-5.4144,-5.5619,-6.0793,-6.6669,-7.7415,-8.9951,-10.037,-11.421,-12.949,-14.222,-15.888,-15.888,-12.927,-10.194,-6.8859,-4.2248,-2.5613,-0.75479,0.66857,1.5261,2.4182,3.0485,3.4473,3.6027,3.6193,3.4286,3.147,2.5773,1.7818,0.71372,-0.26951,-1.8806,-3.8681,-5.5565,-7.7656,-9,-8.7216,-7.4303,-6.1656,-5.3187,-5.0446,-5.1957,-5.9595,-7.0043,-9.2565,-12.469,-14.204,-11.815,-7.8913,-4.8864,-3.212,-1.499,-0.26062,0.43444,1.1408,1.634,2.0088,2.2213,2.4526,2.6333,2.7293,2.7836,2.717,2.5637,2.173,1.5369,0.58727,-0.31862,-1.801,-3.5137,-4.8121,-6.1272,-6.4901,-6.1441,-5.2765,-4.3252,-3.4476,-2.8543,-2.2208,-1.745,-1.4814,-1.2642,-1.1412,-1.0257,-0.92961,-0.72967,-0.49041,-0.28904,-0.081199,0.027265,0.034245,-0.047582,-0.19256,-0.37762,-0.54057,-0.78002,-1.1131,-1.424,-1.9585,-2.6371,-3.2338,-4.1438,-5.0374,-5.9479,-6.3383,-6.6724,-6.5898,-5.9584,-5.4813,-4.2634,-3.3732
-1.4559,-1.2654,-0.86706,-0.41773,-0.0039229,0.53507,1.1118,1.5415,2.0681,2.5539,2.9125,3.1274,3.2673,3.2239,3.0946,2.6972,2.0709,1.4217,0.2752,-1.2153,-3.1729,-4.9861,-7.9913,-11.507,-13.006,-11.546,-8.827,-7.0777,-5.3517,-4.2012,-3.4476,-3.161,-3.1363,-3.459,-3.9739,-4.8866,-6.0273,-7.0343,-7.3731,-7.1651,-6.4467,-5.9412,-5.5565,-5.6937,-6.2118,-7.509,-9.6514,-12.366,-13.898,-13.03,-10.783,-9.265,-8.109,-7.5686,-7.6688,-8.1764,-9.0609,-10.169,-10.945,-11.741,-12.286,-12.604,-13.392,-14.905,-17.539,-20.717,-24.989,-20.415,-16.679,-13.201,-10.836,-9.5547,-8.2926,-7.5241,-7.1586,-7.1512,-7.564,-8.4711,-9.4921,-11.303,-13.046,-13.386,-11.944,-9.6815,-7.7584,-6.6804,-5.6708,-5.1407,-5.0737,-5.3373,-6.0872,-7.3442,-8.714,-11.049,-14.156,-16.852,-19.549,-20.269,-20.35,-21.439,-21.029,-16.185,-12.394,-8.2681,-5.049,-3.1347,-1.0235,0.63802,1.6441,2.7044,3.4793,3.9924,4.2174,4.3248,4.2193,4.0189,3.5863,2.9841,2.2524,1.6255,0.71127,-0.20974,-0.87103,-1.6122,-2.1059,-2.305,-2.3858,-2.3553,-2.384,-2.4524,-2.7031,-3.0797,-3.4769,-3.9761,-4.3221,-4.3401,-3.9697,-3.2319,-2.376,-1.7734,-1.141,-0.72691,-0.56565,-0.5526,-0.6803,-0.90056,-1.0233,-1.0415,-0.86291,-0.60441,-0.18563,0.20007,0.38976,0.41224,0.082021,-0.68082,-1.6287,-3.5612,-6.6385,-10.309,-21.404,-17.712,-11.086,-6.8704,-4.4676,-3.0662,-2.4634,-2.0962,-2.199,-2.5599,-3.3801,-4.5098,-5.6348,-6.1684,-6.0256,-5.2814,-4.6558,-4.0491,-3.817,-3.8854,-4.185,-4.5081,-4.6319,-4.5012,-4.1619,-3.8287,-3.6938,-3.7931,-4.2659,-4.8763,-6.1272,-7.8171,-9.9159,-11.687,-12.249,-11.375,-8.8818,-6.9343,-4.93,-3.2312
-6.6736,-6.1971,-5.4664,-4.6967,-4.0681,-3.1607,-2.0696,-1.1534,0.089386,1.2879,2.3297,2.9127,3.5362,3.8647,3.907,3.7428,3.2843,2.7615,1.8552,0.6972,-0.62771,-1.6626,-2.9857,-4.0497,-4.4928,-4.6869,-4.368,-3.9606,-3.4393,-3.0032,-2.8151,-2.8999,-3.2928,-4.1844,-5.2774,-7.438,-11.009,-18.123,-32.951,-15.769,-10.373,-8.2084,-6.5941,-6.0207,-6.1802,-7.1672,-9.1608,-12.111,-13.847,-12.442,-9.2503,-7.4568,-5.7622,-4.7809,-4.404,-4.3154,-4.521,-4.9227,-5.3428,-5.9574,-6.6386,-7.258,-8.1434,-9.1456,-10.217,-10.874,-11.388,-11.301,-10.937,-10.138,-9.2127,-8.506,-7.5159,-6.623,-5.8529,-5.3876,-4.9921,-4.8046,-4.7745,-4.8283,-4.8199,-4.6999,-4.396,-3.9345,-3.4889,-3.2395,-3.0635,-3.1609,-3.421,-4.0471,-5.0711,-6.5312,-8.0025,-10.588,-14.166,-17.596,-20.993,-18.891,-16.512,-13.946,-11.738,-9.5204,-7.8309,-5.577,-3.4868,-2.0624,-0.36698,1.0832,1.9966,2.9948,3.7397,4.2343,4.4496,4.5419,4.4256,4.2118,3.7947,3.2519,2.6472,2.1751,1.592,1.1052,0.80413,0.49893,0.29658,0.1771,0.03297,-0.11563,-0.31257,-0.50529,-0.78786,-1.1136,-1.3274,-1.5072,-1.5421,-1.4743,-1.2677,-1.0164,-0.80551,-0.73643,-0.85304,-1.2717,-1.8281,-2.9307,-4.4164,-6.2096,-7.5094,-8.5077,-7.9243,-6.706,-4.7876,-3.0269,-1.9502,-0.87935,-0.27553,-0.13423,-0.35179,-1.0437,-2.107,-2.9829,-3.8365,-3.8118,-3.2305,-2.2059,-1.3011,-0.74481,-0.62066,-0.84605,-1.5936,-2.5733,-4.5799,-7.8688,-14.047,-27.014,-16.571,-10.152,-7.9914,-6.653,-6.6158,-7.3594,-9.4931,-13.056,-15.15,-12.671,-8.9885,-6.6075,-5.561,-4.8861,-4.9125,-5.3771,-6.4815,-8.4925,-11.552,-14.366,-16.815,-13.648,-9.7263,-6.6609,-4.7232,-2.8625
-15.262,-13.369,-11.912,-11.274,-11.313,-10.759,-8.8256,-6.5161,-3.4265,-0.84159,1.233,2.4005,3.5513,4.2803,4.5424,4.5885,4.2734,3.8175,2.9415,1.793,0.46061,-0.60826,-1.975,-3.0439,-3.55,-3.6788,-3.3804,-3.0666,-2.5726,-2.2244,-2.1374,-2.2294,-2.5998,-3.2967,-3.9702,-5.1749,-6.5105,-7.5883,-7.8307,-7.1763,-5.8277,-4.7793,-3.6518,-2.9055,-2.6022,-2.5035,-2.6075,-2.7415,-2.7329,-2.4367,-1.9413,-1.4798,-0.94082,-0.61309,-0.4585,-0.47299,-0.69876,-1.0773,-1.4369,-2.0167,-2.6712,-3.2254,-4.0009,-4.7979,-5.6264,-6.2803,-7.1555,-8.0886,-8.761,-9.6547,-10.134,-9.9081,-8.7552,-6.98,-5.2396,-4.1102,-2.8516,-1.9131,-1.3953,-0.87761,-0.54337,-0.37898,-0.24032,-0.23453,-0.33926,-0.49148,-0.84286,-1.3296,-1.7629,-2.4861,-3.3149,-4.2746,-5.0515,-6.1752,-7.3092,-8.0112,-8.5789,-8.634,-8.343,-7.688,-6.8832,-5.871,-5.0204,-3.8101,-2.4835,-1.4521,-0.10529,1.1391,1.9637,2.8755,3.5387,3.9499,4.0851,4.0356,3.7399,3.3603,2.6742,1.8385,0.91618,0.27215,-0.37339,-0.67815,-0.63688,-0.35337,0.0095278,0.25133,0.43802,0.39381,0.13479,-0.23659,-0.89264,-1.6494,-2.1187,-2.4824,-2.3386,-1.951,-1.2711,-0.65585,-0.27856,-0.23083,-0.52814,-1.3467,-2.3741,-4.3486,-7.2893,-11.576,-16.273,-26.4,-19.517,-14.304,-9.3565,-5.593,-3.3828,-1.0921,0.56309,1.6486,2.1726,2.5626,2.6851,2.6801,2.6287,2.6079,2.6156,2.6289,2.5679,2.3817,2.1392,1.601,0.80668,0.040898,-1.2668,-2.7398,-4.148,-4.856,-4.9518,-4.4553,-4.0671,-3.8725,-4.2796,-5.0504,-6.7001,-8.7593,-9.6302,-8.6788,-6.6263,-4.9954,-4.1936,-3.6676,-3.6476,-3.9129,-4.5459,-5.2581,-6.0094,-6.3725,-6.1552,-5.6492,-4.9346,-3.4773,-2.4563,-1.493
-17.193,-15.852,-14.601,-14.731,-16.122,-19.785,-15.245,-9.8853,-4.8145,-1.3013,1.2,2.6523,3.985,4.8397,5.1982,5.2792,4.9663,4.4717,3.4312,1.9439,-0.075746,-2.045,-5.3806,-9.2011,-10.764,-8.6557,-5.9595,-4.4237,-3.0758,-2.3498,-2.0591,-2.0707,-2.3774,-2.8083,-3.1228,-3.504,-3.6522,-3.5053,-3.1984,-2.539,-1.7109,-1.0582,-0.20232,0.53925,0.99836,1.4827,1.8431,2.1228,2.293,2.4814,2.6358,2.7242,2.7413,2.6561,2.4848,2.1636,1.699,1.0968,0.59775,-0.12379,-0.87714,-1.4032,-2.1106,-2.8235,-3.5681,-4.2143,-5.327,-6.8725,-8.518,-12.061,-19.893,-32.567,-13.822,-8.1234,-4.685,-2.8562,-1.046,0.24066,0.94172,1.5972,1.9626,2.0643,2.0004,1.7017,1.1865,0.66585,-0.18704,-1.1347,-1.8623,-2.712,-3.3102,-3.6574,-3.7954,-3.9096,-4.0091,-4.0963,-4.2743,-4.4765,-4.6713,-5.009,-5.3992,-5.792,-5.912,-5.5716,-4.4756,-3.2982,-1.6027,-0.044222,0.94098,1.9487,2.6141,2.9356,2.9588,2.7044,2.1269,1.4817,0.28897,-1.3496,-3.5664,-5.6323,-8.436,-8.6669,-6.7771,-4.0478,-2.0187,-0.96625,-0.11906,0.13384,-0.20977,-0.86529,-2.4344,-4.9702,-7.7783,-11.741,-9.3605,-6.0429,-2.8852,-0.87898,0.26472,0.66791,0.65886,0.048986,-0.81145,-2.55,-5.0456,-8.4274,-11.696,-18.237,-28.807,-17.129,-9.5208,-4.7834,-2.1442,0.54829,2.5241,3.9387,4.7119,5.4167,5.8229,5.9653,5.9895,5.8524,5.66,5.3075,4.8493,4.3019,3.8569,3.2399,2.6277,2.1943,1.6719,1.2405,0.93225,0.81609,0.74786,0.76771,0.78841,0.73111,0.53929,0.29766,-0.10493,-0.50257,-0.75336,-0.83209,-0.87234,-0.91408,-1.0556,-1.4686,-2.154,-2.7902,-3.8025,-4.6877,-5.1409,-5.2925,-4.9237,-3.8466,-3.5052,-2.2808,-1.1798,-0.60487
-19.45,-15.54,-12.493,-10.444,-9.1266,-7.4987,-5.6076,-3.9805,-1.7652,0.23323,1.9034,2.9282,3.9399,4.5641,4.8092,4.8199,4.4938,4.0202,3.0695,1.7015,-0.16946,-1.9611,-4.9208,-8.0548,-9.2595,-7.9064,-5.7416,-4.5166,-3.5428,-3.1786,-3.3557,-3.8284,-4.8103,-6.0198,-6.9429,-7.5084,-7.0456,-5.7872,-4.6336,-3.1064,-1.7157,-0.77372,0.32906,1.2589,1.8559,2.5201,3.0258,3.3964,3.5918,3.7297,3.7549,3.6633,3.4274,3.0507,2.6363,1.9342,1.065,0.032434,-0.8454,-2.0404,-3.1378,-3.7814,-4.3001,-4.492,-4.5311,-4.5701,-4.7762,-5.2219,-5.7467,-6.532,-7.0202,-6.8377,-5.7298,-4.0099,-2.2828,-1.1332,0.13534,1.102,1.6343,2.0885,2.2786,2.2413,1.9272,1.3233,0.36435,-0.62802,-2.3418,-4.5954,-6.6215,-9.1393,-9.7103,-8.1113,-6.7106,-5.2115,-4.2222,-3.8032,-3.6064,-3.8124,-4.2604,-5.3148,-7.0742,-10.113,-14.057,-21.979,-13.615,-8.9759,-5.1761,-2.7318,-1.4716,-0.35683,0.22804,0.35231,0.18907,-0.32145,-1.1231,-1.8926,-3.1174,-4.6615,-6.6846,-8.6331,-11.376,-11.263,-8.7913,-5.5096,-3.0937,-1.8183,-0.72236,-0.2173,-0.29334,-0.70984,-1.7779,-3.4702,-4.9484,-6.2726,-5.335,-3.6547,-1.4704,0.19411,1.2966,1.7837,2.0071,1.7899,1.3658,0.44156,-0.83775,-2.3552,-3.5546,-4.8561,-5.1124,-4.3489,-2.4752,-0.34623,1.1515,2.8834,4.2686,5.3332,5.9178,6.4414,6.6954,6.7185,6.5363,6.1164,5.6562,4.8541,3.8789,2.7722,1.912,0.8969,0.2214,-0.00067834,0.11669,0.48549,0.98231,1.3655,1.8283,2.2262,2.4641,2.6841,2.7908,2.7962,2.7034,2.5259,2.2541,1.9763,1.4901,0.82051,0.14873,-1.0292,-2.6321,-4.2014,-6.8656,-10.508,-13.884,-13.203,-10.23,-7.1482,-5.5789,-4.1603,-2.8263,-1.918
-10.792,-9.6284,-7.8782,-6.1909,-5.0285,-3.5344,-2.1177,-1.1248,0.11916,1.214,2.1139,2.6368,3.1635,3.4402,3.4902,3.3918,3.0869,2.7307,2.1109,1.3368,0.42406,-0.30129,-1.2526,-2.034,-2.4429,-2.6847,-2.7591,-2.8382,-3.0454,-3.5733,-4.5688,-5.7091,-7.8732,-11.363,-15.823,-35.566,-17.679,-11.221,-8.4278,-5.7874,-3.8056,-2.5976,-1.2619,-0.1572,0.53774,1.2966,1.8816,2.2851,2.475,2.5837,2.5058,2.3287,1.9409,1.3373,0.7609,-0.25427,-1.5756,-3.2591,-4.8464,-7.5382,-10.879,-13.208,-13.134,-10.41,-8.027,-6.7155,-5.4563,-4.6325,-4.1947,-3.7184,-3.2757,-2.8948,-2.3018,-1.6187,-0.90752,-0.39809,0.20877,0.69103,0.95483,1.1507,1.1573,1.0267,0.6415,-0.027814,-1.041,-2.0855,-3.9593,-6.6217,-9.3357,-13.747,-14.333,-10.526,-8.1505,-5.9964,-4.6578,-4.0447,-3.6426,-3.6808,-3.9715,-4.704,-5.8431,-7.2637,-8.2801,-8.8824,-8.0289,-6.7907,-5.0793,-3.7269,-3.0102,-2.4636,-2.4069,-2.8236,-3.4463,-4.6539,-6.1646,-7.286,-8.336,-8.5349,-8.0925,-7.582,-6.7695,-5.734,-4.8142,-3.5023,-2.2678,-1.4788,-0.66884,-0.14523,0.1145,0.13499,0.023489,-0.15188,-0.24679,-0.17536,0.17003,0.5934,1.2805,1.9595,2.5297,2.8383,3.0781,3.1045,2.9909,2.7053,2.3131,1.8854,1.6151,1.418,1.4881,1.7374,2.2988,3.0284,3.6244,4.3901,5.0649,5.5959,5.8735,6.0673,6.0379,5.8606,5.3952,4.6509,3.8862,2.5488,0.76819,-1.5499,-3.747,-7.2829,-10.023,-9.3356,-6.5099,-3.9681,-2.066,-0.96892,0.21449,1.1174,1.6512,2.2084,2.5932,2.7776,2.8869,2.8352,2.6094,2.3221,1.7717,0.97441,0.19976,-1.1051,-2.8078,-4.4125,-7.0809,-10.218,-12.675,-12.652,-10.774,-8.718,-7.2255,-6.3894,-5.7722,-5.0827
-5.7261,-4.9482,-3.8434,-2.7269,-1.9145,-0.87924,0.039477,0.63999,1.3165,1.8396,2.1783,2.2974,2.3023,2.1534,1.9461,1.5918,1.1927,0.90579,0.55968,0.2722,0.037911,-0.12077,-0.32442,-0.53444,-0.67237,-0.90598,-1.2017,-1.4845,-2.0084,-2.7572,-3.7862,-4.7396,-6.2573,-7.9726,-9.1987,-10.147,-9.9782,-8.9587,-7.9762,-6.5866,-5.2518,-4.3025,-3.0904,-1.9821,-1.2547,-0.43104,0.20973,0.64228,0.82579,0.89351,0.74727,0.52748,0.056772,-0.6084,-1.2198,-2.2086,-3.45,-5.0345,-6.4943,-8.9591,-12.048,-14.152,-13.815,-10.882,-8.1982,-6.6622,-5.0989,-3.9662,-3.3042,-2.6312,-2.118,-1.8017,-1.4334,-1.1347,-0.87277,-0.70152,-0.5154,-0.37342,-0.29692,-0.23365,-0.24728,-0.3192,-0.50756,-0.85572,-1.3716,-1.8737,-2.6938,-3.6054,-4.2605,-4.8838,-5.0535,-4.7434,-4.3113,-3.6902,-3.152,-2.855,-2.642,-2.6257,-2.7307,-3.001,-3.3612,-3.7145,-3.9094,-3.9989,-3.8711,-3.6629,-3.318,-3.0227,-2.9144,-3.0114,-3.4688,-4.3954,-5.494,-7.731,-11.383,-16.081,-34.634,-16.565,-10.889,-8.3989,-6.0887,-4.3915,-3.3779,-2.2571,-1.3483,-0.79698,-0.21283,0.20695,0.50129,0.65854,0.82035,0.99557,1.1457,1.4148,1.7669,2.0778,2.5349,2.9974,3.413,3.6745,3.9353,4.0859,4.1246,4.1014,4.017,3.9035,3.8295,3.7789,3.8123,3.9031,4.1078,4.3875,4.6236,4.9434,5.2286,5.4296,5.5102,5.4876,5.2868,5.0013,4.4194,3.5739,2.7382,1.3127,-0.55338,-2.9549,-5.201,-8.7091,-11.38,-10.853,-8.2444,-5.8466,-3.9562,-2.8012,-1.491,-0.38297,0.32686,1.1273,1.7566,2.11,2.4225,2.5379,2.461,2.277,1.8534,1.2299,0.6327,-0.33358,-1.4703,-2.4033,-3.6799,-4.9132,-5.8898,-6.3242,-6.6845,-7.1125,-7.2486,-7.6163,-8.5267,-9.6921
-3.1209,-2.2118,-1.1093,-0.12549,0.52863,1.2562,1.8301,2.1529,2.4059,2.452,2.2838,2.0114,1.4117,0.58317,-0.15072,-1.2384,-2.2035,-2.6669,-2.7829,-2.3942,-1.7507,-1.2627,-0.7016,-0.30258,-0.11827,-0.040626,-0.13211,-0.30922,-0.73047,-1.3328,-2.0928,-2.7589,-3.7735,-4.8393,-5.6175,-6.597,-7.4172,-8.03,-8.2767,-8.2415,-7.6419,-6.8293,-5.4825,-4.0964,-3.1412,-2.0737,-1.3,-0.81337,-0.64143,-0.66734,-0.93447,-1.2844,-1.9154,-2.633,-3.217,-3.9548,-4.6272,-5.2525,-5.6957,-6.2047,-6.538,-6.6095,-6.3288,-5.6688,-4.8099,-4.1459,-3.3273,-2.6457,-2.2481,-1.8619,-1.6234,-1.5398,-1.536,-1.6359,-1.825,-2.0011,-2.2418,-2.4307,-2.5045,-2.4796,-2.3238,-2.1566,-1.9237,-1.7233,-1.6086,-1.5827,-1.6286,-1.7233,-1.7956,-1.8771,-1.8907,-1.8278,-1.7535,-1.6233,-1.5146,-1.4732,-1.4831,-1.5644,-1.672,-1.8604,-2.0644,-2.2582,-2.3779,-2.471,-2.4796,-2.4398,-2.3614,-2.2898,-2.2877,-2.414,-2.7396,-3.3318,-3.9821,-5.1101,-6.4313,-7.352,-7.9013,-7.284,-5.9038,-4.7827,-3.4316,-2.3153,-1.6356,-0.92819,-0.42045,-0.14946,0.08951,0.21523,0.26059,0.29334,0.35497,0.48564,0.6677,1.0135,1.4878,1.9039,2.496,3.0876,3.626,3.9755,4.3384,4.5799,4.6828,4.7104,4.6367,4.501,4.3746,4.2073,4.0815,4.0354,4.0535,4.163,4.2875,4.4877,4.6795,4.8198,4.8688,4.8325,4.6583,4.4194,3.9441,3.2667,2.621,1.566,0.31854,-1.0986,-2.1898,-3.5707,-4.666,-5.187,-5.4944,-5.3839,-4.9038,-4.3102,-3.284,-2.087,-1.1796,-0.067647,0.87132,1.4328,1.9778,2.2946,2.3902,2.3193,2.044,1.595,1.1527,0.43797,-0.36813,-1.0173,-1.8951,-2.7576,-3.6064,-4.2245,-4.9926,-5.834,-6.882,-8.2267,-10.07,-13.298
-1.4693,-0.48396,0.6433,1.5623,2.1107,2.6527,3.0012,3.1254,3.0851,2.786,2.2177,1.5987,0.43067,-1.2128,-2.8436,-5.854,-10.279,-14.188,-12.565,-7.8577,-4.7438,-3.1313,-1.6202,-0.61167,-0.12227,0.25119,0.35607,0.29269,0.0084969,-0.46085,-1.0847,-1.6574,-2.5739,-3.6561,-4.5645,-6.0395,-7.8844,-10.361,-12.835,-17.022,-16.881,-13.297,-9.3047,-6.5035,-4.9573,-3.4772,-2.541,-2.0546,-1.9662,-2.2154,-2.8492,-3.5882,-4.8739,-6.3213,-7.3289,-8.1808,-8.1124,-7.4117,-6.769,-5.9209,-5.1695,-4.663,-4.0416,-3.4701,-2.948,-2.602,-2.2267,-1.9596,-1.8563,-1.8377,-1.9776,-2.1941,-2.6568,-3.3076,-4.1738,-4.9603,-6.116,-7.1736,-7.6681,-7.6247,-6.8005,-5.9271,-4.7529,-3.7096,-2.889,-2.4023,-1.9212,-1.5892,-1.4111,-1.2627,-1.1675,-1.1281,-1.1354,-1.1721,-1.265,-1.3743,-1.5598,-1.8034,-2.0167,-2.3425,-2.6786,-3.0114,-3.2278,-3.4277,-3.4781,-3.4062,-3.1753,-2.8498,-2.576,-2.2375,-1.9886,-1.8636,-1.8584,-1.9183,-2.0091,-2.0446,-1.9801,-1.7511,-1.3894,-1.079,-0.67284,-0.34385,-0.17757,-0.088247,-0.15677,-0.29898,-0.62684,-1.0822,-1.623,-2.0352,-2.5079,-2.7554,-2.6694,-2.1612,-1.2611,-0.43198,0.71297,1.7838,2.7055,3.2729,3.8362,4.1753,4.2859,4.2346,3.9694,3.5268,3.1098,2.5021,1.947,1.6491,1.4889,1.6204,1.8583,2.2729,2.6836,3.0289,3.2118,3.3468,3.3514,3.2672,3.0256,2.6287,2.2319,1.5597,0.72109,-0.28072,-1.1215,-2.393,-3.8401,-5.0597,-6.9463,-9.0056,-10.5,-10.165,-7.946,-5.3149,-3.5684,-1.6792,-0.24998,0.56354,1.3346,1.7928,1.9669,1.9326,1.6866,1.2408,0.80566,0.10661,-0.67827,-1.2881,-2.1008,-2.8371,-3.5349,-4.0708,-4.7111,-5.2984,-6.0392,-7.0433,-8.053,-9.1185
-0.55315,0.3489,1.3541,2.1373,2.5816,2.98,3.1511,3.1348,2.9131,2.4562,1.7537,1.0383,-0.13091,-1.6267,-3.0313,-5.2018,-7.5216,-8.7161,-8.3587,-6.4423,-4.4151,-3.1442,-1.8486,-0.95745,-0.52674,-0.18194,-0.10204,-0.20019,-0.48451,-0.92352,-1.5156,-2.0439,-2.8441,-3.7622,-4.5451,-5.8013,-7.3423,-9.2691,-10.936,-12.866,-12.716,-11.108,-8.5515,-6.4153,-5.1789,-3.9767,-3.2423,-2.961,-3.0319,-3.5269,-4.55,-5.7539,-8.0723,-11.771,-16.413,-30.72,-17.301,-11.67,-9.2391,-7.0918,-5.6348,-4.8167,-4.0188,-3.4558,-3.0782,-2.8872,-2.7741,-2.8049,-2.9106,-3.1843,-3.6203,-4.0658,-4.8527,-5.9346,-7.4114,-8.9103,-11.751,-16.463,-23.231,-22.531,-14.563,-11.3,-8.4385,-6.5072,-5.1507,-4.4078,-3.6681,-3.162,-2.9005,-2.6824,-2.5856,-2.6023,-2.6713,-2.8472,-3.0954,-3.3294,-3.6852,-4.1057,-4.4754,-5.0534,-5.7364,-6.5162,-7.1374,-7.8904,-8.2608,-8.0937,-7.2609,-6.018,-5.0168,-3.7729,-2.7189,-1.8724,-1.3687,-0.83879,-0.44661,-0.21408,0.021407,0.19417,0.29718,0.32337,0.2733,0.09794,-0.13848,-0.59074,-1.2327,-1.8519,-2.8601,-4.1145,-5.6466,-7.0487,-9.2683,-11.64,-12.614,-10.917,-7.6256,-5.333,-2.7875,-0.78129,0.74971,1.6154,2.4386,2.8843,2.9751,2.7656,2.1673,1.1313,0.049236,-1.8145,-4.0268,-5.4964,-6.0683,-4.8762,-3.6195,-2.1645,-1.1001,-0.37881,-0.013077,0.3163,0.51573,0.61034,0.67149,0.63085,0.52143,0.2405,-0.22685,-0.89754,-1.556,-2.6742,-4.1267,-5.5298,-8.0157,-11.58,-16.077,-15.813,-10.849,-6.9396,-4.8074,-2.6977,-1.1949,-0.38436,0.3487,0.7292,0.79042,0.64539,0.23064,-0.43713,-1.0827,-2.0919,-3.2234,-4.0799,-5.1428,-5.9501,-6.3743,-6.5124,-6.5973,-6.5963,-6.3717,-6.5715,-6.9385,-7.2083
-0.045134,0.7827,1.6749,2.3286,2.6709,2.9234,2.9332,2.788,2.4103,1.8473,1.108,0.46369,-0.47454,-1.4299,-2.0983,-2.884,-3.4106,-3.5662,-3.442,-2.9983,-2.3827,-1.9128,-1.3638,-0.9915,-0.82841,-0.8119,-0.99607,-1.2668,-1.7565,-2.3747,-3.0715,-3.5972,-4.2374,-4.7931,-5.1755,-5.5992,-5.9965,-6.3319,-6.5114,-6.5518,-6.2817,-5.8625,-5.1495,-4.3898,-3.8665,-3.3157,-2.9777,-2.9055,-3.0426,-3.4888,-4.2822,-5.1089,-6.5064,-8.1523,-9.3264,-10.209,-9.7709,-8.5595,-7.5533,-6.3811,-5.4673,-4.9558,-4.4695,-4.1825,-4.0796,-4.1145,-4.2838,-4.596,-4.9019,-5.4081,-5.9976,-6.4951,-7.2149,-8.0668,-9.0859,-10.004,-11.418,-12.86,-13.594,-13.421,-12.032,-10.725,-9.1219,-7.8516,-6.8983,-6.3589,-5.8329,-5.4785,-5.3112,-5.1834,-5.1996,-5.3367,-5.5204,-5.8911,-6.3602,-6.7454,-7.296,-7.8354,-8.2486,-8.8535,-9.7141,-11.039,-12.567,-15.829,-21.636,-22.665,-15.426,-10.614,-8.1194,-5.6435,-3.8109,-2.4219,-1.5993,-0.75519,-0.13586,0.20161,0.50083,0.63601,0.61599,0.4964,0.18088,-0.32371,-0.83564,-1.7181,-2.8431,-3.8675,-5.4554,-7.2958,-9.3567,-11.055,-13.652,-16.746,-18.284,-15.355,-10.645,-7.7183,-4.5987,-2.2033,-0.39659,0.63574,1.6068,2.1424,2.2567,2.0227,1.3073,0.028438,-1.3962,-4.1397,-8.34,-12.981,-15.093,-9.8872,-7.3178,-5.325,-4.3318,-3.9668,-3.9159,-3.9314,-3.7995,-3.533,-2.9927,-2.4008,-2.0397,-1.7409,-1.679,-1.8718,-2.1868,-2.7816,-3.5392,-4.18,-5.0653,-5.7751,-6.0668,-5.85,-5.0648,-3.9291,-3.0382,-1.9462,-1.0784,-0.60589,-0.23097,-0.15272,-0.36409,-0.7176,-1.454,-2.4983,-3.5128,-5.1954,-7.2997,-9.2016,-11.958,-14.061,-13.651,-12.106,-10.182,-8.8538,-7.974,-7.1834,-6.8654,-6.9285
0.76448,1.5796,2.416,2.9698,3.199,3.269,3.0841,2.7758,2.1469,1.286,0.23175,-0.60273,-1.7523,-2.7219,-3.172,-3.3665,-3.1687,-2.8482,-2.306,-1.741,-1.2575,-0.98295,-0.75931,-0.71145,-0.80912,-1.1548,-1.7253,-2.2903,-3.2629,-4.4569,-5.7487,-6.6628,-7.5299,-7.7263,-7.4309,-6.6809,-5.8611,-5.1274,-4.6543,-4.1179,-3.6573,-3.3522,-2.9905,-2.6695,-2.4731,-2.2687,-2.1455,-2.1053,-2.1542,-2.3398,-2.66,-2.9685,-3.4911,-4.0522,-4.4224,-4.8093,-5.0047,-5.0279,-4.9743,-4.8594,-4.7575,-4.7259,-4.7411,-4.8669,-5.1299,-5.4465,-6.0063,-6.7219,-7.3628,-8.2662,-9.1075,-9.6165,-10.076,-10.242,-10.24,-10.178,-10.077,-9.9385,-9.7659,-9.4516,-9.0412,-8.7179,-8.34,-8.0963,-8.0022,-8.0074,-8.0704,-8.1074,-8.0946,-8.0526,-8.0603,-8.2327,-8.5533,-9.2455,-10.281,-11.205,-12.394,-13.047,-12.997,-12.531,-12.129,-12.148,-12.498,-13.334,-13.954,-13.471,-11.421,-8.8354,-7.0331,-4.9811,-3.3266,-2.0127,-1.2156,-0.37534,0.24521,0.57105,0.84534,0.93254,0.83646,0.63581,0.18725,-0.48943,-1.1572,-2.3157,-3.8149,-5.1849,-7.4306,-10.17,-13.18,-15.067,-15.607,-14.1,-12.402,-9.8879,-7.2886,-5.4159,-3.105,-1.123,0.49979,1.4734,2.4397,3.0423,3.2568,3.2224,2.8165,2.0562,1.2692,-0.0018126,-1.3619,-2.2598,-3.0682,-3.4345,-3.6004,-3.9826,-4.8071,-6.3244,-8.0274,-10.95,-12.454,-10.854,-7.7569,-5.3682,-4.1179,-3.0345,-2.4788,-2.3453,-2.4499,-2.7843,-3.2295,-3.5317,-3.7719,-3.7834,-3.4952,-3.1106,-2.449,-1.7207,-1.1988,-0.60159,-0.18049,-0.0051629,0.01267,-0.22667,-0.7284,-1.2771,-2.266,-3.5407,-4.7063,-6.6014,-9.0135,-11.357,-15.498,-19.808,-17.583,-14.23,-10.976,-8.894,-8.0175,-6.891,-6.2199,-6.0824
2.1579,2.8903,3.5725,3.9443,4.023,3.8785,3.4567,2.9513,1.9982,0.66604,-1.0882,-2.7937,-5.5818,-8.6793,-10.005,-8.5123,-5.8615,-4.2059,-2.5435,-1.4088,-0.6975,-0.39907,-0.28977,-0.46647,-0.7964,-1.4357,-2.3478,-3.2061,-4.6954,-6.7024,-9.5793,-12.788,-19.776,-18.054,-12.875,-8.7358,-6.131,-4.416,-3.5088,-2.6959,-2.2196,-2.0502,-1.9864,-2.055,-2.1409,-2.2157,-2.1874,-2.0314,-1.8582,-1.6386,-1.4916,-1.4718,-1.5783,-1.8286,-2.1056,-2.5444,-3.0876,-3.6645,-4.1072,-4.6581,-5.1288,-5.4048,-5.7281,-6.0712,-6.5375,-7.0222,-7.9675,-9.2976,-10.597,-12.703,-15.108,-16.534,-16.735,-15.073,-13.06,-11.726,-10.281,-9.1808,-8.5529,-7.9522,-7.6407,-7.6179,-7.8874,-8.5356,-9.6031,-10.66,-12.155,-13.091,-12.978,-12.092,-11.089,-10.583,-10.652,-11.434,-13.243,-15.657,-21.752,-34.093,-21.768,-15.601,-12.44,-10.57,-9.6227,-8.6953,-7.8776,-7.2133,-6.2252,-5.1032,-4.2523,-3.1519,-2.1279,-1.2328,-0.65959,-0.018277,0.46178,0.71784,0.91928,0.964,0.838,0.62878,0.18997,-0.46082,-1.1099,-2.2089,-3.6438,-4.998,-7.2773,-10.323,-14.67,-18.616,-18.166,-13.084,-10.047,-6.8973,-4.3306,-2.6583,-0.68546,1.0088,2.428,3.2977,4.2231,4.8695,5.1773,5.3536,5.2796,4.9772,4.626,4.0245,3.3103,2.7382,1.9446,1.0909,0.36801,-0.78709,-2.3104,-4.3511,-6.3511,-9.5131,-11.187,-9.7746,-6.8363,-4.5711,-3.3807,-2.4022,-2.0175,-2.1564,-2.5623,-3.4853,-4.7018,-5.5806,-6.1221,-5.5525,-4.2053,-3.1061,-1.7435,-0.65237,-0.029103,0.52728,0.78581,0.78393,0.53393,0.0089437,-0.78317,-1.5356,-2.7067,-4.0356,-5.0888,-6.5098,-7.8712,-8.7468,-9.5722,-9.8855,-9.4963,-8.8181,-7.6622,-6.4103,-5.8159,-5.0808,-4.5564,-4.2711
3.393,3.8318,4.1652,4.225,4.1099,3.7443,3.1336,2.524,1.4959,0.17662,-1.5321,-3.1905,-6.0729,-9.6312,-11.14,-8.8884,-5.6844,-3.8263,-2.0723,-0.99052,-0.44085,-0.32318,-0.51521,-1.0844,-1.7172,-2.7299,-3.8553,-4.7359,-5.8779,-7.0422,-8.3301,-9.3214,-10.218,-9.5983,-8.2252,-6.0476,-4.2112,-2.8761,-2.2035,-1.7053,-1.6598,-1.9048,-2.6097,-3.7124,-4.6826,-5.792,-5.9977,-5.133,-4.1405,-2.8667,-1.9236,-1.4852,-1.2094,-1.299,-1.6109,-2.3236,-3.3852,-4.7822,-5.9934,-7.6887,-9.0151,-9.4479,-9.3631,-9.0118,-8.8993,-9.1096,-9.9006,-11.374,-12.989,-15.977,-20.418,-24.824,-24.849,-19.383,-15.402,-13.15,-10.815,-9.062,-8.1109,-7.2425,-6.8455,-6.8708,-7.3833,-8.5436,-10.544,-12.924,-18.196,-30.053,-22.868,-15.879,-12.681,-11.054,-10.465,-10.381,-10.897,-11.571,-12.472,-12.686,-12.028,-10.552,-9.0191,-7.7005,-6.9218,-6.1009,-5.4557,-5.0674,-4.5745,-4.0984,-3.7232,-3.1906,-2.6295,-2.0669,-1.6714,-1.2092,-0.85692,-0.66299,-0.52664,-0.51077,-0.61222,-0.75939,-1.0637,-1.4943,-1.9224,-2.6294,-3.5031,-4.2676,-5.3881,-6.5082,-7.4049,-7.7149,-7.4586,-6.4283,-5.3393,-3.6515,-1.9025,-0.62212,0.96266,2.3754,3.5978,4.388,5.257,5.9147,6.2708,6.5727,6.6906,6.6289,6.4723,6.1294,5.6536,5.2139,4.5252,3.7207,3.0452,2.0396,0.95243,-0.16602,-0.95834,-1.7871,-2.1816,-2.1555,-1.8172,-1.3083,-0.97112,-0.71193,-0.81038,-1.3756,-2.2131,-4.0721,-7.2862,-11.578,-33.31,-12.578,-6.3916,-3.7748,-1.4933,-0.072519,0.59922,1.0683,1.1166,0.90323,0.31491,-0.60126,-1.8222,-2.9294,-4.5966,-6.4312,-7.8121,-9.4625,-10.489,-10.663,-10.223,-9.2843,-8.2073,-7.4303,-6.3442,-5.2444,-4.4169,-3.743,-3.2249,-2.8178
4.0077,4.0831,3.991,3.6647,3.2728,2.5753,1.7332,1.0656,0.20773,-0.52434,-1.1764,-1.5775,-2.0297,-2.2724,-2.2606,-1.863,-1.197,-0.66062,-0.076914,0.23264,0.19017,-0.1076,-0.8859,-2.1648,-3.4455,-5.669,-8.1658,-9.651,-9.7688,-8.4451,-7.0066,-6.0811,-4.9715,-3.9178,-3.1142,-2.1295,-1.2732,-0.64809,-0.39194,-0.3573,-0.76208,-1.3963,-2.8426,-5.2498,-8.1143,-15.478,-22.062,-10.378,-6.743,-3.8657,-2.1733,-1.4069,-0.93711,-1.0004,-1.3623,-2.3244,-3.8431,-6.1453,-8.5978,-13.619,-25.252,-24.893,-15.207,-11.71,-10.19,-9.8398,-10.104,-11.119,-12.297,-14.386,-16.705,-18.205,-19.006,-17.657,-14.987,-12.813,-10.254,-8.2485,-7.086,-6.0126,-5.4429,-5.3202,-5.5599,-6.2538,-7.3275,-8.3051,-9.6037,-10.438,-10.494,-9.9917,-9.2431,-8.5218,-8.1014,-7.7017,-7.4712,-7.3407,-7.146,-6.8611,-6.5654,-6.1173,-5.6339,-5.2348,-5.0221,-4.8855,-4.9498,-5.1208,-5.4513,-5.8342,-6.0212,-6.0166,-5.6938,-5.1339,-4.6758,-4.1672,-3.8293,-3.7107,-3.6932,-3.7856,-3.8832,-3.9372,-3.9817,-4.0259,-4.0922,-4.301,-4.6466,-4.9716,-5.4794,-5.9767,-6.2901,-6.3265,-5.9684,-5.1109,-4.2175,-2.821,-1.3224,-0.19074,1.2235,2.5008,3.6122,4.3394,5.152,5.7989,6.1781,6.5494,6.7652,6.8338,6.7857,6.5934,6.258,5.911,5.3188,4.5944,3.9737,3.0706,2.1293,1.2152,0.62174,0.031605,-0.26514,-0.2763,-0.06882,0.28503,0.5527,0.82287,0.89154,0.67281,0.27996,-0.53635,-1.5738,-2.3174,-2.7856,-2.2626,-1.099,-0.16126,0.8656,1.535,1.7746,1.7503,1.3347,0.77679,-0.29795,-1.7407,-3.5455,-5.1312,-7.6305,-10.724,-13.629,-19.01,-25.254,-21.226,-15.604,-12.017,-9.542,-8.1912,-6.7456,-5.6696,-4.7076,-3.8122,-3.1162,-2.5719
4.0116,3.8646,3.465,2.7616,1.9769,0.54676,-1.2672,-2.7342,-4.1618,-4.1515,-3.0201,-2.0344,-0.86243,0.054149,0.59313,1.1509,1.5886,1.8109,1.9352,1.8423,1.483,0.99477,-0.014862,-1.5263,-3.0824,-6.0906,-10.723,-15.153,-13.186,-8.2703,-5.1099,-3.4796,-1.8552,-0.64019,0.075766,0.82567,1.3654,1.7029,1.8178,1.7442,1.4076,0.9538,0.087991,-1.0478,-1.9626,-2.9792,-3.2333,-2.5944,-1.8054,-0.75636,0.045669,0.42475,0.59822,0.40637,0.026195,-0.80663,-2.0025,-3.5624,-4.9582,-6.887,-8.3772,-8.7911,-8.4482,-7.7396,-7.2425,-7.1715,-7.5306,-8.4388,-9.4996,-11.599,-14.812,-18.671,-27.53,-20.155,-13.766,-10.748,-7.8362,-5.7588,-4.6022,-3.5303,-2.9156,-2.7174,-2.7597,-3.0903,-3.6723,-4.1811,-4.9199,-5.5917,-6.0045,-6.3512,-6.4577,-6.3609,-6.1868,-5.8289,-5.4162,-5.094,-4.6825,-4.2933,-4.0564,-3.7915,-3.6384,-3.6659,-3.8195,-4.2699,-5.0872,-5.9839,-7.7412,-10.215,-12.459,-14.268,-12.557,-10.02,-8.6148,-7.5218,-7.1944,-7.4038,-8.1031,-9.0313,-9.6536,-9.6075,-8.8908,-7.9561,-7.3515,-6.8463,-6.7422,-6.936,-7.5118,-8.4365,-9.5411,-10.186,-10.073,-8.5083,-6.8082,-4.4811,-2.3887,-1.0306,0.51486,1.7942,2.8339,3.4725,4.1905,4.7782,5.1489,5.557,5.8592,6.0523,6.117,6.0768,5.8666,5.5907,5.0569,4.3241,3.6329,2.5389,1.2264,-0.21919,-1.293,-2.4427,-2.8111,-2.4367,-1.3198,-0.014813,0.90391,1.913,2.6588,3.1316,3.3389,3.454,3.4554,3.4438,3.4673,3.5867,3.7518,3.8671,3.9291,3.8197,3.5735,2.987,2.0674,1.1402,-0.44637,-2.4541,-4.8789,-6.9407,-9.8699,-12.702,-14.617,-16.562,-17.069,-16.075,-13.807,-11.434,-9.5013,-8.3055,-7.1683,-6.427,-6.0657,-5.3138,-4.6061,-3.9279
2.0819,2.1284,1.9535,1.3624,0.55291,-1.2111,-4.1582,-7.7735,-16.494,-11.865,-5.6602,-3.0869,-0.82033,0.60501,1.3436,1.9542,2.2643,2.3456,2.3022,2.1096,1.7807,1.4515,0.86962,0.13579,-0.53598,-1.4827,-2.2917,-2.6364,-2.5326,-1.8806,-0.99257,-0.30559,0.49216,1.1462,1.5258,1.948,2.2494,2.4445,2.5336,2.558,2.4825,2.3541,2.1183,1.8351,1.6156,1.3906,1.2898,1.3273,1.4145,1.5543,1.6298,1.5969,1.4374,1.1099,0.73584,0.11964,-0.65004,-1.4835,-2.1128,-2.8916,-3.4856,-3.7984,-4.0032,-4.0842,-4.1403,-4.2213,-4.4935,-4.9718,-5.4954,-6.3523,-7.2651,-7.8249,-8.0869,-7.5025,-6.2614,-5.1635,-3.7725,-2.5937,-1.9064,-1.2454,-0.87551,-0.79984,-0.95014,-1.3703,-2.0498,-2.7213,-3.7961,-5.0451,-6.0594,-7.3415,-8.2589,-8.5191,-8.2117,-7.4087,-6.4401,-5.7694,-5.0099,-4.4335,-4.1105,-3.808,-3.6876,-3.7296,-3.9109,-4.402,-5.2499,-6.2129,-8.0769,-10.792,-13.379,-15.614,-13.698,-11.069,-9.7688,-9.0006,-9.292,-10.203,-12.643,-17.395,-30.724,-25.175,-16.377,-12.684,-11.126,-9.8509,-9.3094,-9.3512,-10.01,-11.571,-14.619,-19.231,-27,-15.168,-10.723,-6.8801,-4.2622,-2.834,-1.3922,-0.38911,0.29155,0.64992,1.0092,1.338,1.6195,2.068,2.5846,3.0688,3.3638,3.6038,3.6272,3.4853,3.0781,2.3888,1.6737,0.38508,-1.3674,-3.8684,-6.6102,-13.014,-21.618,-11.635,-5.4747,-1.9053,-0.022688,1.8416,3.1868,4.1525,4.6841,5.1868,5.5026,5.6516,5.7603,5.7651,5.6789,5.5386,5.235,4.75,4.2511,3.3609,2.17,1.038,-0.84958,-3.2785,-6.4069,-9.4005,-14.881,-22.752,-22.838,-17.541,-14.336,-12.746,-11.131,-9.9415,-9.2014,-8.8221,-8.7326,-8.9157,-9.6969,-10.278,-10.05,-8.9703
-2.1532,-1.0379,-0.040961,0.38698,0.36316,-0.04964,-0.78132,-1.3648,-1.8628,-1.7073,-0.96907,-0.2996,0.49551,1.0374,1.2532,1.3083,1.1056,0.84186,0.42552,0.027589,-0.24308,-0.32892,-0.30203,-0.20134,-0.13058,-0.015388,0.078551,0.1755,0.30999,0.47226,0.61992,0.70676,0.76529,0.73789,0.69242,0.60508,0.56745,0.61165,0.69627,0.88735,1.096,1.2505,1.4068,1.5053,1.533,1.5334,1.4859,1.4008,1.3081,1.132,0.89204,0.66435,0.28993,-0.17262,-0.56904,-1.1626,-1.8137,-2.4649,-2.9083,-3.3963,-3.7209,-3.8288,-3.8174,-3.6739,-3.4727,-3.3161,-3.1392,-3.0417,-3.0305,-3.0499,-3.0718,-3.035,-2.8591,-2.536,-2.0685,-1.6691,-1.1222,-0.64114,-0.35788,-0.11678,-0.067816,-0.17347,-0.52862,-1.1632,-2.0793,-3.0055,-4.5966,-6.747,-8.8549,-12.824,-19.236,-21.29,-16.393,-12.158,-9.6182,-8.3554,-7.2325,-6.5615,-6.2353,-5.9836,-5.8123,-5.6558,-5.564,-5.5008,-5.5756,-5.7573,-6.1485,-6.6407,-6.9891,-7.2928,-7.3154,-7.2258,-7.2496,-7.5314,-8.2554,-9.13,-10.708,-12.53,-13.989,-14.369,-13.988,-13.269,-12.68,-11.953,-11.327,-10.951,-10.705,-10.733,-10.927,-10.963,-10.471,-9.2706,-8.0462,-6.437,-5.1126,-4.3765,-3.752,-3.5835,-3.865,-4.3362,-5.2241,-5.9894,-6.0533,-5.1819,-3.6912,-2.2412,-1.3767,-0.57872,-0.16696,-0.10169,-0.31361,-0.81862,-1.3545,-2.266,-3.3504,-4.6009,-5.5803,-6.6029,-6.5674,-5.5793,-3.5086,-1.4028,0.011993,1.611,2.8562,3.8134,4.3499,4.8692,5.1978,5.3304,5.3818,5.3019,5.1098,4.8877,4.4768,3.9145,3.3808,2.5016,1.3967,0.3884,-1.2141,-3.1599,-5.5128,-7.5321,-10.382,-12.585,-13.076,-12.235,-10.933,-10.076,-9.2423,-8.8902,-9.0037,-9.5662,-10.914,-13.334,-15.498,-22.044,-26.667,-18.185
