-0.048909,-0.49611,-1.0804,-1.4965,-1.6799,-1.6767,-1.5655,-1.4008,-1.0151,-0.56777,-0.17734,0.076023,0.39222,0.61959,0.75784,0.90111,1.0031,1.0127,0.95145,0.82724,0.69128,0.54913,0.32779,0.072851,-0.10963,-0.31201,-0.38024,-0.29511,-0.022854,0.45429,1.1174,1.7772,2.7638,3.8012,4.5943,5.6787,6.7303,7.7425,8.4456,9.2903,10.027,10.518,11.095,11.612,11.957,12.363,12.697,12.967,13.109,13.235,13.247,13.174,12.937,12.531,12.091,11.282,10.22,8.9321,7.9867,7.3179,8.1049,9.5593,11.89,14.157,16.174,17.517,19.097,20.467,21.375,22.441,23.353,23.946,24.618,25.16,25.577,25.808,26.005,26.078,26.047,25.892,25.602,25.298,24.775,24.125,23.39,22.826,22.157,21.754,21.733,22.125,22.905,23.877,24.635,25.598,26.46,27.026,27.668,28.182,28.484,28.78,28.96,29.027,29.008,28.89,28.669,28.439,28.047,27.559,27.131,26.479,25.734,24.9,24.217,23.233,22.173,21.328,20.155,18.928,17.655,16.675,15.36,14.067,13.128,11.948,10.862,10.123,9.2219,8.445,7.7516,7.2864,6.7025,6.2079,5.8965,5.5091,5.2024,5.0116,4.8393,4.7097,4.52,4.3628,4.1669,3.9875,3.9075,3.9205,4.0427,4.2698,4.5227,4.8976,5.3356,5.6876,6.1426,6.5696,6.8587,7.1957,7.4773,7.6783,7.7725,7.8216,7.788,7.6863,7.4456,7.0878,6.7466,6.1717,5.4437,4.5192,3.6585,2.2746,0.53202,-1.0083,-3.1867,-4.909,-4.648,-3.2283,-0.88846,1.1987,2.5452,4.1191,5.4158,6.2665,7.283,8.1647,8.9074,9.4171,10.043,10.613,11.009,11.5,11.95,12.258,12.632,12.975,13.279,13.482,13.717,13.903,14.01,14.095,14.119,14.079
-4.818,-6.7172,-9.2526,-10.826,-10.415,-8.4631,-6.3165,-4.8921,-3.253,-1.9188,-0.82299,-0.11323,0.68115,1.3276,1.7293,2.1537,2.4692,2.6325,2.7604,2.7915,2.706,2.5603,2.2562,1.8323,1.4232,0.77092,0.025341,-0.56063,-1.2609,-1.6306,-1.4002,-0.79298,0.46799,1.9409,3.0622,4.4884,5.7964,6.9746,7.7752,8.7355,9.5866,10.159,10.837,11.432,11.828,12.31,12.743,13.139,13.41,13.739,14.033,14.23,14.455,14.637,14.744,14.851,14.932,15.014,15.095,15.28,15.612,15.986,16.672,17.558,18.583,19.394,20.483,21.544,22.303,23.248,24.102,24.676,25.35,25.915,26.369,26.635,26.89,27.028,27.054,26.982,26.786,26.559,26.151,25.633,25.032,24.561,23.98,23.58,23.487,23.709,24.293,25.11,25.784,26.671,27.483,28.018,28.62,29.086,29.346,29.573,29.665,29.625,29.509,29.241,28.845,28.463,27.841,27.088,26.434,25.442,24.305,23.013,21.937,20.342,18.541,17.034,14.784,12.217,9.3252,7.0541,4.474,3.5897,4.0543,5.1312,6.0581,6.5479,6.9248,7.0281,6.9155,6.7066,6.2817,5.7024,5.175,4.381,3.4566,2.6669,1.4741,0.12674,-1.4152,-2.7313,-4.8002,-7.4404,-10.151,-15.889,-20.478,-12.158,-8.0751,-4.2863,-1.4914,0.20839,2.1035,3.6528,4.6499,5.7827,6.716,7.4776,7.9458,8.443,8.8047,8.9869,9.1251,9.152,9.101,8.9407,8.6843,8.3491,8.0493,7.6094,7.1636,6.856,6.5156,6.3039,6.2504,6.2975,6.4762,6.7481,6.9655,7.2465,7.4777,7.6063,7.6975,7.6796,7.5418,7.3607,7.0124,6.5594,6.1738,5.676,5.2999,5.2073,5.4424,6.0984,7.0473,7.8494,8.9242,9.9315,10.616,11.408,12.068,12.597
-1.3408,-1.992,-2.7189,-3.2242,-3.447,-3.5996,-3.6414,-3.6607,-3.651,-3.6396,-3.6435,-3.6238,-3.4924,-3.1849,-2.8557,-2.2639,-1.5457,-0.97507,-0.22673,0.46487,1.0721,1.4639,1.8904,2.2331,2.4355,2.6469,2.8054,2.9019,3.0209,3.1311,3.2835,3.4296,3.6555,3.9239,4.1461,4.4484,4.7627,5.0626,5.2743,5.5061,5.6719,5.7486,5.7673,5.6978,5.581,5.3704,5.1333,4.9385,4.879,5.0064,5.4388,5.9676,6.8836,7.9253,8.7328,9.7938,10.808,11.763,12.442,13.307,14.134,14.742,15.542,16.332,17.12,17.708,18.478,19.228,19.778,20.48,21.134,21.581,22.116,22.579,22.966,23.205,23.461,23.646,23.744,23.828,23.872,23.89,23.906,23.934,23.989,24.06,24.203,24.408,24.603,24.915,25.274,25.664,25.964,26.354,26.712,26.948,27.202,27.375,27.444,27.445,27.335,27.109,26.862,26.425,25.866,25.367,24.597,23.71,22.972,21.896,20.729,19.489,18.527,17.224,15.932,14.992,13.812,12.75,11.834,11.245,10.593,10.071,9.7393,9.342,8.9615,8.6566,8.2036,7.6626,7.0074,6.412,5.437,4.2799,3.2726,1.7179,-0.16822,-1.8573,-4.5981,-8.0954,-12.23,-14.29,-12.73,-9.9156,-8.219,-6.4406,-5.0308,-3.7736,-2.8655,-1.6655,-0.49408,0.35541,1.4189,2.3818,3.0354,3.8087,4.4788,5.0491,5.425,5.8648,6.2245,6.4446,6.6912,6.8809,6.9856,7.0814,7.1317,7.1306,7.1034,7.0348,6.9339,6.8413,6.711,6.5656,6.4077,6.2955,6.1517,6.0153,5.9175,5.7833,5.6308,5.5049,5.2976,5.0314,4.6795,4.3408,3.7391,3.0031,2.323,1.2638,0.14236,-0.54063,-0.78055,0.031384,1.5553,2.8319,4.4503,5.8459,6.7264,7.7015,8.4465,8.9833
2.7619,2.4269,1.9453,1.4253,0.99554,0.3485,-0.43599,-1.1333,-2.2451,-3.6816,-5.6131,-7.4829,-10.618,-13.243,-12.339,-8.7659,-5.6797,-3.8729,-1.9922,-0.58155,0.47885,1.083,1.6912,2.0807,2.2471,2.329,2.2552,2.1229,1.8424,1.4766,1.0737,0.77571,0.422,0.17329,0.09329,0.15892,0.39604,0.75888,1.0711,1.453,1.7556,1.9006,1.942,1.7561,1.4373,0.69265,-0.50765,-2.3406,-4.2778,-7.3872,-7.9945,-5.5239,-1.8276,1.1252,2.8845,4.7705,6.2642,7.4574,8.2025,9.0452,9.7641,10.258,10.902,11.57,12.298,12.894,13.736,14.618,15.282,16.147,16.951,17.49,18.107,18.604,18.961,19.132,19.224,19.153,18.988,18.622,18.107,17.64,16.978,16.409,16.15,16.283,16.926,17.957,18.853,20.071,21.222,22.257,22.946,23.74,24.391,24.784,25.182,25.437,25.534,25.535,25.389,25.095,24.775,24.216,23.501,22.863,21.872,20.713,19.727,18.25,16.574,14.682,13.114,10.826,8.3537,6.493,4.4441,3.6085,4.0669,4.8145,5.8668,6.7607,7.2884,7.819,8.1657,8.3113,8.3801,8.3322,8.1637,7.9424,7.5306,7.0169,6.5856,5.9664,5.3347,4.8642,4.2723,3.7601,3.3344,3.0872,2.8527,2.7138,2.6601,2.6548,2.6781,2.7157,2.7432,2.7708,2.7783,2.7431,2.6483,2.4862,2.3129,2.0245,1.669,1.29,1.0516,0.84542,0.84619,0.9976,1.4037,1.9703,2.4146,2.9909,3.4926,3.8676,4.0618,4.199,4.169,4.0497,3.7544,3.3013,2.7157,2.1958,1.4396,0.66521,0.1348,-0.39598,-0.61112,-0.53208,-0.14029,0.4158,1.0616,1.5189,2.098,2.6264,2.9908,3.4389,3.8815,4.2268,4.7126,5.2426,5.8012,6.2324,6.8131,7.3662,7.7406,8.1626,8.4761,8.6527
0.73793,0.68805,0.63101,0.57323,0.51943,0.4233,0.27894,0.1508,-0.043584,-0.25701,-0.47627,-0.59877,-0.70228,-0.70117,-0.61498,-0.3909,-0.065266,0.20307,0.56273,0.87177,1.0787,1.1645,1.165,1.0043,0.77003,0.30166,-0.37785,-1.0442,-2.173,-3.6658,-5.6052,-7.5026,-11.031,-16.825,-24.927,-18.962,-12.623,-9.076,-7.2117,-5.3232,-3.8946,-3.0281,-2.0918,-1.3452,-0.8961,-0.42577,-0.065807,0.23347,0.45361,0.78298,1.191,1.5349,2.0359,2.5559,2.9367,3.3737,3.6687,3.764,3.6662,3.269,2.4976,1.6148,-0.020504,-2.0902,-3.3318,-2.2683,0.86954,3.9745,5.9445,8.1235,9.8827,10.953,12.103,12.977,13.603,13.913,14.111,14.055,13.833,13.274,12.371,11.424,9.7174,7.4323,4.9232,4.1779,6.2581,9.4647,11.602,13.96,15.854,17.387,18.343,19.4,20.236,20.73,21.224,21.539,21.66,21.67,21.511,21.183,20.826,20.203,19.411,18.708,17.625,16.376,15.324,13.768,12.032,10.117,8.567,6.3948,4.2187,2.7728,1.5002,1.2859,1.8986,2.5799,3.5177,4.334,4.8487,5.3988,5.7944,5.9796,6.1115,6.1582,6.1252,6.0498,5.8853,5.6608,5.4663,5.1874,4.9016,4.6849,4.4107,4.1485,3.899,3.7124,3.4775,3.2375,3.0506,2.7931,2.523,2.2177,1.9665,1.5929,1.1525,0.76499,0.14526,-0.60892,-1.3112,-2.5027,-4.0834,-6.298,-8.6169,-13.444,-21.283,-16.933,-10.271,-6.4528,-4.486,-2.5729,-1.214,-0.29465,0.16456,0.50709,0.56617,0.42523,-0.024283,-0.78819,-1.8917,-2.9828,-4.9148,-7.5987,-10.306,-15.002,-16.629,-13.561,-9.8185,-7.234,-5.3899,-4.3435,-3.2179,-2.2825,-1.6727,-0.88659,-0.11857,0.46458,1.239,2.0209,2.7766,3.3265,4.0176,4.6488,5.0773,5.5493,5.9309,6.206
-4.6514,-3.9607,-3.1501,-2.4443,-1.9579,-1.3901,-0.88951,-0.55356,-0.15537,0.20296,0.51102,0.71952,0.96672,1.1862,1.3254,1.4817,1.6075,1.6709,1.7044,1.6874,1.5996,1.4882,1.2591,0.9221,0.58646,0.051557,-0.63145,-1.2375,-2.1828,-3.2895,-4.5305,-5.533,-6.8526,-8.0359,-8.7346,-9.3555,-9.6408,-9.6707,-9.5313,-9.056,-8.1822,-7.2636,-5.8317,-4.3335,-3.2509,-1.9264,-0.76908,0.22406,0.87178,1.6064,2.2057,2.5659,2.9485,3.2425,3.4003,3.5047,3.4652,3.2717,3.0173,2.5405,1.912,1.3543,0.55188,-0.13663,-0.36191,-0.01071,1.1485,2.7828,4.0849,5.7418,7.2301,8.2071,9.3173,10.229,10.954,11.362,11.734,11.923,11.956,11.878,11.695,11.515,11.272,11.092,11.063,11.182,11.558,12.166,12.751,13.644,14.596,15.544,16.218,17.039,17.745,18.184,18.638,18.933,19.044,19.039,18.86,18.502,18.115,17.438,16.578,15.818,14.656,13.334,12.243,10.675,9.0106,7.3143,6.0777,4.5882,3.3984,2.7782,2.3342,2.269,2.4674,2.7055,3.0773,3.4278,3.6425,3.8461,3.9433,3.9175,3.7372,3.4421,3.0497,2.7301,2.2916,1.8808,1.6223,1.3767,1.2552,1.2282,1.2514,1.2965,1.3163,1.2886,1.18,0.97843,0.75563,0.38275,-0.071419,-0.58071,-0.96843,-1.4577,-1.8883,-2.1577,-2.4383,-2.6368,-2.763,-2.9473,-3.1493,-3.3568,-3.4909,-3.5771,-3.4875,-3.2746,-2.8177,-2.2163,-1.7277,-1.1118,-0.57006,-0.14648,0.077073,0.2363,0.24898,0.16068,-0.096051,-0.49693,-1.0378,-1.5248,-2.2588,-3.0146,-3.5691,-4.2259,-4.7764,-5.1036,-5.4822,-5.887,-6.3855,-6.8871,-7.7219,-8.6668,-9.2713,-9.4194,-8.5135,-7.2513,-5.3411,-3.5046,-1.8916,-0.84498,0.35269,1.3494,1.9748,2.6516,3.1813,3.5744
-8.0591,-7.4429,-6.6855,-5.8341,-5.107,-4.0462,-2.9527,-2.1719,-1.2081,-0.36145,0.34647,0.79097,1.2754,1.6427,1.8471,2.0194,2.0944,2.0929,2.027,1.8953,1.7041,1.5331,1.2674,0.9843,0.75802,0.43919,0.086078,-0.18851,-0.60619,-1.0843,-1.625,-2.1045,-2.8122,-3.6593,-4.4218,-5.6491,-7.2479,-9.5064,-11.889,-16.309,-17.019,-12.972,-8.3324,-5.0461,-3.1459,-1.1292,0.44195,1.6723,2.4164,3.1947,3.7603,4.0674,4.3406,4.4833,4.4891,4.3605,4.1029,3.7435,3.4234,2.969,2.5248,2.2495,2.0188,2.0174,2.3044,2.7075,3.4557,4.3909,5.1649,6.2293,7.278,8.0191,8.9101,9.6885,10.318,10.671,10.993,11.154,11.171,11.06,10.805,10.524,10.056,9.5223,9.0094,8.7243,8.626,8.9884,9.5834,10.703,12.014,13.345,14.289,15.42,16.376,16.965,17.576,17.982,18.152,18.199,18.043,17.684,17.283,16.568,15.641,14.802,13.489,11.943,10.612,8.5712,6.1345,3.1171,0.23964,-5.2153,-15.736,-13.596,-5.803,-2.0957,0.1598,1.3293,2.4394,3.1572,3.4792,3.6368,3.5399,3.2942,2.6618,1.6664,0.26745,-1.0831,-3.3892,-6.2775,-8.4211,-9.1372,-6.9657,-5.0707,-3.0648,-1.6517,-0.74092,-0.33878,-0.1247,-0.25359,-0.58181,-1.3347,-2.506,-4.1491,-5.7607,-8.4344,-11.075,-11.542,-9.5123,-6.9424,-5.324,-3.6346,-2.4076,-1.5093,-0.9953,-0.47305,-0.083418,0.141,0.36034,0.51682,0.60835,0.68997,0.74456,0.77142,0.79378,0.81514,0.83024,0.83415,0.81043,0.75094,0.63416,0.50437,0.26372,-0.043587,-0.3238,-0.76384,-1.2924,-1.7476,-2.4534,-3.3146,-4.3733,-5.3371,-6.9016,-8.8016,-10.274,-11.474,-10.584,-8.9384,-6.5937,-4.5463,-2.874,-1.8494,-0.72738,0.12046,0.60483,1.0773,1.3737,1.5246
-8.5807,-11.761,-19.795,-19.452,-12.54,-7.5933,-4.4846,-2.7932,-1.076,0.204,1.1674,1.7135,2.2356,2.5735,2.7131,2.751,2.6275,2.432,2.0287,1.4769,0.83043,0.30821,-0.33847,-0.79382,-0.9321,-0.83137,-0.46078,-0.08675,0.43059,0.89824,1.2589,1.4503,1.5961,1.6118,1.5595,1.431,1.2451,1.0763,1.0057,1.0591,1.3502,1.7249,2.4147,3.2329,3.8561,4.6614,5.375,5.9604,6.3075,6.6415,6.8282,6.8778,6.8137,6.5829,6.2956,5.7658,5.0764,4.2016,3.3907,2.0615,0.39009,-1.092,-3.2032,-4.4652,-3.4854,-1.7145,0.80682,3.0514,4.498,6.1597,7.5509,8.4454,9.4546,10.273,10.895,11.238,11.548,11.698,11.694,11.508,11.089,10.591,9.6241,8.1773,5.9754,3.4403,-2.7708,-11.665,-0.64652,5.8685,9.7499,12.487,14.084,15.779,17.079,17.838,18.594,19.081,19.282,19.343,19.176,18.79,18.365,17.626,16.692,15.868,14.615,13.208,12.069,10.465,8.8004,7.1425,5.9729,4.6628,3.8525,3.6408,3.8336,4.3437,4.9658,5.4137,5.9141,6.263,6.4096,6.4087,6.1894,5.9084,5.3485,4.5242,3.4109,2.3836,0.85079,-0.65033,-1.4895,-1.7895,-1.1631,-0.37593,0.71769,1.6303,2.2805,2.5951,2.7866,2.7098,2.4847,1.9482,1.1451,0.083848,-0.84842,-2.0916,-2.944,-3.0294,-2.3034,-1.0467,-0.072223,1.0987,2.039,2.7272,3.0922,3.3693,3.4295,3.3281,3.0343,2.5322,2.0381,1.2346,0.36835,-0.42005,-0.81305,-0.91786,-0.5536,-0.063093,0.68723,1.3872,1.9441,2.2493,2.5001,2.5814,2.5306,2.3314,2.0024,1.699,1.2113,0.65403,0.061404,-0.36391,-0.88101,-1.2698,-1.4537,-1.5293,-1.3917,-1.1673,-0.73253,-0.23737,0.24926,0.56316,0.88394,1.0654,1.077,0.94913,0.64922,0.14293
0.21211,-0.59717,-1.3577,-1.6125,-1.4457,-0.9012,-0.21901,0.28622,0.89088,1.3723,1.7386,1.9634,2.1788,2.3033,2.3266,2.2551,2.0078,1.6784,0.9847,-0.10324,-1.736,-3.504,-7.0868,-13.898,-21.575,-10.729,-5.2496,-2.6956,-0.31887,1.3763,2.6283,3.3494,4.1153,4.7276,5.1015,5.5216,5.8846,6.2173,6.4643,6.797,7.1418,7.4068,7.7583,8.0895,8.3122,8.5522,8.7069,8.7617,8.728,8.5718,8.2968,8.0095,7.5298,6.9508,6.4798,5.8207,5.1085,4.2911,3.5837,2.4721,1.1086,-0.073468,-1.6926,-2.5991,-1.8258,-0.39816,1.7261,3.6686,4.9194,6.3353,7.4945,8.218,9.0278,9.6861,10.199,10.523,10.895,11.158,11.277,11.336,11.293,11.2,11.018,10.788,10.561,10.458,10.536,11.01,11.662,12.852,14.234,15.627,16.604,17.761,18.714,19.285,19.847,20.18,20.278,20.208,19.905,19.368,18.817,17.894,16.765,15.788,14.327,12.724,11.476,9.8525,8.4236,7.3418,6.8092,6.4486,6.4118,6.5222,6.8014,7.1662,7.5537,7.8236,8.1231,8.3335,8.4491,8.5084,8.4321,8.3019,8.0532,7.7263,7.3238,6.9816,6.5117,6.0642,5.7809,5.5047,5.343,5.2806,5.2666,5.2941,5.3531,5.399,5.4511,5.4771,5.4829,5.456,5.4093,5.3462,5.3139,5.3065,5.3755,5.4899,5.709,5.9982,6.2338,6.5228,6.7453,6.8686,6.87,6.7275,6.3884,5.9873,5.2216,4.121,3.0266,1.0667,-1.7511,-6.2461,-12.068,-14.206,-6.2035,-2.9196,-0.10063,1.7307,2.9328,3.5324,4.0021,4.1522,4.079,3.7815,3.2615,2.7384,1.9192,1.0194,0.15514,-0.38667,-0.87636,-1.0257,-0.93327,-0.6341,-0.20588,0.12128,0.54906,0.887,1.1171,1.198,1.1929,1.0087,0.73544,0.19504,-0.63221,-1.8277
3.5397,3.065,2.4821,1.9437,1.5555,1.0538,0.5199,0.074434,-0.60064,-1.3499,-2.0995,-2.5454,-2.8129,-2.6099,-2.221,-1.5807,-0.98866,-0.67833,-0.48809,-0.58851,-0.94944,-1.3598,-1.9801,-2.4176,-2.4306,-1.9589,-1.0827,-0.30882,0.69214,1.5707,2.3023,2.7714,3.315,3.7944,4.1493,4.6206,5.1017,5.6165,6.0059,6.522,7.0087,7.3417,7.7295,8.021,8.1683,8.2453,8.1654,7.9107,7.5846,6.9607,6.0935,5.2858,4.009,2.6033,1.5921,0.53806,0.089674,0.26586,0.64069,1.2241,1.7506,2.0833,2.4413,2.7793,3.162,3.4721,3.8799,4.2572,4.4897,4.7315,4.8998,4.9932,5.1266,5.3122,5.5784,5.8561,6.2508,6.5914,6.808,7.0541,7.3005,7.509,7.8628,8.3609,9.0352,9.6523,10.615,11.692,12.544,13.699,14.83,15.899,16.634,17.496,18.201,18.611,18.988,19.158,19.146,18.932,18.488,17.796,17.102,15.929,14.467,13.152,11.047,8.4243,5.99,1.7925,-4.2154,-8.6028,-4.9487,-0.8422,1.615,2.8504,3.9953,4.784,5.3421,5.6576,5.9955,6.2388,6.3972,6.605,6.7482,6.7913,6.7936,6.7324,6.6121,6.4645,6.1905,5.825,5.4973,5.0033,4.4547,4.0278,3.4716,2.9951,2.6725,2.5799,2.6697,2.962,3.2928,3.7997,4.3269,4.8419,5.2029,5.6506,6.056,6.341,6.686,6.9776,7.1631,7.3557,7.4641,7.4837,7.4228,7.2461,6.9429,6.6302,6.1054,5.4515,4.8898,4.066,3.2356,2.5215,2.1688,2.0554,2.3129,2.6786,3.2504,3.7811,4.1782,4.3482,4.3807,4.1631,3.8268,3.112,2.0425,0.97287,-0.8864,-3.4355,-7.1109,-11.117,-16.42,-11.799,-8.4166,-5.4971,-3.6589,-2.7562,-1.9727,-1.5762,-1.4234,-1.4593,-1.6254,-1.8636,-2.0822,-2.4298,-2.8743,-3.4347
3.2489,2.8813,2.3686,1.8162,1.3329,0.58178,-0.35639,-1.2677,-2.8436,-5.0801,-8.5858,-12.972,-32.997,-14.485,-9.3363,-5.4333,-3.0111,-1.7361,-0.50411,0.31714,0.84424,1.1074,1.324,1.4563,1.5244,1.5771,1.5903,1.5626,1.4331,1.2203,0.8894,0.5871,0.17461,-0.12501,-0.19292,0.079213,0.77875,1.7635,2.5819,3.6715,4.6725,5.3416,6.0883,6.6523,6.9568,7.1834,7.1879,6.9491,6.5909,5.8418,4.7173,3.5753,1.5083,-1.4972,-4.823,-11.361,-10.398,-4.8701,-2.1364,0.32716,1.9544,2.8059,3.6025,4.0853,4.2992,4.2938,4.0773,3.6026,3.0265,1.9236,0.38091,-1.0617,-3.0935,-4.2032,-3.3825,-2.0548,-0.43886,0.57462,0.99505,1.1235,0.72374,0.10879,-0.74252,-0.54116,1.4574,3.5258,6.2551,8.6661,10.235,12.054,13.59,14.88,15.698,16.601,17.296,17.682,18.015,18.141,18.096,17.848,17.388,16.712,16.046,14.938,13.584,12.409,10.633,8.6147,6.961,4.7223,2.8081,1.6816,1.3959,1.4976,1.7896,1.9947,2.1528,2.1412,1.9828,1.8147,1.6498,1.6152,1.703,2.0433,2.6169,3.0837,3.6391,4.0641,4.3298,4.4086,4.3303,3.9948,3.5619,2.7066,1.4971,0.31579,-1.7081,-4.3441,-7.1938,-8.2576,-6.7222,-4.0762,-2.3436,-0.50339,0.92086,2.0488,2.7744,3.5925,4.2901,4.7605,5.2995,5.7519,6.0322,6.3156,6.4892,6.5626,6.544,6.4391,6.2516,6.0658,5.7824,5.4744,5.256,4.9974,4.806,4.6917,4.6628,4.6961,4.7967,4.8968,5.0475,5.1668,5.2284,5.208,5.0683,4.7733,4.4269,3.7965,2.9484,2.1561,0.8927,-0.58686,-2.1335,-3.1509,-3.9397,-3.9565,-3.6205,-3.0633,-2.6341,-2.5233,-2.6842,-3.2476,-4.2196,-5.1988,-6.7166,-8.076,-8.4942,-7.9538,-6.6654,-5.283
-0.18527,-0.34719,-0.49075,-0.58198,-0.6743,-0.85156,-1.1481,-1.4572,-1.999,-2.6427,-3.3134,-3.7033,-3.8508,-3.4456,-2.8482,-1.8384,-0.79777,-0.085587,0.73323,1.3874,1.8733,2.1365,2.3577,2.4371,2.3938,2.199,1.842,1.439,0.69238,-0.36629,-1.8375,-3.3042,-6.0053,-10.282,-15.472,-17.093,-9.7255,-5.317,-3.0121,-0.64282,1.1951,2.3257,3.576,4.5622,5.1426,5.714,6.062,6.1853,6.1328,5.8803,5.424,4.964,4.2419,3.4803,3.0022,2.6043,2.5105,2.7881,3.194,3.8155,4.3834,4.7315,5.0692,5.2375,5.2027,5.0241,4.5701,3.8131,3.0171,1.6032,-0.28305,-2.0358,-4.6084,-6.0953,-5.1295,-3.6267,-1.9693,-0.88592,-0.38718,-0.29333,-0.92738,-1.8644,-3.4422,-3.8868,-1.4687,1.1511,4.4041,7.1007,8.7946,10.692,12.253,13.532,14.325,15.184,15.831,16.184,16.485,16.598,16.558,16.338,15.929,15.345,14.793,13.896,12.818,11.911,10.599,9.2042,8.1246,6.6841,5.3091,4.0491,3.1902,2.1542,1.1853,0.47169,-0.54438,-1.7314,-3.2778,-4.7829,-7.3763,-10.209,-10.75,-8.0363,-4.8024,-2.8205,-0.75098,0.72329,1.7085,2.1753,2.4868,2.4778,2.2334,1.5971,0.58319,-0.45202,-2.2092,-4.3238,-6.301,-7.022,-6.5049,-5.1336,-4.1219,-3.0604,-2.2662,-1.6409,-1.1876,-0.50098,0.29745,0.94172,1.8165,2.6024,3.0984,3.5994,3.891,3.9741,3.8994,3.6494,3.251,2.8922,2.4108,2.0331,1.8646,1.8363,2.0207,2.3547,2.6448,3.0539,3.4307,3.6897,3.9778,4.2082,4.3673,4.4396,4.4725,4.4227,4.3338,4.1164,3.811,3.5174,3.053,2.5554,2.0622,1.7133,1.2652,0.87027,0.59426,0.21602,-0.2743,-0.75841,-1.6087,-2.7762,-4.3839,-5.9683,-8.7665,-12.062,-13.305,-11.152,-7.9557,-5.3913
-7.9584,-7.5299,-6.4608,-5.2357,-4.3638,-3.3679,-2.5828,-2.1175,-1.6361,-1.2712,-0.97317,-0.77865,-0.49988,-0.19213,0.060392,0.42997,0.80629,1.0882,1.4417,1.7572,2.0241,2.1889,2.3359,2.3838,2.3356,2.1546,1.7979,1.3976,0.66725,-0.32074,-1.5727,-2.6923,-4.3388,-5.9679,-6.9119,-7.4227,-6.9095,-5.7252,-4.6272,-3.0283,-1.3808,-0.18679,1.2736,2.5616,3.3834,4.2775,4.9558,5.4186,5.6458,5.7945,5.8125,5.7562,5.6235,5.4788,5.3809,5.2656,5.2237,5.3086,5.4234,5.5955,5.7874,5.9212,6.0609,6.1193,6.0723,5.9545,5.6706,5.2325,4.8326,4.2005,3.5074,2.9833,2.3752,1.967,1.7745,1.7522,1.8216,2.0932,2.319,2.5333,2.7467,2.9936,3.4745,4.1497,5.0692,5.9082,7.152,8.4262,9.353,10.508,11.534,12.418,12.985,13.611,14.091,14.355,14.578,14.655,14.617,14.437,14.085,13.571,13.091,12.322,11.382,10.559,9.3263,7.9602,6.8462,5.2327,3.4815,1.6666,0.33193,-1.3026,-2.62,-3.361,-4.0746,-4.6705,-5.3636,-6.1086,-7.333,-8.2698,-8.4614,-7.1287,-4.8714,-3.3367,-1.6252,-0.25028,0.81921,1.4223,1.9764,2.2831,2.3651,2.2855,1.9961,1.6523,1.0807,0.4287,-0.24362,-0.74334,-1.4165,-2.1659,-2.8445,-4.0588,-5.7947,-8.2186,-10.18,-10.675,-7.71,-5.3016,-2.7447,-0.87378,0.13239,1.0312,1.4909,1.5145,1.2542,0.48682,-0.78993,-2.1297,-4.4747,-7.1726,-8.3793,-7.2963,-4.8711,-2.7829,-1.6006,-0.45334,0.32589,0.72502,1.0962,1.3757,1.6428,1.8673,2.1937,2.5323,2.7706,3.0254,3.1968,3.2623,3.2651,3.183,3.0246,2.8652,2.6255,2.351,2.1109,1.7533,1.3287,0.97455,0.42142,-0.21444,-0.9186,-1.4538,-2.092,-2.5327,-2.6633,-2.5347,-2.0809,-1.4227
-22.778,-17.026,-11.996,-8.7514,-6.9387,-4.9893,-3.4704,-2.5419,-1.5522,-0.7918,-0.21043,0.12454,0.43058,0.62908,0.70177,0.74493,0.73249,0.72269,0.74034,0.84667,1.0653,1.2789,1.6071,1.9372,2.1459,2.3238,2.3274,2.2049,1.8607,1.2901,0.49643,-0.24838,-1.4386,-2.8639,-4.1002,-5.9812,-8.2125,-10.259,-10.297,-7.791,-4.6336,-2.548,-0.25502,1.54,2.6055,3.7224,4.538,5.1088,5.3915,5.6118,5.6796,5.6481,5.531,5.3567,5.204,5.0216,4.9593,5.0027,5.0771,5.2802,5.5869,5.8602,6.2011,6.4761,6.6645,6.7349,6.7221,6.5866,6.4061,6.0665,5.6381,5.2782,4.7683,4.2487,3.7784,3.4772,3.2273,3.1567,3.1713,3.4047,3.9048,4.3961,5.1431,5.9542,6.8098,7.4593,8.2993,9.0809,9.6159,10.264,10.822,11.296,11.598,11.943,12.226,12.398,12.571,12.657,12.659,12.567,12.348,11.962,11.56,10.897,10.076,9.3388,8.1645,6.7743,5.5722,3.6882,1.3572,-1.6418,-4.623,-10.495,-20.106,-15.004,-9.0264,-6.0821,-4.4262,-3.6319,-2.9625,-2.3563,-1.9582,-1.5991,-1.1298,-0.67088,-0.039626,0.58122,1.2188,1.716,2.3597,2.9254,3.2664,3.6278,3.8317,3.8865,3.81,3.5693,3.1653,2.7504,2.0552,1.1411,0.2896,-1.1013,-2.7994,-4.6639,-5.8616,-6.207,-4.8565,-3.38,-1.5128,-0.018163,0.83485,1.63,2.035,2.0494,1.8068,1.1,-0.071218,-1.2786,-3.3292,-5.4675,-6.368,-5.7384,-4.0445,-2.576,-1.8198,-1.3274,-1.3773,-1.7424,-2.5905,-3.5145,-3.918,-3.5041,-2.1945,-0.66337,0.3661,1.4662,2.2237,2.5932,2.8587,2.9047,2.7945,2.6703,2.495,2.3319,2.2373,2.1489,2.0645,1.9853,1.8142,1.5766,1.2425,0.95355,0.54762,0.14757,-0.092412,-0.27489,-0.25201,-0.008185
-11.719,-11.194,-9.7526,-7.8361,-6.3485,-4.5504,-2.9652,-1.9653,-0.85943,-0.020918,0.55956,0.83751,0.98907,0.88116,0.61835,0.016272,-0.87172,-1.7184,-2.9042,-3.6427,-3.3388,-2.4175,-0.82675,0.68643,1.6492,2.6305,3.2954,3.6056,3.7711,3.6763,3.3249,2.8939,2.089,1.0059,-0.033198,-1.7578,-3.813,-5.5529,-5.7503,-4.128,-1.7328,-0.091908,1.7051,3.0633,3.823,4.5663,5.0344,5.277,5.3424,5.2875,5.0839,4.8314,4.3609,3.7138,3.1305,2.3081,1.5405,1.0953,1.2152,2.0371,3.2438,4.1653,5.2775,6.1887,6.8623,7.2146,7.4893,7.5605,7.4735,7.1919,6.7279,6.2685,5.4734,4.4643,3.2463,2.1998,0.73149,-0.60928,-1.0483,-0.33829,1.3313,2.687,4.3214,5.7491,6.9389,7.6635,8.4163,8.9475,9.2103,9.3852,9.3948,9.2836,9.177,9.0784,9.1216,9.2726,9.6003,9.9815,10.226,10.438,10.509,10.381,10.124,9.6014,8.9339,8.3485,7.4498,6.4117,5.5726,4.3869,3.0526,1.5554,0.41813,-0.87353,-1.6279,-1.6391,-1.0251,-0.1514,0.56276,0.96756,1.3238,1.3734,1.3558,1.0959,0.51496,-0.0092218,-0.64561,-0.95594,-0.6134,0.11624,1.4692,2.9035,3.8778,4.9358,5.7378,6.1733,6.5218,6.6276,6.5186,6.3026,5.8444,5.219,4.6732,3.8831,3.0969,2.4395,2.0946,1.8821,2.0098,2.2911,2.8277,3.4493,3.8975,4.4113,4.7705,4.9398,4.9424,4.7932,4.4863,4.1865,3.7562,3.3687,3.1477,2.9684,2.8686,2.7241,2.5114,1.952,0.94437,-0.22975,-2.5877,-6.297,-10.372,-8.7176,-4.0279,-0.7652,0.87279,2.3115,3.0742,3.2892,3.1449,2.5472,1.6179,0.79814,-0.18212,-0.54279,-0.24574,0.59691,1.5406,2.1131,2.6018,2.748,2.5738,2.1998,1.4024,0.23098,-0.87893,-2.5451,-3.8666,-3.7653
-30.405,-18.543,-12.108,-8.4995,-6.5341,-4.5166,-2.9587,-2.0286,-1.0278,-0.25896,0.27912,0.53428,0.66751,0.51101,0.17446,-0.6834,-2.132,-3.7709,-7.1032,-12.064,-11.122,-6.9508,-2.8389,-0.10605,1.3809,2.8205,3.8287,4.3583,4.8091,5.0457,5.1075,5.0609,4.8879,4.6177,4.385,4.0689,3.8226,3.6983,3.7237,3.9337,4.2508,4.5059,4.7734,4.8888,4.8493,4.6062,4.1775,3.6307,3.2027,2.7056,2.3068,2.0474,1.5875,0.81295,-0.14026,-2.3191,-6.3722,-16.164,-17.398,-5.6401,-0.79129,1.4938,3.6226,5.0821,6.0568,6.5337,6.8954,6.9951,6.9214,6.6565,6.1807,5.6765,4.8021,3.6139,1.9733,0.33438,-2.6984,-6.8951,-10.113,-6.6476,-1.8041,0.6707,3.1122,4.9007,6.1766,6.8494,7.4188,7.6312,7.5445,7.062,6.0967,4.5609,2.9968,0.55661,-0.74794,0.23884,2.7083,4.8648,6.0578,7.0756,7.5202,7.546,7.3226,6.6926,5.7685,4.9989,4.0486,3.3639,3.0869,3.0283,3.2173,3.4759,3.6681,3.8917,4.1503,4.3485,4.604,4.8145,4.9712,4.9808,4.8316,4.3491,3.7596,2.7409,1.1465,-0.68179,-4.4649,-12.143,-14.107,-6.1635,-0.88553,2.3098,4.0406,5.7493,6.969,7.6227,8.2059,8.498,8.5083,8.347,7.908,7.2303,6.5663,5.5048,4.2872,3.0303,2.2116,1.5521,1.5911,2.0335,2.9562,3.9579,4.6433,5.4079,5.9789,6.3709,6.5498,6.6768,6.7061,6.6968,6.663,6.6263,6.597,6.5604,6.4938,6.3814,6.2371,5.9537,5.5607,5.2021,4.7006,4.2902,4.1255,4.2296,4.6132,5.1186,5.4756,5.7702,5.7593,5.4864,4.6937,3.2912,1.0058,-1.6508,-7.5623,-12.544,-6.5552,-1.4702,1.3645,2.6832,3.7429,4.1794,4.089,3.6962,2.7365,1.2301,-0.35899,-3.21,-6.5156,-6.7899
-8.0359,-7.822,-7.0818,-6.0906,-5.3944,-4.6039,-3.9939,-3.6152,-3.1633,-2.7157,-2.1941,-1.7962,-1.2923,-0.87838,-0.66992,-0.55131,-0.61861,-0.75216,-0.9209,-0.90446,-0.5663,-0.0658,0.78715,1.6576,2.2362,2.8707,3.3262,3.5456,3.7442,3.8673,3.9863,4.106,4.337,4.6265,4.871,5.2041,5.5156,5.7728,5.9276,6.0514,6.0491,5.9359,5.5805,4.9304,4.2061,2.8174,0.8168,-1.9863,-4.6084,-7.3498,-6.051,-4.0573,-2.0062,-0.83637,-0.44812,-0.36496,-0.41999,-0.4636,-0.22264,0.66358,1.7521,2.5468,3.4668,4.1288,4.5071,4.6234,4.5926,4.3658,4.1316,3.7438,3.3271,3.0076,2.6031,2.1817,1.714,1.3477,0.94276,0.6326,0.53821,1.0387,1.8458,2.4817,3.3993,4.2701,4.9532,5.3404,5.6804,5.7563,5.614,5.1037,4.1538,2.6613,1.1535,-1.1307,-2.3093,-1.4358,0.82107,2.7878,3.8381,4.7498,5.0034,4.6569,4.088,2.7791,0.59118,-1.8265,-6.6484,-12.658,-9.0586,-3.592,-0.27995,1.9339,3.1335,4.312,5.1942,5.704,6.1988,6.4966,6.6461,6.6386,6.469,6.161,5.7288,5.0157,4.2121,3.5246,2.6423,2.1076,2.1515,2.591,3.5751,4.7347,5.5987,6.6432,7.5267,8.0493,8.5632,8.8474,8.8852,8.7332,8.2763,7.4897,6.6395,5.0726,2.8182,-0.5635,-4.5297,-17.47,-10.091,-4.1121,-0.039072,2.3164,3.4824,4.489,5.048,5.2862,5.3103,5.2253,5.1202,5.0821,5.151,5.3698,5.6198,5.9932,6.368,6.6959,6.8927,7.0953,7.2284,7.3028,7.3868,7.4851,7.6224,7.7487,7.9382,8.1195,8.2245,8.2697,8.1775,7.9917,7.57,6.9501,6.1772,5.5933,4.9537,4.6721,4.7655,5.1548,5.6325,5.9352,6.1805,6.1789,5.9155,5.5719,4.9195,4.1258,3.5006,2.75,2.2648,2.1864
-2.4379,-2.644,-2.9763,-3.3882,-3.8107,-4.5841,-5.649,-6.6129,-7.8947,-8.5172,-7.5748,-6.1701,-4.1735,-2.4631,-1.4003,-0.25057,0.61992,1.1488,1.7038,2.1652,2.5475,2.7871,3.0507,3.1893,3.1861,3.0166,2.5982,2.1174,1.2926,0.41325,-0.13736,-0.071194,0.79709,2.1587,3.2437,4.5566,5.6272,6.4621,6.9322,7.3365,7.492,7.4372,7.1289,6.5044,5.8107,4.5229,2.7964,0.64816,-1.0586,-2.4755,-1.9375,-0.74982,0.83325,2.0554,2.6996,3.3381,3.7498,3.9446,4.1036,4.3022,4.3586,4.3529,4.2714,3.9994,3.5074,2.992,2.0911,0.9527,0.011033,-1.2233,-1.9892,-2.0514,-1.5294,-0.65201,0.24395,0.79828,1.3717,1.7293,2.0468,2.4234,2.5817,2.714,2.9584,3.2063,3.4997,3.7924,4.2405,4.6578,4.9155,5.1617,5.2474,5.1907,5.1014,5.0054,5.0054,5.1021,5.3413,5.593,5.6887,5.6801,5.4873,4.9386,4.3102,3.2636,1.9306,0.7582,-0.62097,-1.2272,-0.92678,0.31737,1.9076,3.3897,4.3535,5.4563,6.3254,6.8328,7.3632,7.7197,7.8971,7.9355,7.8535,7.7273,7.5191,7.1025,6.6813,6.3677,5.9488,5.6368,5.4957,5.5141,5.7242,6.1492,6.5757,7.2409,7.947,8.4618,9.0715,9.5328,9.8047,9.8692,9.7428,9.3521,8.8826,8.0324,6.9416,5.7048,4.8267,4.0221,3.9065,4.2109,4.8209,5.3626,5.6059,5.63,5.2721,4.4822,3.6072,2.0698,0.34885,-0.65858,-0.69475,0.66965,1.9961,3.6037,4.8785,5.8257,6.3516,6.8787,7.2593,7.4762,7.7559,8.0505,8.3904,8.6793,9.0968,9.5209,9.8126,10.153,10.4,10.522,10.596,10.565,10.47,10.375,10.221,10.073,9.9729,9.8314,9.6594,9.4866,9.1589,8.7007,8.1087,7.5693,6.7267,5.7741,5.0201,4.0248,3.1533,2.5635
-0.029938,-0.37338,-0.95466,-1.771,-2.561,-3.9473,-5.8857,-7.9004,-11.522,-15.037,-12.126,-8.7868,-5.3777,-2.9332,-1.541,-0.093633,1.012,1.6663,2.375,2.9165,3.3193,3.5254,3.6556,3.6014,3.4087,2.8801,1.9444,0.88295,-1.2776,-4.9442,-12.628,-17.962,-6.346,-1.1131,1.4134,3.8183,5.5339,6.7941,7.497,8.1693,8.5782,8.7305,8.7467,8.568,8.3111,7.8475,7.2855,6.709,6.3373,5.9696,5.8074,5.8014,5.8977,6.0279,6.1194,6.1737,6.0944,5.9735,5.8264,5.4658,5.0439,4.6539,3.9864,3.1562,2.1249,1.1548,-0.48186,-2.7229,-5.1022,-10.065,-23.227,-17.121,-8.1838,-4.1566,-1.6967,-0.4209,0.70587,1.3975,1.6924,1.5297,1.029,0.49802,-0.55179,-1.7084,-2.1402,-1.606,-0.058265,1.7439,2.9666,4.3084,5.3104,6.0313,6.4178,6.7638,6.964,7.0338,7.0153,6.9072,6.7548,6.3744,5.9142,5.3712,4.8397,4.1152,3.4706,3.0422,2.6335,2.5719,2.7201,3.1521,3.8331,4.6034,5.1837,5.9288,6.578,6.9723,7.3822,7.6812,7.8317,7.8773,7.82,7.6049,7.4425,7.1068,6.6115,6.1863,5.5235,4.7279,3.887,3.3009,2.7815,2.8459,3.3855,4.5897,6.0123,7.0652,8.3194,9.3471,10.131,10.564,10.944,11.114,11.122,10.994,10.758,10.455,10.215,9.9141,9.6465,9.4684,9.2071,8.8591,8.489,7.7979,6.7855,5.3446,3.896,1.2873,-2.3944,-5.5437,-5.7678,-1.9738,0.37617,2.5904,4.0075,4.8573,5.2118,5.3709,5.2802,5.1361,4.989,5.1104,5.6476,6.3011,7.3603,8.4615,9.2412,10.165,10.922,11.377,11.846,12.174,12.375,12.443,12.449,12.36,12.23,11.97,11.608,11.257,10.669,9.9415,9.0374,8.2305,6.9656,5.4322,4.0626,1.8458,-0.98352,-4.5877
-0.080195,-0.40093,-0.90425,-1.5087,-2.0053,-2.753,-3.4916,-4.0171,-4.4861,-4.6202,-4.32,-3.83,-2.9684,-2.073,-1.4385,-0.7002,-0.081118,0.30796,0.76791,1.1771,1.5899,1.8789,2.2025,2.4443,2.5285,2.4741,2.2307,1.9078,1.3397,0.75882,0.45931,0.57789,1.2827,2.4051,3.3404,4.5371,5.5985,6.4922,7.0421,7.6467,8.1129,8.3724,8.6007,8.7066,8.7145,8.6447,8.4925,8.2836,8.1088,7.8608,7.6076,7.4152,7.1549,6.8651,6.6266,6.2332,5.7696,5.258,4.7533,3.991,3.1716,2.4715,1.4464,0.41499,-0.62642,-1.3903,-2.3803,-3.3098,-3.9192,-4.5689,-4.7183,-4.3761,-3.4223,-2.1408,-0.9143,-0.15852,0.60787,1.0663,1.039,0.61687,-0.1538,-1.2855,-3.6902,-7.4709,-12.243,-9.826,-4.3535,-0.70547,1.252,3.1411,4.4684,5.3796,5.8374,6.2018,6.3338,6.3007,6.0993,5.7224,5.3771,4.7765,3.9702,3.1209,2.4093,1.3147,0.23728,-0.42956,-1.0543,-1.0834,-0.66145,0.26976,1.3383,2.3909,3.1114,3.8897,4.4777,4.8135,5.0904,5.2119,5.2441,5.209,5.1412,4.9251,4.7643,4.536,4.1052,3.6337,2.7762,1.4483,-0.62993,-2.9966,-8.736,-22.88,-8.8225,-1.8007,2.1371,4.2283,6.3298,7.904,9.0913,9.7793,10.477,10.973,11.234,11.452,11.554,11.568,11.523,11.406,11.211,11.012,10.67,10.222,9.8037,9.1207,8.2894,7.328,6.5364,5.4791,4.5392,4.0178,3.6693,3.7043,3.8783,4.1478,4.2913,4.1789,3.8548,2.9877,1.4623,-0.29077,-3.9549,-8.6931,-5.5039,-1.429,2.4613,5.1559,6.683,8.252,9.4395,10.132,10.836,11.344,11.671,11.814,11.893,11.837,11.706,11.419,10.993,10.579,9.9071,9.0723,8.0692,7.198,5.8726,4.3178,2.9784,0.92485,-1.4541,-3.9088
-0.74755,-1.0936,-1.5911,-2.0689,-2.3893,-2.7347,-2.9404,-2.981,-2.9295,-2.7059,-2.4024,-2.1525,-1.8502,-1.6238,-1.5444,-1.5967,-1.8007,-2.0178,-2.2683,-2.2364,-1.7561,-1.119,-0.057196,1.0048,1.7148,2.4928,3.0713,3.3819,3.6804,3.8913,4.0892,4.2501,4.494,4.7778,5.0058,5.3291,5.6816,6.0448,6.3384,6.767,7.2061,7.5322,7.9281,8.2431,8.4172,8.543,8.5575,8.4585,8.313,8.0453,7.7041,7.4049,6.954,6.4511,6.0258,5.4101,4.7338,3.8644,3.1309,2.0484,0.65559,-0.52667,-2.251,-4.1142,-5.6721,-6.2646,-6.1624,-5.3335,-4.5518,-3.505,-2.4607,-1.6846,-0.71455,0.21436,1.0449,1.571,2.1117,2.4441,2.5103,2.5802,2.3483,2.0379,1.6545,1.3043,1.2986,1.6069,2.3378,3.3105,4.0409,4.8869,5.5426,5.9547,6.1006,6.0918,5.8471,5.5246,4.9494,4.2014,3.5609,2.7079,1.6894,0.4977,-0.49536,-2.2987,-4.9419,-7.7875,-14.175,-15.08,-9.3373,-4.5744,-1.66,0.27549,1.294,2.1814,2.6254,2.7283,2.5979,2.1823,1.6661,1.2603,0.93746,1.0086,1.1215,1.4285,1.7971,1.9352,1.9108,1.6604,1.1407,0.66938,0.2073,0.35295,1.0506,2.5546,4.2488,5.4605,6.8742,8.0467,8.9877,9.5607,10.175,10.657,10.945,11.262,11.502,11.681,11.77,11.82,11.784,11.688,11.462,11.114,10.774,10.216,9.5592,8.8301,8.2591,7.5153,6.8502,6.4404,6.0355,5.784,5.6679,5.5618,5.4205,5.1495,4.8034,4.1045,3.0934,2.1331,0.80869,0.10008,0.78788,2.0272,3.927,5.6516,6.7442,7.9282,8.8458,9.3921,9.9611,10.371,10.653,10.795,10.876,10.835,10.723,10.455,10.036,9.6236,8.9304,8.0706,7.0752,6.2463,5.0634,3.838,2.9338,1.7911,0.80232,0.020071
-2.1468,-2.7651,-3.7065,-4.6282,-5.2214,-5.6194,-5.4948,-5.0288,-4.1718,-3.1817,-2.2648,-1.7148,-1.222,-1.0627,-1.2299,-1.8912,-3.2607,-4.9357,-8.6238,-14.809,-11.934,-7.0099,-2.7571,0.029349,1.5575,3.0834,4.1686,4.7704,5.3477,5.7067,5.8709,5.892,5.7753,5.4961,5.1838,4.6612,4.1047,3.7094,3.6862,4.0961,4.9022,5.6233,6.56,7.3348,7.7651,8.1224,8.2404,8.133,7.916,7.4756,6.8927,6.3995,5.7014,5.0126,4.5208,3.9044,3.2335,2.4665,1.8373,0.66888,-0.90549,-2.3695,-5.0446,-9.0839,-16.36,-25.067,-13.487,-8.0981,-5.6303,-3.2594,-1.4382,-0.35628,0.89885,1.9436,2.8008,3.3593,3.9473,4.3672,4.6725,4.9691,5.0616,5.1993,5.3555,5.4938,5.7474,5.9686,6.3126,6.7028,6.9643,7.2491,7.3874,7.3317,7.1339,6.6311,5.8261,5.0101,3.6529,2.0784,0.79978,-0.55027,-1.2441,-1.5962,-1.6984,-1.9091,-2.584,-3.1606,-3.6901,-3.4095,-2.4278,-0.81386,0.66544,1.8048,2.3399,2.6891,2.5956,2.169,1.1524,-0.49936,-3.0736,-5.7408,-9.6293,-8.3184,-5.3497,-2.2874,-0.098457,1.127,2.2911,3.1395,3.799,4.2083,4.7568,5.3483,5.83,6.5436,7.2679,7.778,8.3787,8.8621,9.2124,9.4008,9.5885,9.7445,9.8845,10.142,10.493,10.896,11.207,11.568,11.832,11.933,11.919,11.714,11.431,10.876,10.124,9.1914,8.4081,7.3009,6.2572,5.6371,5.1689,5.1489,5.376,5.814,6.2721,6.6214,6.7895,6.8914,6.87,6.8123,6.7627,6.7972,6.976,7.1978,7.5634,7.9513,8.2063,8.4835,8.6766,8.7755,8.8819,8.996,9.1425,9.2693,9.4205,9.5196,9.5302,9.402,9.0852,8.7045,7.9773,7.0147,5.8097,4.7622,3.2459,1.7595,0.80301,-0.052947,-0.40559,-0.41367
-5.6907,-6.8701,-8.8943,-11.656,-14.515,-19.581,-18.078,-13.604,-9.075,-5.9511,-3.7172,-2.4696,-1.2991,-0.63448,-0.43885,-0.59246,-1.2084,-1.9188,-2.996,-3.6258,-3.137,-2.0647,-0.32279,1.2718,2.2872,3.39,4.216,4.6977,5.1545,5.4267,5.4759,5.3577,4.9515,4.1753,3.2756,1.475,-1.4094,-6.2823,-11.17,-6.761,-1.2739,1.3102,3.6346,5.1109,5.8127,6.3225,6.3892,6.0697,5.5778,4.6158,3.3103,2.1643,0.58486,-0.70276,-1.2254,-1.3043,-1.0793,-0.79366,-0.86185,-1.2475,-1.872,-2.6359,-3.8138,-5.0095,-5.9705,-6.215,-5.8971,-4.9585,-4.058,-2.7286,-1.4508,-0.55366,0.52096,1.4677,2.2685,2.7784,3.3647,3.8236,4.1493,4.368,4.6159,4.8091,5.0003,5.2916,5.6302,5.91,6.3409,6.7477,7.0119,7.2775,7.3759,7.2491,6.9704,6.2866,5.182,3.9951,1.7559,-1.5573,-5.5418,-17.383,-13.381,-5.6089,-3.0304,-0.90149,0.3728,0.98213,1.6492,2.1928,2.578,3.0725,3.4597,3.6917,3.7173,3.5117,3.0081,2.3878,1.2161,-0.34928,-2.3668,-4.0607,-5.8482,-5.3413,-4.2722,-2.2655,-0.5865,0.46265,1.6865,2.6896,3.5744,4.1979,4.9661,5.6817,6.1737,6.7386,7.1891,7.4111,7.5357,7.4168,7.0264,6.5402,5.6803,4.7363,4.2271,4.2194,5.1286,6.511,7.5592,8.7751,9.6802,10.151,10.494,10.521,10.328,9.7677,8.8319,7.4613,6.0793,3.6199,0.14284,-3.2442,-5.869,-2.3128,0.44009,3.0747,4.8562,6.0726,6.7174,7.3148,7.6896,7.8634,7.9891,8.023,7.9772,7.8919,7.694,7.3574,6.999,6.3625,5.5582,4.8721,4.0015,3.4783,3.5654,4.0019,4.8482,5.6821,6.1621,6.5422,6.5762,6.3586,5.7294,4.6699,3.083,1.4856,-1.4283,-5.7219,-10.372,-13.232,-7.9016,-4.4473
-9.4597,-11.149,-13.545,-15.582,-16.393,-16.275,-14.464,-12.156,-8.9061,-6.0211,-3.664,-2.2485,-0.79775,0.22918,0.75868,1.1858,1.3805,1.4188,1.396,1.3843,1.4579,1.5802,1.7873,2.0153,2.1711,2.361,2.5604,2.7243,2.9703,3.2259,3.4569,3.5436,3.4844,3.1526,2.6833,1.7393,0.49719,-0.74462,-1.1692,-0.63878,0.75792,1.8889,3.1512,4.0122,4.3887,4.5339,4.2842,3.6219,2.8412,1.3295,-0.86755,-3.1843,-7.9118,-18.532,-22.077,-10.307,-6.2381,-4.2946,-3.6091,-3.1754,-3.3734,-3.7717,-4.5029,-5.3841,-6.1612,-6.5766,-6.7499,-6.4426,-5.9254,-4.9629,-3.952,-3.1438,-2.1535,-1.3095,-0.56013,-0.11062,0.36487,0.73831,0.80237,0.84365,0.87836,0.7384,0.6841,0.85832,1.2952,1.8617,2.7884,3.7667,4.4675,5.2428,5.8009,6.0934,6.1201,5.8896,5.3318,4.6941,3.5655,2.2554,1.2557,0.25054,0.13063,0.58248,1.2543,2.0588,2.7693,3.2113,3.6252,3.953,4.0974,4.1929,4.1947,4.043,3.8533,3.4405,2.8459,2.3294,1.4845,0.57323,-0.31156,-0.886,-1.6055,-1.8974,-1.9498,-1.9276,-1.6654,-1.4445,-1.0662,-0.49649,0.25436,0.94754,1.9752,3.0081,3.7277,4.5203,5.0754,5.3151,5.3403,4.9672,4.1033,3.0403,0.80751,-3.0546,-8.534,-16.21,-4.1095,0.85731,3.2052,5.3883,6.8596,7.6232,8.2719,8.5477,8.5236,8.1931,7.5095,6.4418,5.3685,3.5586,1.4264,-0.069502,-0.93299,0.011392,1.272,2.8615,4.1275,5.0415,5.5333,5.9724,6.2308,6.3291,6.3479,6.2697,6.0817,5.8536,5.3996,4.7103,3.9974,2.6584,0.69599,-1.3983,-5.7661,-15.137,-12.071,-5.9661,-1.6522,0.87037,2.104,3.1753,3.708,3.8048,3.5686,2.8997,1.8141,0.73198,-1.0488,-3.0264,-4.2992,-4.9278,-4.1953,-2.939
-9.9178,-12.386,-17.638,-26.416,-20.638,-13.907,-9.8831,-7.5822,-4.9663,-2.8467,-1.0761,0.030654,1.2408,2.1511,2.6463,3.1033,3.349,3.409,3.3517,3.1491,2.8251,2.4828,1.884,1.124,0.43257,-0.59451,-1.5317,-1.9578,-1.7839,-0.8427,0.42141,1.3298,2.3368,3.057,3.4103,3.685,3.7942,3.843,3.9036,4.0188,4.1964,4.3164,4.4152,4.3779,4.2346,3.8739,3.3308,2.5959,1.9372,0.88648,-0.35856,-1.3965,-2.765,-3.7936,-4.0917,-3.897,-3.2966,-2.9189,-2.7986,-2.9512,-3.6898,-4.4533,-6.0037,-8.1404,-10.907,-13.385,-15.448,-14.11,-12.083,-9.7264,-7.9878,-6.9983,-5.8799,-4.9891,-4.2056,-3.712,-3.2311,-2.9655,-3.0682,-3.2937,-4.1965,-5.3131,-7.19,-9.3924,-8.8835,-6.3804,-2.9657,-0.20345,1.4573,3.1852,4.4689,5.3802,5.8515,6.2275,6.3429,6.2976,6.0786,5.759,5.523,5.1572,4.9611,4.7812,4.7277,4.6866,4.6409,4.6273,4.5591,4.4738,4.3877,4.2104,3.9707,3.624,3.296,2.7544,2.0741,1.5001,0.62617,-0.30744,-1.2359,-1.812,-2.548,-3.2824,-3.6087,-4.285,-5.0844,-5.8519,-7.1721,-8.1064,-7.3352,-5.6481,-2.9747,-0.62265,0.81974,2.336,3.3899,3.9162,4.2689,4.2583,3.8969,3.4214,2.5917,1.7059,1.2228,1.114,1.7372,2.8127,3.7059,4.817,5.7766,6.3594,6.9492,7.3157,7.452,7.4476,7.2424,6.8449,6.4523,5.8508,5.2534,4.8732,4.5078,4.3509,4.3414,4.3884,4.4151,4.373,4.2809,4.0843,3.829,3.642,3.4276,3.262,3.1395,3.0423,2.8286,2.4753,2.0608,1.2657,0.17497,-0.81518,-2.1771,-3.1117,-3.0285,-2.3554,-1.0546,0.1975,0.99475,1.825,2.3828,2.6144,2.6888,2.5116,2.1253,1.7067,1.0778,0.42896,0.010182,-0.38233,-0.54162,-0.44738
-5.1721,-5.6966,-6.2324,-6.2987,-5.9184,-4.9047,-3.5375,-2.4602,-1.0897,0.15809,1.2284,1.9077,2.6336,3.1692,3.4455,3.651,3.6695,3.5738,3.288,2.8358,2.1804,1.5407,0.44965,-1.0338,-2.5198,-5.3273,-10.142,-17.936,-17.365,-7.8669,-3.4423,-1.2595,0.84146,2.3242,3.14,3.9315,4.4462,4.7486,4.8382,4.8194,4.6299,4.3726,3.8712,3.1807,2.5562,1.6205,0.67259,-0.13067,-0.58038,-0.91768,-1.0289,-1.0434,-1.0238,-0.98955,-0.96289,-0.96224,-1.0267,-1.2685,-1.5251,-2.2288,-3.1957,-4.2165,-5.9976,-8.3208,-11.358,-13.926,-16.235,-15.474,-14.047,-12.629,-11.759,-11.455,-11.313,-10.904,-10.19,-9.3699,-8.2248,-7.3962,-6.8346,-6.695,-7.3075,-7.937,-9.6936,-11.266,-10.739,-8.4407,-5.0852,-2.2546,-0.49586,1.4233,2.9641,4.1688,4.8786,5.5972,6.076,6.2945,6.4265,6.3656,6.2484,5.9773,5.5705,5.1313,4.7042,4.1459,3.5421,3.0985,2.5952,2.1542,1.9154,1.664,1.3991,1.0937,0.74611,0.14453,-0.68058,-1.5159,-2.8046,-4.419,-6.1174,-7.2746,-8.0289,-8.3257,-8.1911,-8.0303,-8.5278,-9.331,-11.473,-14.617,-13.96,-10.214,-5.9405,-2.8462,-1.0959,0.65266,1.8917,2.5376,3.0852,3.3424,3.3531,3.235,2.963,2.6431,2.4289,2.2271,2.1629,2.2811,2.4706,2.8506,3.3269,3.7222,4.2613,4.7446,5.0505,5.341,5.489,5.5107,5.4431,5.2655,5.0058,4.7661,4.4165,4.0151,3.6635,3.128,2.4559,1.6123,0.84741,-0.33581,-1.6443,-2.5864,-3.4238,-3.5017,-2.8926,-2.2422,-1.421,-0.82278,-0.56754,-0.45677,-0.58578,-0.79299,-1.1343,-1.441,-1.6254,-1.6435,-1.4898,-1.1687,-0.8127,-0.30845,0.18692,0.51213,0.81923,0.96903,0.91801,0.74637,0.34926,-0.20999,-0.72131,-1.486,-2.2398,-2.8019
-2.0599,-1.9183,-1.7154,-1.4245,-1.1312,-0.64629,-0.082833,0.36881,0.9519,1.4882,1.9406,2.2079,2.4558,2.5714,2.5731,2.4507,2.1941,1.9121,1.4211,0.79618,0.039836,-0.5974,-1.5388,-2.5751,-3.3935,-4.4711,-5.3185,-5.6051,-5.1709,-3.8974,-2.2571,-1.026,0.44703,1.6633,2.3984,3.1401,3.6321,3.8768,3.9023,3.7296,3.2907,2.7793,1.8025,0.4314,-0.91746,-3.2489,-6.3014,-9.4122,-9.9797,-7.7989,-5.2678,-3.7955,-2.3878,-1.4625,-1.0207,-0.68771,-0.67005,-0.845,-1.1937,-1.8174,-2.6717,-3.4811,-4.682,-6.0761,-7.4641,-8.496,-9.6654,-10.648,-11.348,-12.455,-14.038,-15.797,-19.93,-29.094,-23.238,-17.789,-13.613,-11.016,-9.6728,-8.7535,-7.9565,-7.7378,-7.4626,-7.0767,-6.4394,-5.6948,-4.5014,-3.0632,-1.9687,-0.5079,0.85895,2.0677,2.8581,3.7252,4.3762,4.7087,4.9547,4.9776,4.8144,4.441,3.772,2.8771,2.0273,0.64762,-0.927,-2.1936,-3.6655,-4.5061,-4.6057,-4.2212,-3.6962,-3.3527,-3.2917,-3.5667,-4.2759,-5.1288,-6.8093,-9.3495,-13.49,-19.292,-36.749,-17.06,-13.27,-10.378,-8.7002,-7.9493,-7.1904,-6.5185,-5.5881,-4.7312,-3.4206,-2.1348,-1.2696,-0.2991,0.43271,0.82185,1.1538,1.2648,1.1859,1.0108,0.62937,0.091357,-0.41604,-1.1894,-2.0351,-2.8354,-3.2616,-3.3613,-2.8483,-2.1561,-1.081,-0.043095,0.61087,1.2973,1.7632,2.0341,2.1238,2.117,1.9839,1.8108,1.4848,1.0253,0.57666,-0.1989,-1.2137,-2.5523,-3.8424,-6.1104,-9.3756,-13.121,-24.456,-19.804,-11.888,-8.8562,-6.2531,-4.6258,-3.8243,-3.2117,-3.0251,-3.1191,-3.536,-4.2457,-5.1812,-5.9305,-6.8004,-7.0304,-6.6552,-5.5978,-4.3566,-3.505,-2.5937,-2.0005,-1.7394,-1.7449,-2.0717,-2.774,-3.5977,-5.2086,-7.6719,-11.645
-0.19954,0.12022,0.50664,0.86243,1.1172,1.4407,1.7249,1.9014,2.0907,2.193,2.2025,2.1426,1.9778,1.7062,1.433,0.98484,0.44171,-0.038072,-0.76959,-1.6173,-2.5441,-3.2691,-4.1864,-4.8738,-5.1371,-5.0899,-4.6257,-4.0536,-3.0767,-1.9564,-0.81343,0.0274,1.0531,1.9298,2.4709,3.0185,3.3659,3.5036,3.4815,3.2524,2.7992,2.2936,1.3588,0.073751,-1.175,-3.3136,-5.9889,-8.5065,-8.8843,-6.9328,-4.4812,-2.9909,-1.5123,-0.52495,-0.048735,0.28593,0.32715,0.086501,-0.25508,-0.86533,-1.7042,-2.395,-3.4428,-4.5193,-5.6146,-6.4001,-7.4239,-8.4061,-9.1458,-10.146,-11.35,-12.295,-13.526,-14.139,-13.724,-12.748,-11.212,-9.7918,-9.0297,-8.29,-7.7472,-7.64,-7.4732,-7.5104,-7.3984,-7.2143,-6.615,-5.5644,-4.5266,-2.9455,-1.3356,0.17104,1.1679,2.2895,3.1513,3.6233,3.9974,4.096,3.9641,3.4939,2.7091,1.4779,0.28852,-1.9015,-4.887,-8.1222,-15.461,-30.068,-15.801,-10.333,-7.6576,-6.2513,-5.6447,-5.3242,-5.4246,-5.7216,-6.4632,-7.3876,-8.4436,-9.1527,-9.2777,-8.7589,-7.9113,-6.7072,-5.5659,-4.825,-3.9828,-3.2454,-2.5928,-2.1333,-1.5956,-1.1307,-0.85009,-0.57388,-0.42356,-0.388,-0.4465,-0.63011,-0.93871,-1.2626,-1.8371,-2.6437,-3.456,-4.9409,-7.104,-10.503,-14.559,-20.893,-13.813,-9.7878,-6.4176,-4.2696,-3.1826,-2.2168,-1.6726,-1.4521,-1.419,-1.4817,-1.592,-1.6813,-1.8536,-2.1132,-2.4019,-2.9857,-3.8287,-4.9496,-5.9619,-7.4769,-9.0578,-10.108,-10.88,-10.566,-9.3126,-8.1245,-6.5912,-5.3206,-4.6162,-4.0462,-3.9119,-4.1169,-4.8374,-6.1712,-8.3642,-10.918,-16.929,-38.764,-18.296,-11.486,-8.0053,-6.307,-4.7369,-3.7451,-3.1715,-2.9833,-3.0072,-3.3657,-3.8541,-4.8136,-6.1067,-7.5127
1.0985,1.4608,1.9075,2.2946,2.5352,2.787,2.9446,2.9817,2.9227,2.7209,2.3606,1.9946,1.3841,0.67457,0.096631,-0.68608,-1.4706,-2.0631,-2.9306,-3.9839,-5.3798,-6.7723,-9.1873,-11.927,-12.764,-10.537,-7.316,-5.2424,-2.99,-1.2207,0.20392,1.0791,2.026,2.746,3.1495,3.5286,3.7351,3.7906,3.7447,3.5736,3.2993,3.0206,2.5742,2.0427,1.6041,1.025,0.54157,0.27851,0.29798,0.60123,1.11,1.5401,2.0658,2.4495,2.6109,2.6175,2.4107,1.9274,1.4557,0.57183,-0.48803,-1.4007,-2.7217,-4.0243,-5.2469,-5.9776,-6.7396,-7.2197,-7.4425,-7.639,-7.7972,-7.8647,-7.8711,-7.747,-7.5011,-7.2475,-6.8313,-6.4887,-6.3583,-6.1852,-6.4715,-6.7885,-7.5846,-8.9315,-10.91,-12.966,-15.007,-12.885,-9.7783,-6.0756,-3.1893,-0.89349,0.50468,2.0175,3.1647,3.8048,4.3748,4.6218,4.6244,4.2908,3.6833,2.6898,1.737,0.14436,-1.7286,-3.2516,-5.1026,-6.2765,-6.5459,-6.3244,-5.8849,-5.5033,-5.2772,-5.0308,-4.8335,-4.7217,-4.6144,-4.4845,-4.2936,-4.1383,-3.8075,-3.3205,-2.9385,-2.3065,-1.7327,-1.2986,-0.83127,-0.45258,-0.22033,-0.12423,-0.12037,-0.24798,-0.4351,-0.7974,-1.242,-1.6181,-2.1374,-2.5983,-2.9949,-3.2549,-3.6092,-4.0419,-4.4613,-5.2741,-6.3557,-7.6764,-8.6131,-9.0556,-8.1756,-6.9881,-5.4245,-4.2559,-3.6967,-3.4099,-3.6249,-4.2809,-4.9748,-5.8998,-6.3396,-6.1716,-5.5237,-4.848,-4.5404,-4.52,-4.9825,-5.9263,-6.9121,-8.4726,-9.957,-10.625,-10.45,-9.1931,-7.5441,-6.3121,-4.8462,-3.6823,-3.0269,-2.4502,-2.229,-2.3069,-2.74,-3.5285,-4.6604,-5.6107,-6.8073,-7.3827,-7.2251,-6.433,-5.431,-4.7369,-3.9782,-3.4096,-2.9763,-2.7307,-2.4723,-2.3002,-2.23,-2.1889,-2.1685,-2.0963
1.2759,1.6455,2.147,2.6376,2.9638,3.3086,3.5045,3.5365,3.3613,2.9297,2.2049,1.4459,0.13674,-1.4658,-2.7653,-4.3423,-5.2717,-5.4258,-5.2822,-5.2844,-5.7773,-6.5865,-8.3121,-10.388,-10.86,-8.5993,-5.4176,-3.3362,-1.1355,0.52664,1.7712,2.473,3.1468,3.5633,3.7264,3.7838,3.6923,3.513,3.3371,3.1221,2.96,2.9017,2.9099,3.0124,3.1422,3.3687,3.6363,3.9506,4.2159,4.5885,4.9467,5.1836,5.4217,5.527,5.4946,5.278,4.8222,4.1177,3.4016,2.1487,0.57285,-0.89806,-3.2154,-6.004,-8.8503,-10.328,-10.345,-9.0206,-7.9534,-6.8351,-5.9273,-5.4534,-4.9144,-4.5071,-4.1348,-3.9145,-3.6965,-3.5942,-3.6049,-3.7316,-4.2061,-4.6336,-5.6676,-6.9977,-8.9017,-10.457,-11.813,-10.398,-8.1083,-4.9763,-2.3092,-0.090227,1.3264,2.9043,4.1551,4.8838,5.6119,6.0241,6.1576,6.0868,5.7275,5.1134,4.4806,3.4779,2.2704,1.3304,-0.011812,-1.2933,-2.2586,-3.4363,-4.5524,-5.4023,-5.8474,-5.9627,-5.5764,-5.0819,-4.2148,-3.382,-2.5501,-1.9039,-1.2151,-0.47434,0.0080836,0.60046,1.0845,1.3707,1.6311,1.7176,1.6198,1.4052,0.93673,0.21649,-0.49182,-1.6755,-3.1133,-4.3232,-5.9142,-7.092,-7.4073,-7.0782,-6.305,-5.4957,-4.9745,-4.4412,-4.0587,-3.7461,-3.5097,-3.1431,-2.6687,-2.2897,-1.8559,-1.6232,-1.6614,-2.126,-3.2255,-5.2128,-7.6832,-13.793,-34.376,-14.832,-8.4509,-5.4826,-4.2712,-3.5526,-3.7078,-4.6712,-6.0154,-8.9723,-14.49,-23.624,-16.674,-9.7094,-5.9839,-4.0769,-2.2322,-0.92373,-0.22504,0.40477,0.7362,0.8171,0.72378,0.44268,0.027823,-0.33562,-0.84118,-1.314,-1.6473,-2.0474,-2.4582,-2.7883,-3.2535,-3.6208,-3.7046,-3.5039,-2.9139,-2.1119,-1.4884,-0.73502,-0.10234,0.40649
-1.5778,-1.2029,-0.36508,0.67611,1.4519,2.3198,2.9109,3.1421,3.1407,2.7443,1.9058,0.92784,-0.95434,-3.8057,-7.0103,-14.845,-23.103,-12.498,-7.4112,-4.8949,-3.5047,-2.8737,-2.3293,-1.8513,-1.4181,-0.65649,0.27607,1.0126,1.9127,2.6598,3.187,3.4215,3.5212,3.3722,3.1042,2.5355,1.7633,0.83899,0.13379,-0.66443,-1.0415,-0.91778,-0.277,0.71069,1.5353,2.6189,3.632,4.5468,5.1509,5.8526,6.4335,6.775,7.0902,7.2292,7.2038,6.9866,6.5175,5.7916,5.0108,3.729,1.9669,0.35562,-2.4238,-6.0752,-11.022,-14.262,-12.762,-9.4871,-7.7707,-6.23,-5.2303,-4.6666,-4.0871,-3.5851,-3.1336,-2.8184,-2.4961,-2.2684,-2.1673,-2.3274,-2.4662,-2.8364,-3.3155,-3.9584,-4.4846,-4.7966,-4.823,-4.3537,-3.6395,-2.3334,-0.77369,0.85144,2.0327,3.4872,4.7399,5.5349,6.3555,6.9369,7.1703,7.2999,7.1333,6.7504,6.2905,5.4871,4.4475,3.5257,2.0767,0.35244,-1.1669,-3.6342,-6.7748,-11.005,-14.608,-15.051,-11.146,-8.697,-6.3375,-4.5175,-3.0686,-2.1504,-0.91354,0.060661,0.783,1.5295,2.1397,2.4347,2.6544,2.6213,2.3431,1.9445,1.1433,-0.0062889,-1.131,-3.0431,-5.6117,-8.1565,-13.175,-24.455,-21.427,-14.738,-10.407,-7.8118,-6.4539,-4.9845,-3.8107,-2.7825,-2.061,-1.1882,-0.41566,0.078147,0.60076,0.92011,0.98507,0.81941,0.3323,-0.46818,-1.1943,-2.0687,-2.4177,-2.1532,-1.3077,-0.3752,0.15679,0.5369,0.52109,0.11347,-0.40759,-1.2779,-2.1028,-2.4208,-2.2058,-1.3621,-0.29132,0.48065,1.3586,2.034,2.4153,2.7577,2.9397,2.9895,2.9593,2.8203,2.5921,2.3368,1.9119,1.3274,0.77251,-0.2001,-1.5366,-2.8787,-5.3119,-8.7997,-12.351,-11.414,-7.3663,-4.1632,-2.4205,-0.7444,0.38078,1.0798
-14.486,-13.295,-7.8419,-4.0431,-2.0677,-0.19925,1.0221,1.5855,1.9677,1.9412,1.5296,0.98494,-0.040151,-1.3436,-2.393,-3.5659,-4.0086,-3.7456,-2.9049,-1.9205,-1.0129,-0.43138,0.22751,0.78914,1.1728,1.6423,2.0678,2.3296,2.588,2.7006,2.627,2.4324,1.9598,1.2161,0.46016,-0.85299,-2.5972,-4.9306,-7.2341,-11.506,-16.313,-14.511,-9.2873,-5.5599,-3.4563,-1.2073,0.62655,2.1432,3.1156,4.2199,5.1192,5.6644,6.2161,6.5642,6.6871,6.6515,6.3983,5.8809,5.355,4.3888,3.1977,2.1203,0.53234,-1.1732,-2.7636,-3.7653,-4.7237,-5.3516,-5.7385,-6.1847,-6.6726,-6.8927,-6.8841,-6.4082,-5.6387,-5.0014,-4.1975,-3.5965,-3.3184,-3.1429,-3.2517,-3.4818,-3.9653,-4.6535,-5.4757,-6.1081,-6.8135,-7.0174,-6.6035,-5.2881,-3.3941,-1.3572,0.10259,1.8577,3.3522,4.2836,5.2807,5.9994,6.3702,6.6029,6.6079,6.3501,6.0045,5.3244,4.4173,3.5623,2.2173,0.5578,-0.89461,-3.1998,-5.935,-8.9319,-10.864,-11.741,-10.898,-9.887,-8.7731,-7.6781,-6.4388,-5.352,-3.8101,-2.212,-1.1902,0.015282,0.89189,1.3604,1.6835,1.6942,1.3643,0.90532,-0.012428,-1.2541,-2.4017,-4.1894,-6.2353,-7.8822,-10.004,-11.575,-12.067,-11.758,-10.855,-9.8082,-8.9748,-7.8451,-6.5673,-5.1575,-4.0458,-2.5562,-1.1797,-0.26159,0.78835,1.6153,2.0881,2.5364,2.8057,2.9327,2.9869,3.0452,3.1514,3.279,3.5064,3.7412,3.8935,4.0093,4.0125,3.892,3.7414,3.4948,3.2521,3.1097,2.9914,2.9405,2.9271,2.9097,2.852,2.7191,2.5839,2.388,2.2113,2.1129,2.0443,2.03,2.01,1.9657,1.7942,1.4523,1.0425,0.23987,-0.91218,-2.0557,-3.9764,-6.1998,-7.7462,-7.4441,-5.5488,-3.4393,-2.1337,-0.83057,0.007797,0.42079
-8.2885,-7.9238,-6.1521,-4.0602,-2.6837,-1.2164,-0.14963,0.41965,0.89836,1.1126,1.0911,0.95232,0.63634,0.23198,-0.06944,-0.40135,-0.58943,-0.63095,-0.5333,-0.31498,-0.019175,0.2248,0.57106,0.89763,1.1279,1.3825,1.5551,1.6011,1.555,1.3203,0.88834,0.42009,-0.42977,-1.5469,-2.5694,-4.1816,-6.0903,-8.2769,-10.101,-12.42,-13.839,-13.462,-11.494,-9.0764,-7.3074,-5.1332,-3.1547,-1.3867,-0.18787,1.2403,2.45,3.2156,4.0501,4.67,4.9935,5.2355,5.2694,5.0813,4.8323,4.2766,3.5753,2.9109,1.9274,0.80436,-0.41027,-1.3896,-2.7876,-4.4008,-5.827,-8.2381,-11.589,-15.015,-18.518,-14.801,-10.854,-8.8115,-6.9031,-5.7335,-5.2273,-4.8054,-4.9607,-5.1442,-5.8767,-6.9045,-8.5567,-10.224,-13.856,-21.309,-25.79,-14.271,-8.5395,-4.8283,-2.6995,-0.44847,1.3233,2.3795,3.5109,4.295,4.7294,5.0221,5.1076,4.9207,4.6569,4.1029,3.3731,2.6947,1.6603,0.44255,-0.54422,-1.9771,-3.4862,-4.9912,-6.0657,-7.4822,-8.973,-10.333,-12.772,-16.18,-16.713,-13.017,-8.8456,-5.5301,-3.7776,-1.9471,-0.72051,-0.084627,0.36385,0.41937,0.07034,-0.43093,-1.4217,-2.7618,-3.9863,-5.8598,-7.935,-9.4541,-11.199,-12.424,-13.019,-13.216,-13.477,-13.969,-14.466,-15.036,-14.019,-11.164,-8.7135,-5.7551,-3.3,-1.7743,-0.09182,1.2361,2.0393,2.898,3.5493,4.0522,4.35,4.6743,4.9471,5.1262,5.3308,5.4911,5.5881,5.6675,5.6822,5.6296,5.541,5.3647,5.1292,4.9053,4.536,4.0701,3.4934,2.9644,2.1145,1.0865,0.20786,-0.99994,-2.0136,-2.4288,-2.3503,-1.7041,-0.89695,-0.33084,0.22023,0.52319,0.57902,0.44047,0.093408,-0.27517,-0.81408,-1.2736,-1.5569,-1.579,-1.3796,-0.99759,-0.68381,-0.32574,-0.12401,-0.14212
-2.2912,-2.1888,-1.8479,-1.3595,-0.95166,-0.42589,0.034909,0.33669,0.63309,0.81983,0.90748,0.89845,0.8078,0.64693,0.48718,0.23926,-0.014005,-0.189,-0.37666,-0.48307,-0.48443,-0.40977,-0.2176,0.048831,0.26481,0.52655,0.69896,0.73921,0.63564,0.30727,-0.2697,-0.8903,-1.9842,-3.3838,-4.6204,-6.5067,-8.5402,-10.54,-11.786,-12.975,-13.481,-13.457,-12.878,-11.802,-10.69,-8.832,-6.7465,-4.6459,-3.1576,-1.3542,0.19722,1.1929,2.3029,3.1807,3.6946,4.2092,4.512,4.6457,4.5978,4.4203,4.0342,3.6614,3.0046,2.2066,1.2359,0.39319,-0.90453,-2.432,-3.7675,-5.8639,-8.251,-10.036,-11.325,-10.473,-8.7735,-7.525,-6.2931,-5.4833,-5.1863,-5.0404,-5.2586,-5.5948,-6.2888,-7.1843,-8.1998,-9.0707,-10.094,-10.653,-10.247,-8.6526,-6.3733,-4.0558,-2.471,-0.63725,0.87923,1.8225,2.8033,3.5145,3.8558,4.1268,4.1336,3.9248,3.6437,3.1171,2.458,1.8905,1.0865,0.24194,-0.38733,-1.2437,-2.0984,-3.0417,-3.7534,-4.8739,-6.1603,-7.3928,-9.1853,-10.948,-10.919,-9.4395,-6.6265,-4.2769,-2.7562,-1.2327,-0.12875,0.4029,0.78739,0.77286,0.3818,-0.17421,-1.2719,-2.8372,-4.3717,-6.9825,-10.445,-13.871,-19.866,-21.418,-17.624,-15.769,-14.71,-14.984,-16.193,-19.088,-18.982,-13.36,-9.6986,-5.9587,-3.1399,-1.4548,0.35659,1.7648,2.6188,3.529,4.2305,4.7739,5.0979,5.4553,5.7495,5.9391,6.1592,6.356,6.4745,6.6032,6.674,6.6833,6.6398,6.5001,6.2537,5.9869,5.4982,4.8384,3.9617,3.1264,1.705,-0.18692,-2.0769,-5.6143,-11.666,-19.556,-12.326,-6.5419,-3.3773,-1.8215,-0.41331,0.46536,0.85971,1.1315,1.1607,1.0766,0.86837,0.61226,0.38379,0.25668,0.16697,0.16112,0.19496,0.2575,0.27307,0.1925
0.7771,0.68783,0.55996,0.43903,0.35849,0.29375,0.29923,0.34536,0.49014,0.66663,0.8329,0.91686,0.94159,0.83506,0.64836,0.25643,-0.29627,-0.7816,-1.5042,-2.1729,-2.6053,-2.6541,-2.331,-1.654,-1.0661,-0.31618,0.26999,0.5669,0.69643,0.5389,0.027382,-0.60458,-1.8011,-3.4742,-5.1017,-7.8629,-11.509,-16.184,-19.772,-20.476,-18.457,-17.716,-18.041,-19.217,-18.906,-15.031,-10.668,-7.1035,-4.9526,-2.6373,-0.80534,0.32952,1.5816,2.6017,3.2388,3.9389,4.4781,4.8636,5.0308,5.1399,5.0679,4.9136,4.5596,4.0531,3.4127,2.8366,1.9563,0.98183,0.20366,-0.8324,-1.7814,-2.3768,-2.8942,-3.1237,-3.0892,-3.0112,-2.9153,-2.9435,-3.0558,-3.5693,-4.1637,-4.9345,-5.8984,-6.9535,-7.6417,-7.8434,-7.4903,-6.6358,-5.7528,-4.3893,-2.8976,-1.4088,-0.33978,0.95592,2.0651,2.7603,3.4907,4.0152,4.2288,4.3309,4.1485,3.7627,3.2854,2.5053,1.5497,0.83398,-0.062797,-0.68113,-0.98046,-1.133,-1.1736,-1.1945,-1.2766,-1.4318,-1.6828,-1.8641,-2.0536,-2.0454,-1.7574,-1.2234,-0.45512,0.53662,1.2292,2.0912,2.7521,3.0945,3.3232,3.2664,2.9113,2.4247,1.4657,0.12759,-1.1435,-3.2229,-5.753,-7.855,-10.335,-11.264,-10.455,-9.5434,-8.5133,-7.7443,-7.2873,-6.532,-5.456,-3.9579,-2.6884,-0.95883,0.64293,1.7125,2.9083,3.8626,4.4227,4.9886,5.3917,5.6625,5.8161,5.9857,6.1464,6.2811,6.4961,6.7477,6.948,7.2124,7.4534,7.6339,7.717,7.7319,7.6093,7.4215,7.0304,6.4537,5.6664,4.9303,3.7301,2.2696,1.0055,-0.83384,-2.4831,-3.1571,-2.8371,-1.5651,-0.13993,0.78802,1.7594,2.4088,2.7002,2.8436,2.7481,2.5447,2.1217,1.5702,0.99596,0.60021,0.22409,0.086973,0.15676,0.41134,0.74842,1.0365
3.0532,2.6659,1.9644,1.091,0.36366,-0.56913,-1.2227,-1.3869,-1.0902,-0.41305,0.30716,0.76782,1.1562,1.2299,1.0709,0.54474,-0.39935,-1.4479,-3.4106,-6.217,-9.7855,-11.158,-8.3325,-4.755,-2.6944,-0.66749,0.73965,1.4611,2.0453,2.2249,2.0181,1.6134,0.71296,-0.64448,-1.9935,-4.2993,-7.251,-10.709,-12.916,-13.866,-13.255,-13.02,-13.574,-14.706,-14.539,-11.588,-7.9904,-5.0553,-3.3468,-1.5946,-0.26407,0.537,1.4684,2.3253,2.963,3.7918,4.5918,5.2528,5.6971,6.0637,6.3046,6.3322,6.2476,5.9898,5.5945,5.2247,4.6387,3.9722,3.4511,2.7606,2.1458,1.7491,1.3477,1.0805,0.94512,0.84767,0.69791,0.37594,-0.016565,-0.80177,-2.1617,-3.4122,-5.9961,-9.5704,-14.236,-14.022,-9.618,-5.967,-3.9701,-1.8662,-0.23023,1.1115,1.9635,2.9588,3.7917,4.3084,4.8842,5.2438,5.4207,5.3678,5.0764,4.4173,3.6536,2.2199,0.19452,-1.6901,-4.4949,-5.8422,-4.9312,-2.7534,-0.90901,0.43698,1.1069,1.734,2.1091,2.3306,2.5442,2.8333,3.2067,3.5277,4.1104,4.7512,5.2425,5.8722,6.3985,6.7157,6.9652,7.0159,6.8285,6.5328,5.9281,5.0987,4.351,3.2116,2.0082,1.1486,0.17715,-0.47071,-0.77103,-0.7673,-0.53129,-0.090971,0.3718,1.0937,1.9476,2.8777,3.5979,4.5173,5.3443,5.863,6.3856,6.7045,6.7942,6.7308,6.4828,6.1138,5.8111,5.4557,5.2671,5.2831,5.5226,5.9544,6.386,7.0141,7.6545,8.2312,8.588,8.9346,9.1062,9.1047,8.9273,8.5503,7.9998,7.4901,6.7189,5.8991,5.3189,4.6433,4.1828,4.0201,4.0587,4.3273,4.7219,5.0175,5.3482,5.5262,5.5386,5.3439,4.8959,4.3611,3.3627,2.0063,0.24316,-1.281,-3.1057,-3.5139,-2.6353,-0.86229,0.77013,2.0023
3.8797,3.2002,1.9168,0.050365,-1.8807,-5.6068,-11.404,-13.484,-8.0198,-3.942,-1.4647,-0.26468,0.72837,1.1713,1.1942,0.82661,0.012815,-0.93033,-2.6135,-4.8831,-7.2083,-7.8459,-6.212,-3.5584,-1.752,0.20104,1.6772,2.4942,3.2936,3.7359,3.8875,3.8076,3.4503,2.8406,2.2292,1.2485,0.17056,-0.85208,-1.5176,-2.151,-2.556,-2.7262,-2.7845,-2.6595,-2.3895,-1.828,-1.1837,-0.59379,-0.31652,-0.26531,-0.57105,-0.97927,-1.4426,-1.2433,-0.45114,1.0993,2.6879,3.9987,4.7806,5.507,5.9436,6.1178,6.1691,6.0622,5.7897,5.5043,5.0086,4.3683,3.8058,2.9894,2.1649,1.6887,1.3191,1.3962,1.7366,2.0902,2.4571,2.5997,2.4663,2.0227,1.1263,0.10026,-1.6574,-3.9095,-5.6406,-5.7168,-4.1529,-2.1723,-0.91082,0.44659,1.4206,2.1504,2.5839,3.0991,3.6136,4.0347,4.5823,5.0883,5.3803,5.5929,5.5423,5.0615,4.4663,3.1054,1.1111,-1.0556,-4.6568,-6.5294,-4.7521,-1.5138,0.8074,2.2893,3.0457,3.6096,3.8773,3.9046,3.8946,3.8945,4.1024,4.3666,5.0543,5.8615,6.5735,7.4517,8.2608,8.7544,9.2565,9.5437,9.6096,9.5189,9.2133,8.7074,8.2104,7.4219,6.537,5.8295,4.8996,4.0696,3.435,3.1536,3.1207,3.4774,3.9598,4.774,5.6807,6.5605,7.1598,7.8399,8.3246,8.5299,8.5806,8.3182,7.9052,7.0299,5.7436,4.0624,2.5788,0.60301,-0.67972,-0.78915,0.0064206,1.3197,2.4111,3.9481,5.4564,6.8274,7.6985,8.6015,9.1902,9.4112,9.4121,9.1123,8.5524,7.9971,7.1695,6.3648,5.879,5.5117,5.4809,5.6478,6.0123,6.4246,6.8038,7.0308,7.2113,7.2345,7.1278,6.8147,6.2463,5.6168,4.4397,2.7303,0.2133,-2.4854,-7.7224,-9.5082,-5.3937,-1.1813,1.4165,3.0724
3.0734,2.5143,1.4407,-0.048744,-1.4235,-3.5172,-5.3467,-5.8023,-4.8482,-3.212,-1.7266,-0.88899,-0.13418,0.24709,0.29361,0.081153,-0.3877,-0.84522,-1.5326,-2.169,-2.5796,-2.6274,-2.2687,-1.532,-0.79476,0.27099,1.2947,1.9816,2.7516,3.3465,3.7404,3.9109,4.0043,3.9696,3.8728,3.6879,3.4642,3.2458,3.0964,2.9411,2.845,2.8013,2.7732,2.768,2.75,2.6656,2.4638,2.0067,1.4286,0.1932,-1.9138,-4.4421,-10.813,-23.442,-9.8633,-3.6734,-0.48163,1.4589,2.2861,3.018,3.2269,3.2596,3.121,2.9583,2.8166,2.6672,2.3547,1.7646,1.022,-0.5174,-2.9329,-5.2934,-7.4667,-5.1504,-1.7884,0.15961,1.9876,3.1501,3.6717,3.8994,3.8705,3.5583,3.0673,2.5007,1.991,1.7783,1.6013,1.5433,1.4763,1.2599,0.85367,0.19315,-0.38627,-1.1002,-1.2546,-0.79654,0.39249,1.8479,2.7669,3.8404,4.48,4.8252,4.8476,4.6207,4.1794,3.7601,3.3081,3.0945,3.1665,3.4673,3.8281,4.0347,4.0235,3.7323,3.0846,2.325,1.0123,-0.57466,-1.7262,-1.4081,0.15602,2.4643,4.0109,5.8385,7.2749,8.1285,9.0006,9.5825,9.9102,9.9884,9.8813,9.5392,9.1279,8.3796,7.3722,6.4436,4.9506,3.1383,1.1246,-0.23042,-0.86503,0.36374,1.8713,3.9011,5.6018,6.9514,7.7371,8.4921,8.9183,9.0248,8.8592,8.3044,7.6019,6.2029,4.1531,1.1787,-1.9743,-8.5926,-21.642,-14.624,-9.8742,-8.1553,-6.6572,-3.2481,0.35498,3.2908,4.9843,6.6213,7.6279,8.0174,8.0817,7.6336,6.6496,5.5466,3.5689,1.1462,-0.53438,-1.0589,0.52468,2.0089,3.6607,4.8423,5.5903,5.9331,6.1423,6.1508,6.0546,5.8411,5.5436,5.2638,4.779,4.1434,3.3813,2.8133,2.2272,2.0939,2.3214,2.8921,3.5351,4.031
2.9275,2.6678,2.062,1.2755,0.63358,-0.15463,-0.72751,-0.91264,-0.93302,-0.72134,-0.43262,-0.23902,-0.10574,-0.15864,-0.32004,-0.67509,-1.185,-1.6372,-2.34,-2.9833,-3.4913,-3.6842,-3.536,-2.9042,-2.1904,-1.078,0.049584,0.85428,1.7429,2.4657,3.0015,3.3186,3.6703,3.9681,4.1921,4.5018,4.8254,5.1398,5.3808,5.6663,5.9248,6.0832,6.2247,6.2829,6.2534,6.1009,5.7903,5.2659,4.7135,3.7429,2.5272,1.5309,0.35893,-0.16039,0.0053026,0.70641,1.4095,1.8741,1.8988,1.5131,0.64798,-0.36815,-1.843,-2.7712,-2.2643,-1.3084,-0.11651,0.53837,0.56625,-0.12571,-1.571,-3.1017,-4.2071,-2.3233,0.55021,2.3986,4.2715,5.5235,6.1772,6.6527,6.7684,6.7556,6.476,6.104,5.6187,5.1931,4.5753,3.8406,3.1919,2.0742,0.56155,-1.6255,-4.0239,-9.4161,-27.688,-12.769,-4.983,-1.15,0.92912,2.7943,4.1753,5.1711,5.665,6.1818,6.4562,6.6078,6.702,6.713,6.7045,6.5957,6.374,5.985,5.5004,4.616,3.2993,1.9766,-0.49481,-4.31,-10.315,-10.757,-4.0152,0.30553,2.6634,5.0288,6.7804,7.8177,8.8679,9.6198,10.093,10.281,10.32,10.121,9.8113,9.1598,8.2033,7.2511,5.5431,3.1429,-0.41777,-4.3838,-8.1278,-2.5368,0.96583,4.1621,6.3608,7.9082,8.7546,9.5271,9.9562,10.068,9.9266,9.4665,8.8867,7.7913,6.3021,4.4074,2.7602,0.42803,-1.7638,-3.2822,-5.5561,-8.5188,-8.901,-4.1905,0.36006,3.6199,5.3871,7.0522,8.0508,8.4187,8.4422,7.9158,6.8035,5.5216,3.0344,-0.60042,-4.0123,-5.0173,-1.219,1.1407,3.232,4.4188,4.9366,4.9664,4.6592,4.0975,3.6788,3.3495,3.4948,3.8582,4.4625,5.0173,5.4201,5.6062,5.7454,5.7889,5.7596,5.6197,5.34,4.8907
4.429,4.0092,3.151,2.1017,1.2958,0.44281,-0.0050326,-0.02584,0.1432,0.39305,0.5334,0.49802,0.28472,-0.16444,-0.60689,-1.2899,-2.073,-2.8087,-3.9601,-5.4599,-7.5265,-9.2802,-10.485,-8.2631,-5.8465,-3.0508,-0.96631,0.2037,1.2878,1.9221,2.2541,2.4024,2.5467,2.8605,3.2915,4.1172,5.1126,6.1253,6.8517,7.6946,8.3913,8.8128,9.25,9.5389,9.657,9.6878,9.5616,9.2902,8.9927,8.4873,7.8974,7.4337,6.8406,6.336,6.0155,5.6408,5.2171,4.6611,4.1189,2.9298,1.1931,-0.91103,-5.3938,-12.19,-6.4057,-2.1233,1.4518,3.5843,4.6281,5.5134,6.0747,6.3795,6.8781,7.5495,8.3478,8.9714,9.7053,10.24,10.5,10.637,10.489,10.337,9.8798,9.2994,8.6072,7.9988,7.1477,6.1998,5.435,4.332,3.0645,1.6508,0.52464,-0.8308,-1.4613,-1.1219,0.076747,1.6335,2.8361,4.1873,5.4669,6.5186,7.206,8.0281,8.6572,9.0578,9.4158,9.6207,9.6661,9.5408,9.2116,8.6683,8.0968,7.1475,5.9838,5.0294,3.7289,2.6252,1.9741,2.1592,2.9393,4.2541,5.4111,6.8407,8.1375,8.9592,9.8558,10.538,11.002,11.232,11.392,11.386,11.275,10.97,10.504,10.035,9.2544,8.3655,7.5093,7.0443,6.896,7.3743,8.0233,9.06,10.066,10.911,11.408,11.904,12.204,12.3,12.264,12.048,11.765,11.245,10.563,9.753,9.0918,8.1807,7.3087,6.749,6.2214,6.0601,6.3094,7.088,8.1783,9.325,10.093,10.892,11.387,11.549,11.476,11.085,10.428,9.7831,8.7942,7.8339,7.2714,6.9094,6.9822,7.182,7.4178,7.3876,6.939,6.1988,4.5374,1.6999,-1.5991,-6.6505,-2.667,1.0635,4.3498,6.4379,7.7494,8.3776,8.8522,8.9641,8.8354,8.3821,7.5482,6.3011
6.9645,5.9349,3.9583,1.0863,-1.7628,-5.7958,-5.5293,-3.3077,-0.88825,0.45644,0.95406,0.86293,0.19847,-0.95335,-2.0608,-3.5502,-4.6091,-4.9622,-5.2134,-5.9058,-7.4316,-9.1922,-10.455,-7.6043,-4.8482,-1.9124,0.11989,1.1079,1.7923,1.7667,1.0156,-0.072264,-2.1821,-3.7489,-2.7784,0.42295,3.4514,5.8182,7.2166,8.6942,9.8085,10.482,11.181,11.69,11.963,12.191,12.262,12.202,12.063,11.77,11.352,10.964,10.373,9.7033,9.1836,8.4745,7.8001,7.1329,6.7237,6.1726,5.6058,5.2927,4.9691,5.1143,5.9453,6.8851,8.3019,9.6573,10.545,11.54,12.319,12.827,13.383,13.827,14.193,14.392,14.537,14.545,14.409,14.106,13.601,13.06,12.239,11.205,10.076,9.1933,8.0183,6.9555,6.2426,5.455,4.8168,4.2687,3.9291,3.5703,3.3707,3.321,3.4253,3.8087,4.0692,4.7969,5.6618,6.7223,7.6258,8.7565,9.8349,10.49,11.196,11.674,11.834,11.827,11.525,10.907,10.284,9.1688,7.8106,6.7077,5.2039,4.0958,3.6108,3.9271,4.7273,5.9924,6.9107,8.0771,9.0662,9.6602,10.294,10.736,11.052,11.25,11.46,11.645,11.773,11.915,11.999,12.021,12.012,11.958,11.919,11.931,12.018,12.21,12.407,12.715,13.01,13.262,13.403,13.551,13.631,13.667,13.706,13.733,13.748,13.745,13.713,13.645,13.572,13.458,13.345,13.292,13.29,13.393,13.539,13.813,14.15,14.491,14.703,14.889,14.931,14.856,14.605,14.208,13.703,13.299,12.757,12.293,12.039,11.822,11.722,11.674,11.566,11.304,10.778,10.151,8.924,7.2668,5.9405,4.8961,5.688,7.0553,8.8902,10.331,11.326,11.817,12.152,12.147,11.936,11.377,10.456,9.101
7.395,6.3052,4.3682,1.8113,-0.45673,-3.1417,-3.406,-2.2527,-0.75409,0.074924,0.11467,-0.35445,-1.7815,-4.3129,-7.3679,-14.863,-24.552,-13.269,-8.2512,-5.8796,-4.5581,-3.9091,-3.0621,-2.0904,-1.3395,-0.36181,0.41892,0.75996,0.87916,0.49183,-0.57254,-1.9493,-4.4626,-6.6036,-5.6122,-2.1402,0.98302,3.307,4.6122,5.9874,7.037,7.676,8.3814,8.9685,9.3399,9.7355,10.017,10.145,10.135,9.9603,9.5869,9.1682,8.4076,7.4025,6.4927,5.1432,3.844,3.0109,2.8179,3.4331,4.4291,5.2863,6.4426,7.5567,8.6561,9.4912,10.557,11.557,12.234,13.022,13.665,14.057,14.443,14.685,14.777,14.735,14.536,14.155,13.749,13.005,12.085,11.182,9.772,8.0984,6.0867,4.4152,2.1227,0.24079,-0.45478,-0.44803,0.1081,0.62968,0.86112,0.93124,0.72473,0.36808,-0.29449,-1.2959,-2.035,-2.5832,-1.8424,0.33143,2.1464,4.4733,6.4236,7.5906,8.8276,9.6407,10.004,10.165,9.9484,9.3336,8.6006,7.1985,5.2062,3.2057,-0.57909,-6.5464,-10.154,-5.5937,-0.64124,2.1285,3.5923,4.9022,5.6591,5.9786,6.0736,5.915,5.675,5.5318,5.5809,5.9927,6.492,7.2846,8.0451,8.5546,9.1273,9.5725,9.9054,10.094,10.286,10.415,10.475,10.468,10.37,10.174,9.9808,9.6478,9.3303,9.1759,9.1782,9.4774,9.8767,10.531,11.221,11.853,12.265,12.73,13.108,13.334,13.582,13.795,13.923,14.067,14.172,14.206,14.169,14.024,13.742,13.427,12.881,12.196,11.402,10.792,10.081,9.6159,9.5018,9.6562,10.049,10.41,10.857,11.184,11.325,11.317,11.17,10.937,10.778,10.684,10.767,10.935,11.232,11.507,11.694,11.739,11.67,11.466,11.223,10.771,10.194,9.4568
6.0373,5.3803,4.3805,3.297,2.5184,1.6332,1.0215,0.71556,0.42127,0.062125,-0.50022,-1.1183,-2.2292,-3.6732,-4.8587,-6.2891,-6.9269,-6.6785,-5.8532,-4.9102,-4.1123,-3.5956,-3.0542,-2.615,-2.3149,-1.9444,-1.6589,-1.5132,-1.4224,-1.471,-1.6591,-1.8313,-2.0729,-2.1083,-1.9217,-1.4313,-0.81668,-0.23632,0.088647,0.41855,0.69605,0.92486,1.3673,1.9821,2.515,3.2382,3.8843,4.3599,4.5822,4.6569,4.4592,4.1047,3.2996,2.0325,0.65428,-2.0188,-6.4934,-16.49,-15.416,-5.8551,-1.2937,0.93471,3.2191,4.9902,6.4327,7.3633,8.4476,9.3712,9.9649,10.627,11.142,11.406,11.624,11.676,11.541,11.325,10.875,10.219,9.607,8.5954,7.3012,6.2459,4.4669,2.2912,-0.43321,-3.1377,-8.2479,-18.598,-21.477,-11.224,-7.4976,-5.6462,-4.9572,-4.6639,-4.9613,-5.5198,-6.8056,-9.1643,-11.567,-18.068,-17.145,-9.1447,-5.1963,-1.5845,1.068,2.6618,4.22,5.3035,5.847,6.1903,6.1421,5.7237,5.117,3.9787,2.438,0.95578,-1.2392,-3.3476,-4.2406,-3.6652,-2.4582,-1.1569,-0.40049,0.13194,0.20614,-0.091042,-1.0153,-2.6137,-5.0839,-7.4691,-9.2848,-6.8759,-4.3723,-1.7304,0.18942,1.2549,2.3028,3.0534,3.567,3.8299,4.0595,4.1512,4.1309,3.969,3.6248,3.0178,2.3417,1.0543,-0.66338,-2.0806,-3.1269,-1.8437,0.013712,2.4521,4.44,5.9703,6.871,7.7966,8.4781,8.8582,9.2295,9.4733,9.602,9.7034,9.7195,9.6436,9.5189,9.2312,8.7693,8.279,7.3941,6.1765,4.5576,3.0131,0.63278,-1.3199,-1.3095,0.71888,3.1517,4.7148,6.3626,7.5769,8.4406,8.8915,9.2945,9.5148,9.5803,9.5752,9.4694,9.3246,9.0474,8.6716,8.1984,7.794,7.2483,6.7658,6.4844,6.2346,6.103,6.0385
4.9427,4.5958,4.0731,3.5052,3.0671,2.4906,1.9457,1.5515,1.0375,0.50806,-0.048308,-0.50337,-1.1243,-1.7533,-2.2006,-2.7129,-3.0598,-3.2061,-3.295,-3.3407,-3.4125,-3.5022,-3.7007,-3.9585,-4.1267,-4.2831,-4.2642,-4.0877,-3.7417,-3.3317,-2.9266,-2.6628,-2.4255,-2.3038,-2.3031,-2.439,-2.8168,-3.5191,-4.2611,-5.6469,-7.3297,-8.3921,-8.5135,-6.9962,-5.4855,-3.6241,-2.1662,-1.0536,-0.44215,0.10685,0.35829,0.34583,0.05481,-0.56933,-1.2506,-2.4471,-3.7461,-4.5106,-4.384,-3.0533,-1.2123,0.10383,1.7479,3.1749,4.4168,5.2433,6.2205,7.0584,7.5937,8.1727,8.5852,8.7798,8.8753,8.7644,8.4502,8.0813,7.4056,6.5318,5.745,4.5688,3.243,2.1146,0.58469,-1.1286,-2.9903,-4.3985,-6.2993,-7.7711,-8.3262,-8.3444,-7.9711,-7.6406,-7.5776,-7.8087,-8.3845,-8.9724,-9.9519,-10.773,-11.013,-10.89,-9.5883,-7.4748,-5.6913,-3.3,-1.1523,0.20964,1.6927,2.7975,3.3646,3.8097,3.9035,3.6691,3.3013,2.5858,1.6706,0.90424,-0.10864,-1.0236,-1.6188,-1.9796,-2.1191,-2.1398,-2.2606,-2.4539,-2.9025,-3.5021,-4.6859,-6.4867,-9.0234,-11.223,-12.884,-11.133,-9.1533,-6.9224,-5.302,-4.4356,-3.6221,-3.1003,-2.788,-2.6346,-2.516,-2.4348,-2.3999,-2.3754,-2.5015,-2.92,-3.5483,-4.9177,-7.2618,-9.9411,-13.242,-9.8611,-6.2746,-2.7116,-0.2409,1.5145,2.4795,3.4089,4.0026,4.2906,4.5194,4.6183,4.6535,4.6732,4.681,4.677,4.6375,4.4853,4.1671,3.7807,2.9886,1.8174,0.12074,-1.6341,-4.8881,-8.673,-8.4915,-4.2499,-0.54881,1.5254,3.6405,5.1969,6.3442,6.9764,7.5666,7.9007,7.9971,7.9233,7.6285,7.2531,6.5204,5.5021,4.1699,2.9863,1.2653,-0.2465,-0.80597,-0.4906,0.52938,1.651
4.0872,3.9475,3.6979,3.3868,3.1048,2.6818,2.2099,1.8376,1.3315,0.84534,0.40111,0.10743,-0.23407,-0.50816,-0.67907,-0.86413,-1.0446,-1.2093,-1.4834,-1.883,-2.4674,-3.0905,-4.1789,-5.611,-6.9067,-8.5967,-9.2668,-8.6401,-6.9314,-5.1836,-3.8072,-3.0658,-2.3803,-2.0663,-2.0692,-2.4016,-3.1424,-4.3853,-5.7425,-8.3303,-12.41,-17.018,-19.345,-13.427,-10.425,-7.7795,-5.9855,-4.6606,-3.8431,-2.9113,-2.1473,-1.6904,-1.2445,-0.99508,-0.91302,-0.89237,-0.90758,-0.82291,-0.64302,-0.28536,0.25044,0.73299,1.4284,2.1958,3.0169,3.6574,4.5164,5.3268,5.8736,6.475,6.8922,7.0815,7.12,6.9066,6.4375,5.9036,4.9518,3.7558,2.7171,1.1472,-0.39497,-1.5464,-2.8815,-3.8672,-4.6573,-5.1441,-5.6585,-6.0988,-6.3825,-6.6752,-6.962,-7.3884,-7.8423,-8.7252,-10.033,-11.361,-13.568,-15.434,-15.895,-13.511,-10.26,-7.311,-5.307,-2.959,-1.0197,0.20667,1.553,2.5391,3.0518,3.4526,3.533,3.3025,2.9745,2.3125,1.4456,0.73434,-0.28147,-1.2693,-2.1163,-2.6465,-3.039,-3.3151,-3.4389,-3.5851,-3.853,-4.1575,-4.7265,-5.4897,-6.3526,-6.9708,-7.5929,-7.9127,-8.0071,-7.9882,-7.9493,-7.936,-8.0023,-8.2116,-8.5698,-8.9283,-9.3958,-9.5078,-9.1779,-8.2928,-7.2526,-6.3614,-5.8817,-5.5228,-5.3719,-5.2368,-4.8531,-4.0468,-3.2281,-2.0117,-0.89785,-0.016197,0.44773,0.79653,0.83801,0.68058,0.26403,-0.25701,-0.62932,-0.89091,-0.75081,-0.30873,0.080266,0.52887,0.78109,0.81476,0.65439,0.28418,-0.22325,-0.60834,-1.0067,-1.025,-0.6743,0.28675,1.5926,2.6328,3.958,5.1159,6.0563,6.619,7.1596,7.4627,7.5344,7.4076,7.0108,6.5194,5.5591,4.1611,2.182,0.14072,-3.8597,-11.392,-24.766,-9.149,-3.8232,-0.99972
2.946,3.0673,3.1311,3.041,2.8682,2.4936,1.9658,1.5001,0.83014,0.19319,-0.30355,-0.50637,-0.54701,-0.35806,-0.12806,0.19576,0.44308,0.53505,0.47855,0.17187,-0.45599,-1.1923,-2.642,-4.8679,-7.3129,-12.497,-17.904,-12.989,-7.6065,-4.4424,-2.4366,-1.4345,-0.5762,-0.17868,-0.13679,-0.40524,-1.0082,-1.9412,-2.8628,-4.3088,-5.7846,-6.769,-7.6553,-8.0316,-8.105,-8.1267,-8.009,-7.6,-6.9555,-5.6613,-4.1675,-3.0831,-1.8287,-0.83628,-0.28099,0.26018,0.59154,0.71759,0.74995,0.62933,0.38751,0.21201,-0.0016138,0.056044,0.57131,1.25,2.4062,3.6171,4.4456,5.3625,6.0104,6.2925,6.3966,6.182,5.6116,4.936,3.6813,1.9812,0.35722,-2.2582,-5.5278,-7.8175,-9.6894,-9.1783,-7.8332,-7.0668,-6.3394,-5.9297,-5.7756,-5.744,-5.8815,-6.2102,-6.621,-7.4653,-8.7229,-10.12,-12.729,-15.985,-16.722,-12.748,-8.4685,-5.0942,-3.0836,-0.88337,0.89955,1.9847,3.119,3.9286,4.3295,4.5749,4.5098,4.1406,3.6509,2.7274,1.4986,0.37834,-1.3653,-3.2415,-5.0857,-5.9632,-6.4256,-6.0017,-5.3361,-4.621,-4.116,-3.9055,-3.9033,-4.1577,-4.6607,-5.178,-6.0735,-7.2003,-8.1464,-9.5684,-10.958,-11.746,-12.315,-12.636,-13.368,-14.632,-18.055,-25.689,-22.996,-14.97,-10.555,-7.7729,-6.2552,-4.8128,-3.7588,-3.1296,-2.4196,-1.7715,-1.3153,-0.77786,-0.34652,-0.098611,-0.065148,-0.30103,-0.91344,-1.7132,-3.3633,-5.8991,-8.5007,-11.476,-9.5377,-6.0935,-4.1651,-2.4306,-1.4184,-1.0167,-0.78852,-0.78903,-0.81306,-0.74019,-0.40969,0.22271,0.88432,1.9242,3.0542,3.9026,4.9641,5.9071,6.6911,7.1676,7.6431,7.9339,8.0242,7.972,7.6957,7.331,6.6228,5.6388,4.3656,3.2458,1.6526,0.26525,-0.31292,-0.27255,0.35223,1.1084
0.12189,0.84683,1.4682,1.6842,1.601,1.1592,0.34868,-0.50779,-1.9891,-3.7606,-5.3743,-5.8622,-5.0041,-3.2405,-1.8975,-0.39372,0.7428,1.3665,1.8892,2.0818,1.9551,1.6691,1.0296,0.16709,-0.5362,-1.3418,-1.6527,-1.4522,-0.7396,0.14847,0.96014,1.4466,1.8566,2.0123,1.9659,1.6982,1.195,0.48156,-0.15988,-1.1562,-2.2795,-3.1847,-4.5119,-6.0499,-7.4593,-9.9784,-13.964,-19.667,-17.517,-11.161,-7.0379,-4.8313,-2.6427,-1.054,-0.17855,0.61668,1.0402,1.0905,0.84433,0.17787,-1.0434,-2.4711,-5.1753,-8.643,-8.6347,-5.5552,-1.7955,0.94688,2.4619,3.9468,4.9366,5.389,5.6608,5.552,5.0562,4.4191,3.1779,1.3986,-0.37252,-3.4187,-7.5012,-11.603,-14.97,-12.021,-9.3341,-8.1022,-7.1878,-6.6705,-6.4168,-6.1823,-5.9921,-5.8099,-5.7226,-5.6915,-5.7528,-5.8339,-5.8728,-5.6298,-5.2221,-4.0803,-2.5662,-0.93739,0.2344,1.7225,3.0081,3.8022,4.6563,5.2416,5.4955,5.5847,5.3718,4.8452,4.2074,3.0334,1.4257,-0.13477,-2.8589,-6.6183,-12.895,-22.846,-18.018,-10.734,-8.1508,-5.9248,-4.5394,-3.8954,-3.4241,-3.3542,-3.6697,-4.181,-5.3078,-7.0392,-8.8897,-12.579,-18.892,-27.602,-20.896,-15.779,-13.776,-13.287,-13.308,-13.187,-12.356,-10.399,-8.2246,-6.3245,-5.1939,-3.9866,-3.069,-2.5491,-1.9826,-1.552,-1.2896,-1.0283,-0.85136,-0.78384,-0.83073,-1.0881,-1.6673,-2.365,-3.7733,-5.841,-7.717,-9.4831,-8.3591,-5.9596,-4.4299,-3.0725,-2.4435,-2.3904,-2.8622,-3.8163,-4.9347,-5.3955,-4.7072,-2.8243,-1.2141,0.76809,2.4375,3.4887,4.6468,5.5632,6.2794,6.6963,7.1328,7.4464,7.6091,7.7296,7.732,7.6399,7.3818,6.9745,6.4288,5.9506,5.2635,4.5843,4.1146,3.5546,3.0437,2.5288
-3.4866,-2.2684,-1.3275,-0.96912,-1.0335,-1.5216,-2.4798,-3.581,-5.6894,-9.0007,-14.714,-19.579,-12.584,-7.2088,-4.599,-2.1066,-0.32603,0.66375,1.6345,2.2717,2.6308,2.7428,2.7316,2.5968,2.4436,2.2548,2.1268,2.0851,2.1044,2.1779,2.2401,2.2562,2.2058,2.0573,1.8649,1.4969,0.98753,0.34661,-0.22394,-1.0945,-2.1212,-2.9911,-4.2829,-5.7668,-7.029,-8.9039,-10.828,-11.893,-11.452,-9.4674,-7.076,-5.4352,-3.5771,-2.1254,-1.2667,-0.44506,0.011006,0.11767,-0.083602,-0.72543,-1.8618,-3.0932,-5.2533,-7.4049,-7.3704,-5.6517,-2.9766,-0.7755,0.51525,1.8171,2.7311,3.2055,3.5627,3.6102,3.3639,2.9773,2.179,1.0347,0.0059617,-1.6338,-3.4463,-4.6209,-5.9978,-7.0507,-7.9013,-8.4781,-9.3867,-10.271,-10.7,-10.616,-9.8365,-8.744,-7.8982,-6.8564,-5.9699,-5.3377,-4.5366,-3.7326,-3.0069,-2.0185,-0.9858,0.10256,0.93801,1.968,2.8883,3.4994,4.1501,4.5914,4.7731,4.8035,4.56,4.0151,3.4085,2.3097,0.86049,-0.48,-2.5438,-4.8835,-7.1846,-8.3393,-8.988,-8.4917,-7.7564,-6.6085,-5.5724,-4.9054,-4.2119,-3.8354,-3.8054,-4.0451,-4.6937,-5.7773,-6.8942,-8.6669,-10.496,-11.385,-11.414,-10.533,-9.5771,-8.9704,-8.3491,-7.811,-7.4119,-6.8546,-6.2569,-5.6844,-5.3409,-4.9596,-4.7241,-4.6154,-4.5564,-4.5867,-4.6389,-4.6559,-4.5669,-4.3192,-4.0688,-3.7098,-3.4551,-3.359,-3.3866,-3.5269,-3.6196,-3.6271,-3.4315,-3.1185,-2.8956,-2.7739,-3.0245,-3.551,-4.9027,-7.3364,-11.887,-18.316,-14.674,-7.6998,-4.5923,-1.7584,0.15514,1.1898,2.1639,2.7816,3.1524,3.3358,3.5456,3.7993,4.0509,4.4484,4.87,5.1534,5.4249,5.5354,5.4742,5.309,4.9412,4.4143,3.9037,3.0573,1.9953,0.64391
-3.4703,-3.0994,-2.8547,-2.9043,-3.1164,-3.6054,-4.2778,-4.9037,-5.7707,-6.5966,-7.0884,-7.0209,-6.1917,-4.7905,-3.6056,-2.05,-0.65756,0.22941,1.217,1.9827,2.5338,2.8127,3.0353,3.0992,3.0627,2.9328,2.7235,2.5343,2.2425,1.9249,1.5848,1.3167,0.96359,0.60217,0.31007,-0.11951,-0.60978,-1.1819,-1.6962,-2.4736,-3.3709,-4.1138,-5.1634,-6.2517,-7.0384,-7.9453,-8.5492,-8.6596,-8.3848,-7.5973,-6.4633,-5.5056,-4.2144,-3.0392,-2.2843,-1.4727,-0.90445,-0.59603,-0.54596,-0.70125,-1.0442,-1.3682,-1.848,-2.1901,-2.2262,-2.0426,-1.6101,-1.0759,-0.65897,-0.13735,0.34757,0.68573,1.0631,1.3331,1.4509,1.4085,1.1507,0.65969,0.14229,-0.74703,-1.8709,-2.799,-4.1503,-5.7558,-7.7346,-9.5461,-12.748,-17.8,-24.487,-23.977,-16.805,-13.021,-11.147,-9.2774,-7.832,-6.8886,-5.7975,-4.7888,-3.9672,-2.9998,-2.034,-1.0445,-0.28805,0.62717,1.4754,2.0682,2.7079,3.1804,3.4113,3.5213,3.3843,2.9822,2.5174,1.6503,0.50921,-0.53889,-2.1148,-3.8895,-5.7723,-7.0419,-8.6647,-9.6834,-9.7288,-8.9263,-7.5811,-6.5117,-5.2546,-4.3154,-3.7164,-3.4902,-3.4198,-3.61,-3.8698,-4.296,-4.7335,-4.9785,-5.1794,-5.241,-5.2227,-5.2143,-5.2651,-5.3835,-5.537,-5.8259,-6.1878,-6.617,-6.9419,-7.3743,-7.819,-8.1501,-8.755,-9.6194,-10.467,-11.642,-12.208,-11.247,-9.8322,-7.8243,-6.1189,-5.1227,-4.1142,-3.3981,-3.0057,-2.6274,-2.3664,-2.2034,-2.1609,-2.2249,-2.4711,-2.7976,-3.3872,-4.1168,-4.7322,-4.9377,-4.5605,-3.5796,-2.6899,-1.6044,-0.79462,-0.43571,-0.30474,-0.60153,-1.2999,-2.0125,-2.9377,-3.2117,-2.6926,-1.3169,0.21641,1.2304,2.2984,3.0171,3.4126,3.5064,3.3897,3.0017,2.5304,1.6493,0.45244,-1.1494
-2.2679,-2.6142,-3.2185,-3.9762,-4.6066,-5.4138,-6.0886,-6.3962,-6.5288,-6.3716,-5.947,-5.4558,-4.5993,-3.572,-2.7141,-1.5319,-0.37805,0.43437,1.4074,2.2006,2.8102,3.1423,3.4063,3.4706,3.3964,3.127,2.6857,2.2561,1.5652,0.78283,-0.011609,-0.57063,-1.2033,-1.6852,-1.9509,-2.2458,-2.5302,-2.9277,-3.3079,-3.9666,-4.7796,-5.4932,-6.611,-7.8321,-8.7825,-9.9727,-10.797,-10.93,-10.435,-9.1717,-7.5807,-6.3637,-4.8342,-3.4735,-2.6126,-1.6805,-0.97179,-0.49212,-0.23057,-0.087155,-0.096181,-0.17053,-0.35283,-0.60694,-0.93187,-1.2041,-1.6245,-2.0936,-2.4498,-2.7945,-2.7976,-2.485,-1.7421,-0.82954,0.0010513,0.47746,0.85991,0.96375,0.83652,0.43026,-0.22614,-0.97608,-2.1511,-3.5949,-5.3554,-6.9415,-9.3376,-11.804,-13.286,-14.015,-13.383,-12.291,-11.472,-10.379,-9.3222,-8.5827,-7.5786,-6.5692,-5.9142,-5.0469,-4.0922,-3.092,-2.3127,-1.2373,-0.16187,0.58825,1.4726,2.1814,2.5759,2.8984,2.9841,2.8226,2.532,1.9175,1.03,0.17751,-1.2386,-3.0536,-5.3633,-7.5405,-11.959,-20.805,-26.783,-14.36,-9.3597,-7.0233,-4.871,-3.3857,-2.355,-1.8014,-1.3263,-1.0551,-0.95802,-0.9307,-0.97186,-1.051,-1.1935,-1.4029,-1.6947,-1.9928,-2.5204,-3.2489,-3.9631,-5.1376,-6.6183,-8.3971,-9.7199,-11.192,-11.844,-11.939,-12.1,-12.814,-14.126,-17.747,-24.814,-18.782,-13.7,-9.4729,-6.7086,-5.2485,-3.8447,-2.8953,-2.4077,-1.9718,-1.7145,-1.5587,-1.494,-1.4424,-1.4084,-1.3857,-1.3496,-1.2946,-1.1838,-1.0371,-0.78276,-0.4809,-0.26322,-0.068865,-0.069987,-0.26948,-0.88035,-2.0034,-3.9342,-6.2306,-11.72,-31.509,-13.932,-6.6067,-2.8677,-1.0434,0.64641,1.7292,2.3559,2.59,2.6245,2.3693,2.0156,1.323,0.38862,-0.7655
-0.93871,-1.7963,-3.2808,-5.2048,-6.9309,-9.4204,-11.267,-11.391,-10.3,-8.7984,-7.4359,-6.5162,-5.3564,-4.1328,-3.1466,-1.7665,-0.39831,0.57947,1.7482,2.7135,3.4479,3.8377,4.125,4.1494,3.9845,3.5102,2.7354,1.9393,0.58607,-1.1011,-3.0298,-4.4418,-5.8331,-6.1526,-5.8217,-5.1821,-4.7401,-4.6269,-4.7524,-5.2212,-5.9991,-6.7763,-8.0786,-9.7549,-11.391,-14.401,-19.259,-23.835,-18.879,-13.065,-9.257,-7.1461,-4.9807,-3.3299,-2.3449,-1.3096,-0.55214,-0.0024774,0.29257,0.56819,0.68671,0.66285,0.53451,0.2419,-0.27978,-0.86711,-1.9856,-3.6672,-5.4862,-8.8991,-12.121,-10.506,-6.1295,-2.8447,-0.61132,0.58317,1.6711,2.2746,2.4712,2.4249,2.0811,1.6753,0.8357,-0.25104,-1.5432,-2.6229,-4.185,-5.8073,-7.0108,-8.5555,-10.033,-11.422,-12.207,-12.607,-12.027,-11.143,-9.9177,-9.008,-8.5989,-8.0847,-7.6322,-6.8153,-5.8022,-4.0167,-2.1959,-0.96041,0.50111,1.6442,2.2897,2.9082,3.2593,3.3615,3.2715,2.9555,2.4113,1.8761,0.94105,-0.26561,-1.6941,-2.9585,-4.6888,-6.0089,-6.2362,-5.4599,-4.0359,-2.9547,-1.6775,-0.64244,0.15019,0.62695,1.1211,1.5008,1.721,1.9399,2.0814,2.1243,2.0918,1.932,1.6052,1.2319,0.53151,-0.47574,-1.478,-3.2557,-5.7274,-9.3392,-13.549,-26.212,-20.78,-15.049,-11.563,-9.9507,-9.3539,-8.9428,-8.3942,-7.3381,-6.2826,-4.7581,-3.3976,-2.582,-1.7689,-1.2954,-1.1323,-1.1282,-1.2958,-1.5307,-1.6502,-1.6388,-1.3686,-1.0132,-0.44727,0.15655,0.69945,1.0619,1.4435,1.7022,1.7997,1.7986,1.6117,1.3476,0.797,0.0094345,-0.99229,-1.8431,-2.8467,-3.1943,-2.8111,-1.6543,-0.29944,0.62567,1.6008,2.2591,2.6221,2.7277,2.6634,2.4063,2.1009,1.566,0.88733,0.10216
0.54625,-0.50942,-2.3734,-4.958,-7.5913,-12.658,-19.661,-18.252,-13.404,-10.873,-9.7074,-9.3315,-8.8657,-7.7433,-6.2978,-3.9721,-1.687,-0.16959,1.5116,2.837,3.7972,4.2873,4.654,4.6882,4.4881,3.9216,2.9546,1.9343,0.078868,-2.5361,-6.4094,-11.01,-26.98,-15.747,-10.816,-7.7241,-6.3257,-5.8314,-5.9308,-6.496,-7.4462,-8.3144,-9.4979,-10.683,-11.549,-12.743,-13.753,-13.728,-12.44,-9.8397,-7.3443,-5.7507,-4.0422,-2.7549,-2.0207,-1.2754,-0.74769,-0.35731,-0.16544,0.098542,0.31787,0.43764,0.50588,0.4369,0.1878,-0.17842,-0.98647,-2.2567,-3.5485,-5.5999,-6.8363,-6.0056,-3.3825,-0.80979,1.1983,2.3334,3.4357,4.1194,4.4104,4.5165,4.3231,4.0448,3.4647,2.6575,1.6427,0.74317,-0.60852,-2.1854,-3.5535,-5.7536,-8.6215,-12.789,-17.993,-41.909,-18.164,-14.092,-11.485,-10.556,-10.593,-12.141,-16.283,-20.514,-14.487,-8.3503,-4.4613,-2.3562,-0.29318,1.1768,1.993,2.7621,3.2346,3.4704,3.5323,3.4808,3.3108,3.1062,2.7618,2.3619,1.9024,1.4914,1.1004,0.82592,0.75191,0.80478,1.0083,1.2137,1.4828,1.7152,1.9112,2.0488,2.2907,2.6001,2.8855,3.3095,3.7155,3.9859,4.239,4.338,4.244,4.0278,3.5146,2.7281,1.9466,0.62847,-1.0057,-2.8877,-4.2914,-5.6998,-6.0232,-5.6239,-4.6931,-3.7746,-3.1683,-2.4419,-1.7756,-1.1324,-0.65164,-0.080809,0.35799,0.56744,0.62425,0.3807,-0.033713,-0.94643,-2.3032,-4.0702,-5.3932,-6.1701,-5.0206,-3.5059,-1.514,0.093801,1.2957,1.9354,2.5252,2.8399,2.9222,2.8657,2.6673,2.4622,2.1524,1.8344,1.5854,1.4732,1.4201,1.5218,1.702,2.0352,2.3737,2.592,2.7646,2.7802,2.6293,2.4089,2.0196,1.5689,1.1985,0.70696,0.21228,-0.32778
1.6199,0.86058,-0.41429,-1.9506,-3.2332,-4.941,-6.359,-7.0939,-7.8038,-8.632,-10.228,-12.463,-19.102,-24.546,-13.567,-7.2673,-3.4442,-1.3678,0.7091,2.2135,3.261,3.7906,4.1975,4.2772,4.1379,3.6783,2.9058,2.1056,0.74946,-0.93533,-2.8554,-4.2641,-5.698,-6.1866,-6.0643,-5.7784,-5.7175,-6.1277,-6.8181,-8.2843,-10.469,-12.543,-15.198,-15.497,-14.071,-11.921,-10.097,-8.516,-7.4433,-6.0858,-4.8878,-4.1477,-3.4113,-2.9931,-2.8761,-2.9542,-3.1676,-3.4001,-3.4535,-3.3338,-2.9035,-2.4226,-1.7856,-1.2011,-0.72377,-0.45216,-0.22728,-0.12024,-0.06202,0.071648,0.40916,0.85151,1.6756,2.6089,3.5143,4.0875,4.6822,5.0796,5.2294,5.2517,5.0826,4.7925,4.3188,3.7018,2.9308,2.2529,1.1991,-0.02924,-1.0744,-2.6513,-4.4469,-6.3724,-7.6809,-8.7658,-8.7365,-8.3178,-7.711,-7.475,-7.644,-8.4066,-9.2823,-9.2116,-8.0621,-5.7295,-3.4855,-2.1039,-0.67139,0.35611,0.90305,1.3505,1.561,1.6198,1.6269,1.6349,1.7078,1.7975,1.9968,2.2527,2.4705,2.6455,2.7973,2.8801,2.8732,2.8083,2.6251,2.3983,1.9431,1.3066,0.57205,0.048444,-0.35506,-0.14192,0.44524,1.5523,2.7189,3.5041,4.3489,4.9294,5.2453,5.3085,5.1661,4.7918,4.3727,3.6618,2.8273,1.9746,1.3679,0.72199,0.34317,0.24106,0.30035,0.52981,0.77346,1.1537,1.5337,1.8754,2.0911,2.2854,2.3311,2.2481,1.9134,1.2846,0.56095,-0.84829,-2.9604,-6.2217,-9.9867,-14.9,-9.3543,-5.6313,-2.3521,-0.22979,1.1463,1.8128,2.2897,2.3758,2.2259,1.7821,1.1763,0.69801,0.22322,0.11195,0.37209,0.74825,1.3352,1.8721,2.1934,2.4614,2.5256,2.4066,2.0288,1.3973,0.53193,-0.23569,-1.3126,-2.3103,-2.8745,-3.3211,-3.4314,-3.4018
1.8125,1.3916,0.66721,-0.17867,-0.85123,-1.7704,-2.6458,-3.2819,-4.1049,-4.9674,-5.8915,-6.554,-7.1166,-6.7672,-5.8006,-4.0115,-2.1574,-0.93588,0.44105,1.4877,2.2339,2.613,2.8914,2.9475,2.8576,2.5595,2.0972,1.639,0.90576,0.060606,-0.84485,-1.5197,-2.3282,-3.0091,-3.4744,-4.0624,-4.7278,-5.6528,-6.5448,-8.2051,-10.649,-13.177,-16.929,-16.631,-13.704,-10.313,-7.8882,-6.124,-5.1378,-4.1878,-3.6031,-3.401,-3.4688,-3.9734,-4.6724,-6.1149,-8.1928,-10.757,-12.191,-12.095,-10.109,-8.4314,-6.4829,-4.8535,-3.4713,-2.5337,-1.3878,-0.35971,0.32625,1.1634,1.9247,2.4483,3.0946,3.6554,4.099,4.3517,4.55,4.5912,4.5156,4.3075,4.0088,3.7288,3.2769,2.7834,2.253,1.8438,1.2301,0.54878,-0.0054414,-0.76821,-1.5365,-2.239,-2.6791,-3.1155,-3.3658,-3.4243,-3.424,-3.4178,-3.4894,-3.5139,-3.4312,-3.1838,-2.8712,-2.3625,-1.8265,-1.4637,-1.1296,-1.0089,-1.1018,-1.4328,-1.991,-2.7013,-3.2572,-3.7442,-3.6322,-3.0501,-1.8975,-0.6493,0.5193,1.2932,2.0155,2.4919,2.6719,2.6673,2.3462,1.8597,0.82613,-0.78829,-3.2824,-6.0756,-11.93,-11.991,-7.0687,-2.6258,0.27687,1.8364,3.3609,4.408,5.0755,5.3641,5.5079,5.3977,5.1674,4.6924,4.0785,3.3857,2.8504,2.1882,1.6552,1.3893,1.2327,1.3108,1.4839,1.7902,2.1255,2.4212,2.5732,2.6755,2.6356,2.4934,2.1622,1.6518,1.1554,0.35716,-0.56519,-1.4674,-1.9906,-2.202,-1.7535,-1.0927,-0.084468,0.80924,1.4189,1.6683,1.6567,1.2209,0.57647,-0.78185,-2.8506,-4.9364,-7.9424,-8.2106,-5.3468,-3.2362,-1.1008,0.3185,0.98127,1.4125,1.3832,1.0574,0.21506,-1.1359,-3.0554,-4.8958,-7.9722,-11.458,-13.297,-12.943,-10.927,-8.9618
1.6657,1.3847,0.90472,0.34313,-0.090467,-0.64392,-1.1527,-1.4932,-1.8808,-2.1784,-2.3683,-2.4271,-2.3593,-2.0478,-1.6808,-1.0603,-0.3752,0.11318,0.67366,1.0719,1.3022,1.3699,1.3394,1.2176,1.0836,0.8966,0.67725,0.50167,0.19368,-0.20311,-0.69492,-1.1281,-1.7561,-2.4258,-2.9203,-3.534,-4.1072,-4.5898,-4.9534,-5.4532,-5.9204,-6.1935,-6.3332,-6.0008,-5.4512,-4.4927,-3.4954,-2.6561,-2.1622,-1.7608,-1.676,-1.8418,-2.4154,-3.4557,-4.6039,-6.742,-9.8498,-14.273,-17.982,-17.998,-14.604,-12.83,-10.913,-9.1217,-7.0702,-5.4577,-3.3657,-1.5206,-0.33279,0.99966,2.0646,2.6999,3.3285,3.7427,3.9365,3.9504,3.7901,3.418,3.0388,2.4194,1.7342,1.3074,0.78873,0.41218,0.18555,0.065086,-0.041364,-0.15571,-0.26415,-0.43643,-0.60164,-0.73137,-0.80578,-0.84105,-0.82991,-0.79423,-0.75833,-0.73033,-0.70737,-0.67384,-0.6776,-0.7102,-0.76828,-0.8917,-1.0879,-1.3019,-1.7352,-2.3868,-3.0511,-4.1946,-5.7739,-8.0445,-10.531,-15.88,-18.487,-12.751,-7.3796,-3.8696,-1.4093,-0.10104,1.2742,2.1764,2.5961,2.7984,2.6312,2.254,1.413,0.15797,-1.5098,-2.9452,-4.5145,-4.4509,-3.2207,-1.0605,0.92723,2.1739,3.522,4.5368,5.2424,5.586,5.8046,5.7505,5.5347,5.0199,4.249,3.2191,2.325,1.0065,-0.26156,-0.96246,-1.2592,-0.83097,-0.22786,0.64882,1.4135,1.9689,2.2313,2.378,2.322,2.1668,1.8644,1.4987,1.2249,0.91219,0.69228,0.61005,0.65515,0.85132,1.1746,1.4628,1.8543,2.1604,2.3213,2.2891,2.0255,1.431,0.7127,-0.68306,-2.7447,-4.8059,-7.7919,-7.9925,-5.0521,-2.8847,-0.72473,0.66927,1.2969,1.6463,1.4593,0.99411,-0.10861,-1.8119,-4.2017,-6.568,-10.648,-15.95,-19.434,-19.137,-16.369,-13.51
1.8968,1.479,0.82373,0.14212,-0.31913,-0.76022,-0.98705,-1.0169,-0.92975,-0.75646,-0.54349,-0.36823,-0.096635,0.19725,0.42871,0.74726,1.0118,1.1655,1.2275,1.0979,0.73477,0.31138,-0.3806,-1.085,-1.4601,-1.5775,-1.3189,-1.0091,-0.65029,-0.51421,-0.67787,-1.006,-1.752,-2.749,-3.546,-4.4556,-4.8203,-4.47,-3.9339,-3.0632,-2.2055,-1.6192,-0.91731,-0.24755,0.22567,0.81769,1.3202,1.6933,1.8577,1.9064,1.7239,1.4118,0.74494,-0.22642,-1.1592,-2.6467,-4.3732,-6.2019,-7.4821,-9.1147,-10.92,-12.946,-17.425,-19.352,-11.982,-7.9447,-4.1061,-1.3676,0.21402,1.8289,2.9994,3.6422,4.1938,4.4359,4.3846,4.1348,3.535,2.6159,1.7007,0.20755,-1.5362,-2.8911,-3.986,-3.9752,-3.2377,-2.6152,-1.891,-1.3818,-1.1169,-0.87173,-0.65343,-0.4008,-0.1627,0.20664,0.60263,0.86183,1.1558,1.3631,1.4817,1.4829,1.3441,1.0758,0.78838,0.30562,-0.3261,-0.92112,-1.8706,-3.0023,-3.9333,-5.3202,-6.8134,-8.3235,-9.4345,-10.421,-9.9028,-8.1745,-5.2526,-2.5317,-0.25828,1.149,2.5992,3.6107,4.1078,4.4665,4.5036,4.3514,3.9363,3.3468,2.6912,2.2566,1.8845,1.865,2.0985,2.6961,3.4976,4.1502,5.021,5.8041,6.4362,6.7806,7.0297,7.0167,6.8133,6.2503,5.2878,3.8336,2.3206,-0.49659,-4.8987,-10.142,-12.232,-5.5098,-2.495,0.028556,1.5293,2.3545,2.6483,2.6678,2.3352,1.9155,1.1962,0.47443,0.068143,-0.12228,0.1647,0.77245,1.3273,2.0587,2.7109,3.1171,3.5218,3.7728,3.8768,3.8489,3.6901,3.401,3.1089,2.6399,2.1462,1.8284,1.608,1.7896,2.3324,2.8609,3.5702,4.1033,4.3326,4.3528,4.0046,3.4892,2.4544,0.99386,-0.91379,-2.625,-5.293,-8.4002,-11.093,-16.084,-29.408,-18.988
2.7237,1.7814,0.1814,-1.6285,-2.8435,-3.6411,-3.1457,-2.318,-1.1821,-0.27676,0.36131,0.71456,1.0863,1.3852,1.6211,1.9416,2.2216,2.3458,2.3104,1.9402,1.0747,-0.0075363,-2.2524,-5.7789,-8.9754,-8.8887,-4.7501,-2.4223,-0.41806,0.61153,0.84561,0.53783,-0.54092,-2.5727,-5.0219,-10.461,-14.339,-7.4464,-3.874,-0.71662,1.4099,2.595,3.8348,4.7591,5.2972,5.843,6.2065,6.4034,6.43,6.3141,6.0159,5.6726,5.0643,4.2986,3.6184,2.5932,1.4577,0.25559,-0.74443,-2.1227,-3.6608,-4.8295,-6.1771,-6.1259,-4.188,-2.2652,0.13808,2.1206,3.3173,4.5641,5.4404,5.8733,6.201,6.2188,5.9359,5.5089,4.6148,3.3067,1.9487,-0.58226,-4.4129,-8.9433,-29.213,-11.761,-6.1445,-4.0649,-2.615,-2.0572,-1.9979,-2.1027,-2.0752,-1.5678,-0.84612,0.3013,1.4341,2.1713,2.9504,3.4516,3.6193,3.6151,3.3821,2.9271,2.4581,1.6659,0.68565,-0.18215,-1.5293,-3.1334,-4.5517,-6.7165,-8.7028,-9.4128,-8.6459,-6.622,-4.2827,-2.5222,-0.27923,1.7541,3.5383,4.6751,5.855,6.7067,7.1319,7.4371,7.453,7.2986,6.895,6.3262,5.6618,5.1634,4.5858,4.2085,4.1258,4.3217,4.8636,5.4546,6.3584,7.2869,8.1349,8.6599,9.169,9.4186,9.4127,9.1123,8.452,7.4038,6.3158,4.4954,2.4111,1.0556,0.55122,1.5659,2.643,3.8669,4.6519,4.9641,4.891,4.3948,3.4073,2.2906,0.19011,-2.7561,-5.2961,-6.3878,-3.4189,-0.30161,1.4642,3.196,4.3674,4.9609,5.4359,5.6317,5.6043,5.5208,5.3771,5.3154,5.3739,5.5884,5.943,6.2729,6.7641,7.2638,7.7677,8.1154,8.4819,8.7077,8.7499,8.6127,8.2471,7.7974,6.985,5.9314,4.6385,3.5279,1.8952,0.1601,-1.1468,-2.6667,-3.3883,-2.793
2.9184,1.506,-1.1693,-5.4022,-10.998,-21.282,-8.7829,-5.1719,-2.4866,-1.1292,-0.58513,-0.55595,-0.82779,-1.0196,-0.85364,-0.13254,0.92732,1.6541,2.3488,2.5565,2.2041,1.5235,-0.014095,-2.1045,-3.5038,-3.3409,-1.2112,0.42817,2.0942,3.0866,3.4531,3.3355,2.7144,1.5376,0.38018,-1.1314,-1.4678,-0.055064,1.4952,3.4603,5.0731,6.0473,7.0807,7.8486,8.2817,8.6806,8.9013,8.9447,8.8717,8.6235,8.2205,7.8306,7.2071,6.4962,5.9333,5.1661,4.4369,3.7607,3.3084,2.755,2.3329,2.114,2.0713,2.36,2.9523,3.5502,4.4079,5.2285,5.7639,6.3243,6.6884,6.8126,6.8084,6.604,6.1939,5.7763,5.0309,4.0432,3.175,1.7322,0.10056,-1.1185,-2.1509,-2.2388,-1.7766,-1.4906,-1.5775,-2.4562,-3.8426,-7.1058,-12.5,-10.748,-6.1181,-1.9373,0.72581,2.1047,3.3307,4.0027,4.1773,4.0943,3.6369,2.8388,2.0688,0.82739,-0.50097,-1.4914,-2.7536,-4.2125,-5.6399,-8.4788,-13.486,-16.863,-11.321,-5.5882,-1.7889,0.39257,2.7575,4.6931,6.2189,7.103,8.0511,8.6797,8.95,9.0334,8.817,8.4539,7.7229,6.7118,5.442,4.3157,2.6739,1.0662,0.18741,0.0022159,1.1007,2.4402,4.3714,6.1831,7.7447,8.7272,9.7683,10.492,10.829,11.015,10.924,10.584,10.201,9.5683,8.926,8.5117,8.1234,7.9265,7.8586,7.7703,7.5761,7.1968,6.7414,5.8804,4.6629,3.4615,1.3657,-1.3674,-3.5471,-4.3684,-1.7688,1.0954,2.7813,4.4159,5.4459,5.8563,5.9903,5.6515,4.8796,4.095,3.0375,2.5852,2.9929,4.3426,5.9628,7.1029,8.4164,9.4555,10.246,10.697,11.105,11.31,11.329,11.185,10.858,10.503,9.8796,9.1254,8.2782,7.5997,6.7087,5.8836,5.3723,4.9211,4.7981,5.0586
