-19.97,-18.244,-16.136,-14.216,-12.884,-11.231,-9.7034,-8.6309,-7.2908,-6.0459,-4.8908,-4.0802,-3.0712,-2.1418,-1.4962,-0.70122,0.019045,0.51121,1.1042,1.6253,2.0756,2.3673,2.696,2.9563,3.1069,3.2485,3.323,3.3354,3.2942,3.1868,3.0145,2.8424,2.5562,2.2056,1.9005,1.4373,0.91116,0.32141,-0.16245,-0.86328,-1.6283,-2.244,-3.121,-4.0631,-4.813,-5.8724,-7.0011,-8.2011,-9.1504,-10.49,-11.915,-13.04,-14.623,-16.309,-17.649,-19.54,-21.55,-23.642,-25.212,-27.157,-28.645,-29.288,-29.542,-29.396,-29.185,-29.103,-29.14,-29.348,-29.576,-29.947,-30.34,-30.587,-30.839,-30.961,-30.884,-30.749,-30.555,-30.438,-30.405,-30.393,-30.296,-30.105,-29.66,-29.073,-28.472,-28.105,-27.836,-27.922,-28.25,-29.028,-29.839,-29.505,-27.868,-24.678,-21.44,-19.225,-16.589,-14.272,-12.71,-10.823,-9.1283,-7.597,-6.5451,-5.2575,-4.09,-3.2878,-2.3091,-1.4291,-0.82953,-0.10793,0.52824,1.0818,1.444,1.8581,2.1958,2.4001,2.6084,2.7444,2.8087,2.8106,2.7516,2.6236,2.4828,2.2349,1.918,1.6352,1.1985,0.69425,0.12307,-0.34999,-1.0396,-1.7987,-2.4139,-3.2974,-4.2549,-5.0229,-6.1167,-7.2954,-8.5659,-9.5859,-11.048,-12.647,-13.947,-15.836,-17.927,-20.221,-22.017,-24.167,-25.16,-24.812,-23.468,-21.915,-20.836,-19.59,-18.547,-17.701,-17.187,-16.65,-16.262,-16.055,-15.88,-15.806,-15.808,-15.883,-16.039,-16.283,-16.532,-16.966,-17.534,-18.063,-18.924,-20.02,-21.436,-22.776,-25.101,-28.413,-31.898,-36.051,-31.815,-28.231,-24.79,-22.334,-20.483,-19.376,-18.173,-17.219,-16.639,-16.021,-15.555,-15.293,-15.041,-14.896,-14.851,-14.878,-14.985,-15.159,-15.33,-15.603,-15.924,-16.283
-22.264,-21.054,-19.296,-17.452,-16.054,-14.209,-12.416,-11.119,-9.462,-7.8972,-6.4286,-5.3924,-4.099,-2.9072,-2.0802,-1.0665,-0.15435,0.46336,1.1986,1.8337,2.3689,2.7052,3.0669,3.3302,3.4632,3.5549,3.549,3.4806,3.3043,3.0308,2.6604,2.3191,1.7797,1.1443,0.60535,-0.19593,-1.0901,-2.0749,-2.8711,-4.0062,-5.2201,-6.1781,-7.5125,-8.9026,-9.9756,-11.439,-12.932,-14.448,-15.599,-17.158,-18.751,-19.978,-21.666,-23.415,-24.756,-26.537,-28.201,-29.561,-30.225,-30.572,-30.448,-30.222,-29.932,-29.793,-29.874,-30.085,-30.565,-31.269,-31.95,-33.072,-34.451,-35.654,-37.366,-38.741,-38.723,-37.583,-35.376,-33.116,-31.56,-29.729,-28.156,-27.105,-25.831,-24.671,-23.602,-22.862,-21.959,-21.159,-20.626,-19.997,-19.439,-18.908,-18.493,-17.859,-17.072,-16.354,-15.224,-13.925,-12.875,-11.427,-9.9723,-8.5503,-7.5222,-6.2164,-4.9938,-4.1356,-3.0726,-2.1045,-1.4413,-0.64128,0.062468,0.67014,1.063,1.5032,1.8484,2.0453,2.2252,2.3111,2.3037,2.2368,2.0658,1.8012,1.5412,1.112,0.58812,0.13287,-0.55729,-1.3427,-2.2231,-2.9449,-3.988,-5.121,-6.0273,-7.3047,-8.6511,-9.6982,-11.131,-12.586,-14.042,-15.12,-16.524,-17.872,-18.835,-20.031,-21.079,-21.903,-22.317,-22.558,-22.451,-22.178,-21.639,-20.987,-20.471,-19.795,-19.17,-18.621,-18.261,-17.856,-17.541,-17.367,-17.216,-17.152,-17.158,-17.232,-17.374,-17.577,-17.756,-18.017,-18.284,-18.474,-18.693,-18.853,-18.936,-18.939,-18.854,-18.658,-18.437,-18.034,-17.522,-17.078,-16.424,-15.734,-15.039,-14.535,-13.906,-13.345,-12.978,-12.569,-12.255,-12.087,-11.953,-11.924,-11.998,-12.121,-12.373,-12.727,-13.059,-13.584,-14.201,-14.908
-28.752,-27.002,-24.426,-21.812,-19.902,-17.457,-15.144,-13.499,-11.425,-9.4856,-7.6822,-6.4188,-4.8526,-3.4216,-2.4364,-1.239,-0.17263,0.54184,1.3815,2.0931,2.6774,3.0327,3.3958,3.6327,3.7274,3.7428,3.6307,3.4623,3.1241,2.6536,2.0486,1.5041,0.65373,-0.34391,-1.1931,-2.4666,-3.9109,-5.539,-6.8898,-8.8791,-11.103,-12.936,-15.604,-18.48,-20.658,-23.19,-24.685,-25.054,-24.956,-24.762,-24.698,-24.766,-24.986,-25.295,-25.539,-25.856,-26.166,-26.473,-26.702,-27.023,-27.34,-27.576,-27.872,-28.155,-28.46,-28.704,-29.039,-29.379,-29.637,-29.977,-30.287,-30.465,-30.573,-30.444,-29.985,-29.418,-28.403,-27.17,-26.168,-24.811,-23.491,-22.546,-21.353,-20.238,-19.214,-18.518,-17.697,-16.998,-16.549,-16.035,-15.6,-15.223,-14.964,-14.625,-14.264,-13.955,-13.458,-12.826,-12.248,-11.334,-10.28,-9.1245,-8.2186,-6.9957,-5.793,-4.923,-3.8252,-2.8145,-2.1208,-1.2884,-0.56534,0.045872,0.43007,0.8438,1.146,1.3002,1.4104,1.4132,1.3098,1.1634,0.87725,0.48654,0.12417,-0.45358,-1.1428,-1.7362,-2.6353,-3.6671,-4.8452,-5.8343,-7.3139,-9.0073,-10.445,-12.635,-15.229,-17.537,-21.329,-26.402,-32.197,-31.701,-27.735,-25.149,-23.935,-22.944,-22.415,-22.171,-22.114,-22.156,-22.293,-22.433,-22.624,-22.743,-22.732,-22.52,-22.065,-21.412,-20.858,-20.117,-19.453,-19.049,-18.669,-18.491,-18.491,-18.692,-19.149,-19.897,-20.684,-22.112,-24.121,-26.181,-30.079,-34.763,-31.99,-28.093,-24.235,-21.428,-19.75,-17.889,-16.334,-15.318,-14.125,-13.084,-12.176,-11.573,-10.869,-10.278,-9.9094,-9.5153,-9.2346,-9.1005,-9.0253,-9.0718,-9.2408,-9.4491,-9.8421,-10.374,-10.868,-11.658,-12.61,-13.744
-33.681,-32.083,-28.904,-25.433,-22.944,-19.857,-17.028,-15.06,-12.618,-10.375,-8.3164,-6.889,-5.1376,-3.5548,-2.4755,-1.1769,-0.034177,0.7226,1.6003,2.3306,2.9148,3.2584,3.5912,3.7812,3.8308,3.7722,3.5713,3.3269,2.8749,2.2768,1.5297,0.86949,-0.14862,-1.3304,-2.3295,-3.8206,-5.5068,-7.4028,-8.9745,-11.284,-13.846,-15.92,-18.798,-21.519,-23.139,-24.43,-24.952,-25.233,-25.481,-25.948,-26.576,-27.118,-27.807,-28.312,-28.498,-28.494,-28.325,-28.149,-28.101,-28.221,-28.597,-29.039,-29.84,-30.9,-32.3,-33.576,-35.358,-36.432,-36.011,-34.09,-31.762,-30.13,-28.218,-26.541,-25.032,-23.983,-22.665,-21.422,-20.533,-19.395,-18.324,-17.56,-16.609,-15.739,-14.963,-14.459,-13.911,-13.516,-13.32,-13.195,-13.237,-13.48,-13.826,-14.562,-15.725,-16.998,-19.526,-23.78,-28.674,-25.79,-19.174,-14.878,-12.466,-9.8879,-7.8094,-6.4954,-5.0021,-3.7569,-2.9655,-2.0812,-1.3763,-0.83759,-0.53717,-0.26691,-0.138,-0.12841,-0.22326,-0.43182,-0.74261,-1.0341,-1.4894,-2.0087,-2.4339,-3.0433,-3.7001,-4.2258,-4.9779,-5.7999,-6.7037,-7.443,-8.5175,-9.6965,-10.642,-11.967,-13.322,-14.316,-15.518,-16.462,-17.074,-17.32,-17.437,-17.419,-17.4,-17.465,-17.688,-18.097,-18.533,-19.3,-20.331,-21.335,-23.096,-25.494,-27.597,-29.103,-27.054,-24.004,-22.069,-20.054,-18.564,-17.729,-16.934,-16.455,-16.273,-16.236,-16.417,-16.793,-17.18,-17.792,-18.439,-18.885,-19.325,-19.47,-19.223,-18.777,-17.902,-16.82,-15.942,-14.748,-13.581,-12.743,-11.692,-10.731,-9.8699,-9.2877,-8.5998,-8.0161,-7.6485,-7.2533,-6.9672,-6.8261,-6.7388,-6.7688,-6.9138,-7.0966,-7.443,-7.909,-8.3347,-9.0043,-9.7901,-10.69
-31.292,-29.068,-26.016,-23.044,-20.924,-18.252,-15.742,-13.948,-11.676,-9.5463,-7.5684,-6.1897,-4.4951,-2.9643,-1.9237,-0.67731,0.41093,1.1243,1.9411,2.6044,3.1158,3.4008,3.6497,3.7503,3.7299,3.5762,3.2804,2.9669,2.4289,1.7575,0.95676,0.27383,-0.74253,-1.8752,-2.7954,-4.1106,-5.5174,-7.002,-8.1567,-9.7325,-11.327,-12.521,-14.093,-15.635,-16.779,-18.324,-19.956,-21.761,-23.297,-25.758,-29.19,-32.979,-40.759,-38.346,-34.053,-30.737,-28.724,-27.408,-26.745,-26.22,-26.09,-26.206,-26.583,-27.169,-27.92,-28.483,-29.072,-29.296,-29.115,-28.326,-27.062,-25.977,-24.501,-23.097,-21.782,-20.845,-19.647,-18.491,-17.639,-16.524,-15.434,-14.649,-13.654,-12.729,-11.898,-11.345,-10.721,-10.223,-9.9259,-9.6293,-9.4531,-9.4154,-9.4822,-9.6872,-9.9993,-10.273,-10.618,-10.838,-10.846,-10.551,-9.8744,-8.8864,-8.0267,-6.8322,-5.6696,-4.8543,-3.8738,-3.0305,-2.4958,-1.9216,-1.5107,-1.2713,-1.2098,-1.291,-1.5684,-1.9079,-2.5385,-3.3703,-4.3891,-5.2484,-6.4515,-7.5882,-8.2874,-8.8997,-9.1389,-9.1506,-9.0832,-9.0456,-9.1127,-9.2527,-9.56,-9.9864,-10.367,-10.923,-11.507,-11.939,-12.47,-12.916,-13.263,-13.454,-13.618,-13.666,-13.641,-13.564,-13.479,-13.424,-13.407,-13.411,-13.429,-13.438,-13.429,-13.39,-13.32,-13.143,-12.864,-12.506,-12.214,-11.844,-11.544,-11.394,-11.318,-11.405,-11.588,-11.995,-12.61,-13.447,-14.221,-15.431,-16.808,-17.887,-19.195,-19.963,-19.788,-19.069,-17.678,-16.15,-15.038,-13.659,-12.418,-11.574,-10.551,-9.6355,-8.8203,-8.264,-7.5926,-7.0066,-6.6236,-6.192,-5.8532,-5.6633,-5.5045,-5.4586,-5.5255,-5.6492,-5.9145,-6.2923,-6.6434,-7.1975,-7.8463,-8.5811
-25.554,-23.97,-21.635,-19.184,-17.385,-15.11,-12.984,-11.464,-9.5174,-7.6692,-5.9323,-4.7133,-3.2096,-1.8502,-0.92679,0.17634,1.1334,1.7534,2.448,2.9869,3.3687,3.552,3.6579,3.6067,3.4664,3.1466,2.68,2.2369,1.5286,0.6956,-0.25021,-1.0253,-2.132,-3.3043,-4.2138,-5.4479,-6.68,-7.8849,-8.7563,-9.8572,-10.88,-11.599,-12.503,-13.366,-14.005,-14.869,-15.765,-16.666,-17.314,-18.174,-19.11,-19.844,-20.723,-21.27,-21.462,-21.59,-21.696,-21.806,-21.863,-21.887,-21.89,-21.878,-21.856,-21.838,-21.793,-21.69,-21.468,-21.197,-20.989,-20.727,-20.509,-20.389,-20.286,-20.257,-20.266,-20.237,-20.018,-19.414,-18.627,-17.214,-15.565,-14.302,-12.691,-11.228,-9.9473,-9.1127,-8.1613,-7.3752,-6.8831,-6.3645,-6.0085,-5.8158,-5.7636,-5.7828,-5.8674,-5.9541,-6.0747,-6.1738,-6.2109,-6.1684,-5.9819,-5.6345,-5.2772,-4.6983,-4.0423,-3.5292,-2.8593,-2.24,-1.8309,-1.3872,-1.0858,-0.95418,-0.98396,-1.2155,-1.6965,-2.2416,-3.2552,-4.6608,-6.5767,-8.4648,-11.876,-17.036,-22.299,-20.57,-15.559,-13.293,-11.444,-10.429,-9.9815,-9.9323,-10.171,-10.684,-11.209,-12.044,-12.975,-13.678,-14.553,-15.278,-15.796,-16.024,-16.075,-15.803,-15.387,-14.58,-13.573,-12.492,-11.696,-10.698,-9.7928,-9.1707,-8.4068,-7.7213,-7.2592,-6.7155,-6.2545,-5.8717,-5.6353,-5.4001,-5.2696,-5.2522,-5.3491,-5.6001,-5.9,-6.4609,-7.2353,-8.241,-9.1618,-10.648,-12.462,-14.031,-16.212,-17.745,-17.598,-16.569,-14.901,-13.432,-12.545,-11.635,-10.987,-10.631,-10.258,-9.9155,-9.5174,-9.1414,-8.521,-7.7996,-7.2339,-6.5115,-5.879,-5.4852,-5.0923,-4.8678,-4.8165,-4.8901,-5.1377,-5.5475,-5.9504,-6.6033,-7.3737,-8.2343
-18.311,-17.684,-16.485,-14.99,-13.78,-12.133,-10.475,-9.229,-7.584,-5.9935,-4.4872,-3.4223,-2.0975,-0.88365,-0.047492,0.95989,1.8338,2.3926,2.9996,3.437,3.6955,3.7693,3.7032,3.4483,3.1325,2.5469,1.7759,1.0799,0.0066918,-1.2178,-2.5717,-3.6532,-5.1617,-6.7203,-7.9078,-9.4949,-11.052,-12.506,-13.441,-14.322,-14.672,-14.617,-14.278,-13.827,-13.504,-13.17,-12.997,-12.989,-13.035,-13.123,-13.302,-13.55,-14.076,-14.771,-15.376,-16.303,-17.462,-18.943,-20.257,-22.185,-23.876,-24.335,-23.395,-21.553,-19.739,-18.592,-17.394,-16.524,-16.039,-15.599,-15.429,-15.499,-15.892,-16.711,-18.104,-19.695,-22.968,-27.208,-25.842,-20.116,-15.804,-13.361,-10.784,-8.7477,-7.1088,-6.0917,-4.9757,-4.1052,-3.6005,-3.1351,-2.8992,-2.8728,-2.9759,-3.2679,-3.7465,-4.2378,-5.0671,-6.079,-6.9159,-8.0191,-8.8432,-9.0024,-8.5664,-7.4288,-6.0204,-4.959,-3.649,-2.5075,-1.7739,-0.96929,-0.3629,0.042611,0.21514,0.27163,0.13165,-0.10035,-0.57111,-1.2145,-2.0054,-2.6655,-3.5624,-4.3732,-4.8582,-5.3001,-5.5583,-5.7031,-5.9402,-6.3224,-6.9326,-7.5738,-8.715,-10.237,-11.674,-14.064,-17.1,-19.804,-23.441,-25.097,-24.605,-24.389,-25.23,-27.048,-26.52,-22.032,-17.599,-14.101,-11.961,-9.5762,-7.6193,-6.3846,-4.9882,-3.8177,-3.0623,-2.2023,-1.4967,-0.92825,-0.58319,-0.22942,0.011985,0.12065,0.16584,0.095214,-0.033902,-0.30687,-0.68415,-1.1509,-1.5543,-2.1516,-2.7796,-3.2449,-3.8227,-4.3224,-4.7374,-5.0052,-5.3469,-5.744,-6.1299,-6.836,-7.8742,-8.9739,-11.085,-14.388,-19.709,-21.934,-16.104,-11.547,-9.2248,-7.0067,-5.4829,-4.6763,-3.958,-3.5897,-3.5291,-3.6674,-4.0814,-4.7472,-5.4069,-6.5001,-7.8331,-9.4203
-25.961,-22.183,-17.968,-14.851,-13.048,-11.124,-9.5292,-8.4488,-7.0963,-5.801,-4.5207,-3.5545,-2.2499,-0.95658,-0.018063,1.1491,2.1747,2.824,3.51,3.9775,4.2154,4.2382,4.0531,3.6111,3.1036,2.1811,0.96281,-0.15454,-1.9309,-4.0378,-6.4521,-8.3947,-10.951,-13.083,-14.282,-15.586,-17.137,-19.654,-22.873,-32.477,-28.537,-21.98,-17.304,-14.4,-12.843,-11.275,-10.133,-9.3905,-9.059,-8.8006,-8.6386,-8.5991,-8.7228,-9.0972,-9.5237,-10.265,-11.245,-12.558,-13.77,-15.548,-16.961,-17.279,-16.519,-14.998,-13.333,-12.187,-10.927,-10.001,-9.4833,-8.9822,-8.6865,-8.5763,-8.5525,-8.6367,-8.7716,-8.8562,-8.8525,-8.628,-8.2616,-7.4988,-6.4904,-5.6403,-4.4716,-3.3331,-2.2871,-1.5835,-0.77628,-0.14062,0.20767,0.48506,0.56632,0.4642,0.25534,-0.24306,-1.0333,-1.84,-3.2333,-5.0616,-6.8101,-9.8835,-13.967,-16.265,-13.98,-10.178,-7.2862,-5.5971,-3.7768,-2.3029,-1.3734,-0.33641,0.50269,1.1609,1.5456,1.9282,2.1701,2.2599,2.2695,2.1726,1.9841,1.7918,1.4882,1.1508,0.8805,0.49981,0.07967,-0.2748,-0.82323,-1.4887,-2.3082,-3.0439,-4.2211,-5.6671,-6.9469,-8.9043,-11.056,-12.614,-14.183,-14.908,-15.032,-14.788,-14.281,-13.867,-13.471,-12.328,-10.394,-8.2209,-6.6953,-4.8867,-3.3013,-2.2448,-1.0121,0.040623,0.72973,1.5373,2.2323,2.8278,3.2129,3.6404,3.9774,4.1743,4.3629,4.4708,4.4991,4.4668,4.3582,4.1807,4.0043,3.725,3.4132,3.1629,2.8139,2.4497,2.07,1.7722,1.3453,0.86462,0.45411,-0.17739,-0.92103,-1.5559,-2.464,-3.3218,-3.8996,-3.9933,-3.6084,-2.8246,-2.1561,-1.3225,-0.67523,-0.35839,-0.18007,-0.28096,-0.66478,-1.1325,-1.9888,-3.1135,-4.132,-5.7086,-7.5035,-9.4894
-11.552,-11.334,-10.539,-9.625,-9.0938,-8.6655,-8.5643,-8.7559,-9.4075,-10.242,-10.249,-9.0897,-6.4981,-3.7559,-1.9166,0.14999,1.7855,2.7555,3.7348,4.3902,4.7406,4.8051,4.6288,4.147,3.5791,2.5308,1.13,-0.17949,-2.3265,-5.0339,-8.5046,-11.782,-17.01,-19.418,-17.658,-15.36,-14.078,-13.464,-13.202,-12.85,-12.256,-11.62,-10.591,-9.4948,-8.7143,-7.7892,-6.9319,-6.123,-5.6239,-5.1532,-4.8517,-4.6642,-4.4372,-4.2858,-4.253,-4.2948,-4.3935,-4.5442,-4.6845,-4.8724,-4.9762,-4.9582,-4.7956,-4.5483,-4.2666,-4.049,-3.7753,-3.5274,-3.3853,-3.2929,-3.3021,-3.3613,-3.4909,-3.6543,-3.8074,-3.8925,-3.9093,-3.7657,-3.5332,-3.0417,-2.3639,-1.76,-0.87359,0.050345,0.93869,1.5523,2.2653,2.8299,3.1483,3.434,3.5619,3.5004,3.3089,2.8521,2.1956,1.5909,0.64157,-0.452,-1.3298,-2.4799,-3.4704,-4.2233,-4.606,-4.8224,-4.6598,-4.2984,-3.5668,-2.6533,-1.916,-0.93387,-0.005289,0.83832,1.397,2.0298,2.5255,2.8102,3.0741,3.2273,3.295,3.2986,3.247,3.1353,3.0136,2.8073,2.5586,2.3509,2.0476,1.7005,1.2967,0.95242,0.43721,-0.13988,-0.59422,-1.2068,-1.7992,-2.201,-2.6329,-2.9308,-3.1334,-3.2159,-3.1736,-2.9123,-2.6273,-2.2024,-1.7147,-1.1285,-0.63346,0.047892,0.70041,1.1631,1.7446,2.2864,2.6635,3.1381,3.6021,4.0645,4.4117,4.871,5.3106,5.6156,5.9705,6.2551,6.4152,6.5503,6.5911,6.5377,6.4431,6.2602,6.0227,5.817,5.5259,5.2408,4.9864,4.8226,4.647,4.5213,4.451,4.3771,4.3228,4.2941,4.2715,4.2762,4.3178,4.3714,4.4698,4.5793,4.6444,4.6719,4.5939,4.4388,4.0702,3.4873,2.6544,1.8459,0.49764,-1.2011,-2.7459,-5.244,-8.3861,-12.364
-4.3556,-4.4355,-4.4529,-4.5725,-4.793,-5.2373,-5.9201,-6.6917,-8.1227,-9.7044,-10.383,-9.5098,-6.9674,-4.1548,-2.2776,-0.20827,1.386,2.3177,3.2614,3.8945,4.2317,4.2945,4.1347,3.7079,3.2198,2.3573,1.27,0.31712,-1.0981,-2.628,-4.1703,-5.2581,-6.499,-7.4221,-7.8872,-8.2582,-8.4507,-8.5236,-8.5349,-8.5063,-8.4296,-8.3478,-8.2047,-8.0117,-7.8449,-7.6325,-7.4305,-7.0443,-6.5798,-5.847,-5.1444,-4.6531,-4.0029,-3.3672,-2.9417,-2.4651,-2.0686,-1.7106,-1.4785,-1.2415,-1.0916,-1.0145,-0.92511,-0.85249,-0.82102,-0.84817,-0.95185,-1.1197,-1.2952,-1.6179,-2.0474,-2.446,-3.1014,-3.9068,-4.8791,-5.7128,-6.8791,-7.8591,-8.1409,-7.5465,-6.0171,-4.6213,-2.7756,-1.1109,0.31172,1.2171,2.2125,2.9798,3.415,3.8278,4.0376,4.0172,3.8622,3.5119,3.0298,2.5647,1.7741,0.78349,-0.076984,-1.3712,-2.8929,-4.7346,-6.3791,-8.998,-11.996,-13.618,-12.493,-9.4665,-7.4425,-5.3166,-3.7113,-2.4988,-1.784,-1.0501,-0.50254,-0.17805,0.17008,0.42824,0.6023,0.67594,0.68953,0.61068,0.50479,0.33787,0.1963,0.13955,0.15184,0.2656,0.4514,0.60817,0.79971,0.95082,1.0225,1.0498,0.99773,0.92204,0.78948,0.68028,0.57615,0.46114,0.26341,0.12935,0.11329,0.15712,0.2162,0.25275,0.27471,0.30562,0.2937,0.23365,0.08535,-0.11536,-0.27758,-0.45265,-0.4666,-0.20081,0.20851,0.99506,1.9221,2.6195,3.4672,4.1614,4.5603,4.9225,5.0858,5.0479,4.8989,4.5434,4.0141,3.5303,2.8325,2.1701,1.6884,1.5349,1.6602,2.127,2.6201,3.3571,4.0962,4.6184,5.244,5.7784,6.2189,6.4881,6.7595,6.9315,6.9875,6.9446,6.758,6.52,6.059,5.4162,4.5663,3.7779,2.5159,1.01,-0.28457,-2.2311,-4.3857,-6.5626
-2.2049,-2.2281,-2.3526,-2.5765,-2.7426,-2.9497,-3.1746,-3.3113,-3.3425,-3.1798,-2.8732,-2.5203,-1.8126,-0.87754,-0.13195,0.80361,1.6186,2.138,2.7005,3.0694,3.2123,3.1643,2.9039,2.4275,1.936,1.1044,0.091186,-0.7686,-2.004,-3.2777,-4.5172,-5.3844,-6.4057,-7.2348,-7.7007,-8.1451,-8.4434,-8.6548,-8.7995,-9.0107,-9.2971,-9.5937,-10.123,-10.834,-11.444,-12.323,-13.331,-13.992,-13.734,-12.285,-10.228,-8.73,-6.9992,-5.5568,-4.6233,-3.5741,-2.7515,-2.1098,-1.7118,-1.277,-0.97237,-0.84456,-0.79402,-0.84597,-0.97758,-1.1415,-1.4588,-1.8804,-2.2646,-2.8413,-3.4793,-4.0182,-4.8545,-5.8714,-7.1686,-8.4335,-10.742,-14.025,-16.612,-15.307,-10.747,-7.9009,-4.9492,-2.7263,-1.0264,-0.014898,1.0492,1.8422,2.2787,2.6598,2.8132,2.7685,2.6551,2.4111,2.0119,1.5879,0.88216,0.040301,-0.68339,-1.8114,-3.1444,-4.6484,-5.921,-7.8903,-9.8903,-10.735,-10.376,-9.1581,-8.2204,-7.1875,-6.4305,-6.0702,-6.0396,-6.2354,-6.4818,-6.4812,-6.111,-5.4558,-4.7985,-4.4493,-4.3033,-4.5823,-5.0881,-6.1582,-7.5308,-8.3666,-8.2775,-6.6966,-4.6893,-3.3357,-1.8768,-0.80779,-0.2447,0.23516,0.46073,0.48187,0.31743,0.0063429,-0.3567,-0.67188,-1.1737,-1.7173,-2.0833,-2.4159,-2.5711,-2.6493,-2.7086,-2.815,-3.0382,-3.3518,-4.0623,-5.2279,-6.5258,-9.1448,-13.449,-17.207,-13.25,-7.9356,-4.4151,-2.5179,-0.6315,0.70559,1.4088,2.0103,2.2624,2.182,1.8989,1.1948,0.0749,-1.0785,-3.1904,-6.3239,-11.237,-15.39,-11.382,-6.2258,-3.5749,-0.97749,0.95846,2.1185,3.3794,4.3834,5.1848,5.6728,6.1825,6.5364,6.7091,6.81,6.7541,6.6126,6.2879,5.8078,5.1782,4.6048,3.7133,2.7022,1.8851,0.75105,-0.3814,-1.4709
-1.5606,-1.7292,-2.0734,-2.3745,-2.5438,-2.7514,-2.9125,-2.9256,-2.7727,-2.4636,-1.9904,-1.5054,-0.72032,0.11209,0.70578,1.42,2.0586,2.4712,2.8877,3.1044,3.1069,2.9724,2.602,1.9946,1.3755,0.32087,-0.99701,-2.1607,-3.9476,-5.9813,-8.1894,-9.8065,-11.549,-12.345,-12.325,-11.824,-11.216,-10.711,-10.46,-10.311,-10.4,-10.637,-11.241,-12.293,-13.356,-15.06,-17.954,-22.84,-21.835,-16.461,-12.817,-10.68,-8.3481,-6.5599,-5.4684,-4.217,-3.1988,-2.4337,-2.0147,-1.5955,-1.3008,-1.1676,-1.1512,-1.3316,-1.6851,-2.0513,-2.6724,-3.4763,-4.1684,-5.1211,-6.0224,-6.5741,-7.0146,-7.12,-6.9924,-6.8179,-6.5136,-6.1004,-5.6633,-4.8531,-3.8097,-2.939,-1.7675,-0.68212,0.23644,0.80418,1.3805,1.762,1.9196,1.9686,1.8647,1.6897,1.5133,1.1649,0.68025,0.28639,-0.20802,-0.69801,-1.1039,-1.6948,-2.2899,-2.8594,-3.2829,-3.7768,-4.1005,-4.2366,-4.3602,-4.4678,-4.5644,-4.7928,-5.329,-6.4421,-7.8066,-10.745,-16.493,-29.641,-17.803,-10.963,-7.6349,-6.1765,-5.124,-4.9008,-5.2455,-6.4215,-8.3592,-9.8691,-9.9343,-7.3968,-4.6069,-2.9167,-1.2244,-0.084913,0.45725,0.83362,0.871,0.69354,0.14808,-0.78971,-2.049,-3.1218,-4.7271,-6.6115,-8.0167,-9.1957,-9.0425,-8.0002,-7.1248,-6.1713,-5.5148,-5.2231,-5.1344,-5.419,-5.8254,-6.4937,-7.02,-6.9591,-6.3256,-4.846,-3.1372,-1.9613,-0.65053,0.34562,0.88879,1.3475,1.5088,1.3851,1.1106,0.50067,-0.35404,-1.1646,-2.4615,-3.861,-5.0157,-5.4139,-5.0265,-3.8074,-2.6784,-1.1548,0.26747,1.2333,2.3915,3.4136,4.3007,4.883,5.5411,6.0551,6.3474,6.6197,6.7521,6.7459,6.5966,6.2851,5.8267,5.3886,4.6745,3.8189,3.095,2.0519,0.9502,-0.17909
-2.102,-2.4537,-2.9065,-3.4653,-4.0755,-5.1073,-6.1652,-6.8158,-7.1214,-6.4205,-4.8833,-3.5218,-1.8008,-0.36404,0.54462,1.596,2.4891,3.0211,3.5122,3.7756,3.8377,3.7441,3.4012,2.7774,2.1193,0.9738,-0.51077,-1.891,-4.1791,-7.1088,-10.975,-14.895,-21.924,-21.476,-17.722,-14.701,-12.935,-11.843,-11.267,-10.713,-10.343,-10.161,-10.039,-10.12,-10.366,-10.502,-10.176,-10.077,-10.08,-9.4491,-8.2717,-7.4189,-6.3689,-5.3412,-4.6433,-3.8553,-3.153,-2.517,-2.1141,-1.7265,-1.4926,-1.3796,-1.3253,-1.4633,-1.8717,-2.3605,-3.2934,-4.6432,-6.036,-8.7193,-12.892,-17.52,-18.409,-12.344,-8.416,-6.3617,-4.3079,-2.742,-1.7748,-0.68411,0.24268,0.84132,1.5042,1.9966,2.323,2.4509,2.4457,2.2215,1.9186,1.3648,0.706,-0.027368,-0.64127,-1.4318,-1.9947,-2.2456,-2.5006,-2.7732,-2.9712,-3.184,-3.3184,-3.367,-3.2523,-2.8354,-2.278,-1.9072,-1.4731,-1.053,-0.77761,-0.59541,-0.71675,-1.0428,-1.3656,-1.8434,-2.3313,-2.4849,-2.1255,-1.3461,-0.48325,0.11889,0.79407,1.2532,1.4387,1.5531,1.6491,1.7693,2.0195,2.4094,2.9042,3.2737,3.6813,3.9141,3.9536,3.799,3.3623,2.8452,1.9228,0.58984,-1.2803,-2.9913,-5.6865,-9.2472,-12.863,-16.659,-13.653,-10.472,-8.714,-6.9922,-5.7788,-5.0528,-4.2287,-3.5471,-3.1149,-2.5951,-2.0604,-1.4407,-0.95043,-0.25507,0.43771,0.93222,1.5157,1.95,2.1664,2.2995,2.2422,2.0091,1.7218,1.2345,0.62197,0.090509,-0.60764,-1.2262,-1.7045,-1.9338,-2.0466,-1.8978,-1.6273,-1.0867,-0.37757,0.24421,1.1618,2.1449,3.1342,3.8413,4.7186,5.492,5.9776,6.4878,6.8398,6.9914,7.0467,6.919,6.5983,6.235,5.579,4.708,3.9045,2.6062,1.0309,-0.833
-4.8864,-4.6514,-4.4338,-4.8571,-5.677,-7.3301,-10.064,-13.398,-17.941,-13.49,-8.378,-5.6741,-3.1534,-1.3781,-0.29669,0.97046,1.9966,2.606,3.2377,3.7146,4.0085,4.0722,3.9336,3.551,3.0964,2.2548,1.122,0.08901,-1.5178,-3.3462,-5.3247,-6.8007,-8.6026,-10.13,-11.092,-12.205,-13.134,-13.685,-13.63,-12.976,-11.951,-11.164,-10.23,-9.3959,-9.0414,-9.0023,-8.7067,-8.0683,-7.7583,-7.6,-7.2915,-6.9347,-6.4847,-6.0012,-5.6137,-5.2073,-4.9403,-4.6538,-4.3492,-3.8582,-3.4,-3.1025,-2.7379,-2.4185,-2.2755,-2.35,-2.7016,-3.3039,-3.9345,-4.9537,-5.9451,-6.4434,-6.3006,-5.1927,-3.6356,-2.4484,-0.9992,0.24964,1.047,1.9374,2.6249,3.0217,3.3803,3.5356,3.4721,3.2589,2.7388,1.9073,1.0562,-0.43281,-2.4568,-5.1918,-7.5554,-10.061,-10.048,-8.9153,-7.7197,-7.2824,-7.3717,-8.0406,-9.3103,-10.272,-9.5769,-6.9941,-4.263,-2.5165,-0.5564,1.0103,1.9112,2.8184,3.4774,3.9884,4.2678,4.5307,4.7649,4.948,5.2079,5.491,5.8003,6.0385,6.3366,6.5933,6.7619,6.9661,7.1417,7.2536,7.3818,7.4929,7.5668,7.5713,7.4959,7.2985,7.058,6.5846,5.8901,5.2205,4.2006,3.0112,1.4843,0.14198,-1.5693,-3.1179,-4.3349,-5.8326,-6.7988,-7.2849,-7.4489,-7.3174,-6.7694,-6.1805,-5.2027,-4.056,-3.1825,-2.0913,-1.1248,-0.25693,0.3424,1.0441,1.5879,1.9031,2.2093,2.3531,2.3527,2.1985,1.8639,1.3525,0.8652,0.079292,-0.84317,-1.5543,-2.4652,-3.3501,-4.1524,-4.6559,-5.1947,-5.6401,-5.8781,-5.9768,-5.7107,-5.1487,-3.9213,-2.3379,-0.65175,0.57105,2.0377,3.3222,4.1501,5.041,5.6992,6.0539,6.3576,6.4713,6.3681,6.1541,5.6895,5.0086,4.3293,3.1511,1.6046,-0.39769
-10.124,-6.9681,-4.812,-3.905,-3.4859,-3.3077,-3.5279,-3.6884,-3.8647,-3.8891,-3.4309,-3.0311,-2.7091,-2.3889,-1.9795,-1.2508,-0.40561,0.29081,1.3082,2.2772,3.0129,3.3751,3.6407,3.6617,3.5033,3.049,2.3456,1.6853,0.61794,-0.65399,-2.1051,-3.299,-5.0661,-7.1518,-9.0132,-12.139,-16.769,-25.65,-27.81,-18.553,-14.346,-12.46,-10.968,-10.059,-9.451,-9.3093,-10.08,-10.511,-10.378,-10.281,-10.293,-10.084,-9.6501,-9.4146,-9.3964,-9.5169,-9.9462,-10.679,-11.068,-10.722,-9.2575,-7.9057,-6.2554,-4.9015,-3.7595,-3.0938,-2.4679,-2.0715,-1.874,-1.655,-1.4855,-1.333,-0.9923,-0.52183,0.072485,0.57621,1.2663,1.941,2.4137,2.971,3.4181,3.6512,3.8345,3.8489,3.6494,3.3362,2.7028,1.7928,0.88526,-0.70216,-2.7671,-5.1668,-7.2986,-10.131,-9.7642,-8.4629,-7.3222,-6.5676,-6.4201,-7.0545,-8.3348,-9.5339,-9.0278,-5.8506,-2.7406,-0.81887,1.4335,3.2391,4.2682,5.3434,6.2252,6.8969,7.2512,7.5847,7.8681,8.0415,8.1799,8.2771,8.3863,8.4732,8.5743,8.6793,8.7797,8.9287,9.0575,9.1391,9.2367,9.2977,9.2777,9.2066,9.0222,8.7201,8.3976,7.8274,7.109,6.4309,5.3539,4.2185,2.9163,1.7164,-0.033932,-1.7635,-3.1331,-5.3117,-7.8854,-10.829,-13.632,-17.539,-16.804,-13.652,-10.046,-7.3609,-5.7446,-3.943,-2.4701,-1.3365,-0.64071,0.10351,0.65483,0.9351,1.1142,1.0987,0.94405,0.53138,-0.1064,-1.0147,-1.8851,-3.3021,-4.9651,-6.3647,-8.4862,-10.557,-11.986,-12.474,-12.701,-13.163,-14.017,-16.431,-22.1,-26.031,-16.047,-10.031,-6.1561,-3.9581,-1.623,0.15055,1.2204,2.3803,3.2575,3.7621,4.2343,4.5248,4.6689,4.6766,4.5676,4.3399,4.096,3.6756,3.1351,2.515
-1.7316,-1.0656,-0.46804,0.13125,0.51031,0.6722,0.57776,0.38358,-0.046106,-0.60688,-1.537,-2.6012,-4.4477,-7.0877,-9.9224,-12.517,-8.8307,-5.617,-2.3848,-0.19946,1.2549,2.0281,2.714,3.0256,3.0496,2.8593,2.4442,1.9889,1.2238,0.30604,-0.75529,-1.6407,-2.9141,-4.2761,-5.3473,-6.7911,-8.1022,-9.0613,-9.4247,-9.4676,-9.2012,-8.9828,-8.822,-9.2204,-9.7878,-10.426,-12.149,-15.951,-19.891,-24.788,-20.385,-16.862,-13.984,-12.544,-12.364,-12.863,-14.125,-17.132,-21.584,-22.76,-16.239,-12.882,-9.4968,-7.1275,-5.4884,-4.5329,-3.4976,-2.7495,-2.3257,-1.9217,-1.6334,-1.4353,-1.197,-0.94843,-0.63882,-0.36198,0.1027,0.63277,1.0491,1.5859,2.0594,2.3459,2.5919,2.6646,2.5642,2.3818,1.9789,1.4129,0.89891,0.16274,-0.58817,-1.3895,-1.9253,-2.1881,-2.2081,-2.2739,-2.0946,-1.6542,-1.3898,-1.0997,-0.68984,-0.085473,0.53815,1.4916,2.5477,3.4366,4.5997,5.5816,6.226,6.9728,7.5422,7.8934,8.0603,8.175,8.1256,8.0008,7.7829,7.5317,7.2672,7.0938,6.9551,6.9488,7.0207,7.1986,7.4548,7.6744,7.9536,8.1689,8.3005,8.3338,8.2606,8.0356,7.7565,7.2419,6.5682,5.9427,4.8694,3.6018,2.3008,1.1922,-0.62088,-2.5287,-3.9117,-5.9359,-8.3118,-10.743,-12.5,-14.199,-14.008,-13.009,-11.106,-9.0479,-7.7011,-6.1756,-4.8681,-3.7246,-3.0285,-2.3203,-1.7969,-1.5288,-1.3756,-1.4515,-1.6681,-2.176,-2.964,-4.0417,-5.074,-6.8226,-9.1769,-11.54,-15.628,-21.936,-28.571,-22.841,-18.47,-16.228,-15.345,-14.733,-14.224,-13.525,-11.793,-9.6281,-7.4457,-5.9466,-4.2073,-2.7521,-1.8957,-1.0012,-0.32061,0.06811,0.41665,0.60968,0.75088,0.85582,1.0168,1.2283,1.4432,1.8033,2.1979,2.5785
2.289,2.2548,2.2844,2.4162,2.373,2.1983,1.9704,1.6735,1.1647,0.45771,-0.60142,-1.4948,-2.8594,-4.6109,-5.7647,-6.2123,-5.4795,-4.3387,-2.6205,-1.2799,-0.32033,0.2186,0.65377,0.76815,0.69713,0.43091,-0.019836,-0.47168,-1.1611,-1.9182,-2.7264,-3.3523,-4.1734,-4.9213,-5.4542,-6.0765,-6.5748,-6.9424,-7.1222,-7.2856,-7.4089,-7.5325,-7.7099,-8.1088,-8.8593,-9.7266,-10.493,-12.508,-13.699,-14.061,-14.029,-13.347,-12.43,-11.72,-11.315,-11.403,-11.741,-11.901,-12.122,-12.221,-11.539,-10.89,-10.037,-8.9888,-7.9508,-7.3193,-6.5885,-6.0142,-5.7108,-5.527,-5.5453,-5.6924,-6.1119,-6.6159,-7.0088,-7.0392,-6.5598,-5.5768,-4.6779,-3.5147,-2.5311,-1.9448,-1.4041,-1.1528,-1.1545,-1.2883,-1.6581,-2.1673,-2.5722,-3.0595,-3.4338,-3.6259,-3.4784,-3.1134,-2.8547,-2.516,-1.8169,-1.2215,-0.81237,-0.15134,0.52126,1.2171,1.7983,2.5232,3.2509,3.8461,4.5636,5.1276,5.5021,5.9066,6.0959,6.0854,5.9709,5.6416,5.0343,4.4185,3.4503,2.2886,1.0036,0.099305,-0.72498,-0.88308,-0.57898,0.19022,1.1562,1.8798,2.7323,3.4309,3.9884,4.2862,4.5088,4.5231,4.3981,4.0251,3.3908,2.8113,1.8074,0.40279,-1.1118,-2.262,-4.1232,-6.2966,-7.8504,-9.6516,-11.443,-12.871,-13.659,-14.339,-14.321,-14.002,-13.425,-12.585,-11.754,-10.529,-9.4765,-8.4916,-7.8216,-7.0814,-6.5715,-6.3427,-6.1834,-6.2416,-6.4111,-6.8089,-7.4475,-8.2951,-9.0817,-10.316,-11.799,-12.808,-14.187,-15.517,-16.187,-16.144,-15.749,-15.17,-14.602,-13.809,-12.981,-12.304,-11.326,-10.351,-9.4352,-8.7634,-8.0131,-7.3687,-6.9331,-6.5108,-6.2997,-6.309,-6.465,-6.8441,-7.4581,-7.9164,-8.1605,-7.5845,-6.6095,-4.9478,-3.2082,-1.6143
2.8692,2.7761,2.7789,2.6929,2.5324,2.3683,2.1684,1.9445,1.5687,1.0806,0.58889,0.20631,-0.40604,-0.92584,-1.1607,-1.4152,-1.5054,-1.396,-1.2212,-1.1227,-1.04,-1.0664,-1.2966,-1.7053,-2.1206,-2.847,-3.7264,-4.442,-5.4162,-6.3905,-7.2595,-7.8081,-8.437,-8.9072,-9.1451,-9.28,-9.2275,-8.9941,-8.7435,-8.3426,-7.9466,-7.7078,-7.4892,-7.1962,-7.2359,-7.657,-7.6389,-7.8213,-8.2133,-8.4219,-8.4986,-8.5618,-8.6918,-8.9236,-9.0109,-9.3178,-9.9473,-10.489,-10.904,-11.729,-12.457,-12.752,-12.984,-12.889,-12.182,-11.433,-10.498,-9.7322,-9.329,-9.1417,-9.3806,-9.9966,-11.491,-14.102,-19.119,-28.021,-22.114,-14.504,-11.392,-8.6121,-6.81,-5.902,-5.1446,-4.8427,-4.9772,-5.3803,-6.2807,-7.6112,-8.8614,-10.671,-11.838,-11.241,-9.9008,-8.2182,-6.8219,-5.6855,-4.3948,-3.5622,-2.9752,-2.1395,-1.3574,-0.6067,-0.032082,0.752,1.5807,2.1509,2.7789,3.3411,3.6786,3.9292,3.9532,3.7877,3.468,2.7543,1.7319,0.70825,-1.139,-3.6785,-7.2154,-11.15,-21.616,-19.747,-13.415,-9.1771,-6.5806,-5.1363,-3.57,-2.2344,-1.1128,-0.44619,0.21693,0.60635,0.71875,0.57769,0.065908,-0.47715,-1.3924,-2.8421,-4.7749,-6.2731,-8.6922,-12.091,-14.901,-18.476,-21.427,-22.154,-21.729,-21.486,-21.795,-21.849,-21.381,-20.284,-19.042,-17.087,-15.273,-13.942,-13.205,-12.404,-11.916,-11.769,-11.657,-11.68,-11.768,-11.973,-12.318,-12.833,-13.342,-14.182,-15.026,-15.747,-16.948,-17.704,-18.076,-18.184,-17.818,-17.112,-16.508,-15.673,-14.907,-14.368,-13.816,-13.401,-13.123,-12.978,-12.911,-13.064,-13.067,-12.992,-12.918,-13.002,-13.231,-13.909,-15.699,-18.203,-25.18,-25.787,-17.876,-12.173,-8.6005,-5.9625
2.5014,2.4795,2.4065,2.2851,2.2943,2.2885,2.1753,2.0828,1.8835,1.6406,1.381,1.1015,0.74326,0.48222,0.25322,-0.046078,-0.2023,-0.32345,-0.56072,-0.79176,-1.1154,-1.5052,-2.1954,-3.0942,-3.9806,-5.4589,-7.2497,-8.7799,-10.967,-12.902,-14.113,-14.53,-14.798,-15.139,-15.388,-15.461,-14.774,-13.26,-11.918,-10.163,-8.646,-7.6754,-6.6911,-5.9831,-5.3804,-4.9614,-4.9098,-4.6057,-4.5748,-4.7313,-4.8402,-5.019,-5.2976,-5.729,-6.2188,-6.8729,-7.7538,-9.0412,-10.106,-11.929,-14.783,-17.67,-23.464,-25.81,-19.1,-15.796,-12.861,-10.948,-10.032,-9.285,-9.0923,-9.2366,-9.6912,-10.457,-11.167,-11.415,-11.045,-9.9678,-8.9702,-7.7179,-6.6638,-6.0784,-5.6062,-5.4669,-5.7269,-6.2333,-7.3303,-9.1065,-11.048,-14.584,-18.24,-16.106,-12.913,-10.276,-8.1409,-6.9347,-6.1701,-5.6596,-5.2892,-4.9798,-4.5616,-3.7826,-3.052,-1.8536,-0.54784,0.31304,1.3319,2.2159,2.6995,3.09,3.2659,3.1647,2.8673,2.2047,1.2742,0.32047,-1.2968,-3.2081,-5.4398,-7.2209,-9.272,-10.671,-11.358,-11.802,-11.703,-11.05,-9.2154,-6.8974,-4.8163,-3.5365,-2.2027,-1.3063,-0.92421,-0.7314,-0.89261,-1.3644,-2.2194,-3.3319,-5.1766,-6.804,-9.1069,-12.362,-15.565,-19.598,-23.23,-23.42,-22.959,-22.86,-25.038,-28.167,-33.637,-29.01,-24.03,-20.201,-17.987,-16.543,-16.022,-15.924,-16.223,-16.516,-16.964,-17.123,-16.998,-16.659,-16.324,-16.277,-16.48,-17.122,-18.352,-19.826,-21.883,-24.636,-26.921,-26.418,-23.593,-20.829,-19.257,-17.606,-16.446,-15.854,-15.491,-15.53,-15.93,-16.656,-17.917,-19.719,-21.253,-21.9,-20.097,-18.222,-16.37,-15.17,-14.305,-13.896,-13.343,-12.356,-11.328,-9.778,-8.0887,-6.5356
1.151,1.063,1.0136,1.3088,1.6773,2.0006,2.2224,2.3353,2.3494,2.2234,1.8751,1.5674,1.2139,0.78562,0.47024,0.27986,0.18377,0.092826,0.056903,0.012705,-0.26778,-0.59898,-1.2274,-2.2566,-3.3127,-5.1463,-7.7526,-10.423,-15.534,-25.405,-25.293,-20.134,-17.629,-17.719,-19.431,-25.568,-25.801,-16.759,-12.894,-9.3903,-6.9519,-5.5499,-4.0204,-3.0673,-2.5091,-1.6479,-1.2984,-1.1197,-0.90414,-0.85959,-0.99267,-1.1594,-1.4674,-1.8974,-2.4023,-3.1452,-3.9865,-5.1663,-6.1376,-7.4697,-9.1888,-10.458,-11.577,-11.952,-10.979,-9.8355,-8.3878,-7.117,-6.3954,-5.703,-5.3149,-5.1214,-5.0631,-5.157,-5.2672,-5.3092,-5.2763,-5.1032,-4.8947,-4.5353,-4.1466,-3.8384,-3.4854,-3.2646,-3.1981,-3.2505,-3.5244,-3.9708,-4.3443,-4.8247,-5.1304,-5.0113,-4.8575,-4.749,-4.3345,-4.3836,-5.0387,-5.8494,-6.9811,-9.5759,-12.771,-12.228,-8.9777,-4.9124,-2.0073,-0.3515,1.4865,2.814,3.5089,4.1946,4.5872,4.6215,4.5075,4.1263,3.4207,2.7552,1.7157,0.40234,-1.0815,-2.274,-4.099,-6.2291,-8.119,-11.752,-17.328,-18.505,-12.238,-7.4832,-4.409,-2.7337,-1.0751,0.034769,0.55185,0.90462,0.97415,0.71379,0.010096,-0.71491,-1.8839,-3.0715,-4.4751,-6.1854,-7.6291,-9.0956,-10.48,-11.655,-12.464,-13.279,-13.89,-14.471,-14.649,-14.506,-14.221,-13.552,-13.293,-13.477,-13.88,-15.218,-17.511,-20.164,-27.056,-32.479,-24.684,-19.896,-17.482,-16.315,-15.991,-16.18,-16.999,-17.737,-19.49,-22.067,-23.347,-23.211,-20.871,-18.623,-17.213,-15.831,-14.861,-14.447,-14.116,-14.177,-14.734,-15.564,-16.974,-18.966,-20.935,-21.492,-18.82,-16.349,-13.484,-11.56,-10.01,-9.0775,-8.1381,-7.385,-6.9064,-6.4926,-6.2472,-6.1006
-4.771,-5.5979,-3.9959,-1.3268,0.12561,1.5255,2.5662,2.9628,3.1209,2.8339,2.1365,1.46,0.19313,-1.2744,-2.0435,-2.3284,-1.8547,-1.0946,0.045763,0.83471,1.3091,1.5007,1.4082,0.95705,0.42968,-0.56975,-1.8908,-2.9843,-4.5137,-5.8105,-6.5655,-6.8167,-6.9803,-7.0462,-7.0899,-6.8972,-6.2877,-5.1904,-4.1812,-2.8122,-1.5541,-0.75871,0.12022,0.98668,1.3341,1.6949,2.2447,2.4157,2.5242,2.6781,2.6393,2.5477,2.2499,1.8628,1.5057,0.78166,0.013624,-0.80217,-1.5476,-2.3785,-3.0136,-3.4607,-3.6721,-3.5315,-3.2147,-2.7858,-2.1588,-1.5877,-1.2035,-0.83027,-0.60215,-0.55735,-0.71176,-0.99808,-1.4491,-1.8466,-2.4155,-2.9401,-3.2079,-3.2638,-2.9578,-2.5048,-1.7033,-0.88343,-0.13444,0.34497,0.81469,1.1473,1.3036,1.3981,1.4519,1.4036,1.2356,1.1692,0.77657,0.23201,-0.33886,-1.4711,-2.6225,-4.0815,-5.4999,-5.106,-3.6819,-1.1481,1.0717,2.4779,4.1188,5.3107,5.9899,6.7059,7.0984,7.2363,7.2185,6.9826,6.498,6.0496,5.2771,4.3391,3.338,2.5289,1.3958,0.34026,-0.40514,-1.2204,-1.5479,-1.4579,-0.80492,0.26131,1.3873,2.21,3.1423,3.8259,4.1885,4.4087,4.3283,4.2354,3.7449,2.9996,2.3262,1.5302,0.36903,-0.55854,-1.3938,-2.5094,-3.3292,-4.0222,-4.426,-4.9059,-5.1044,-5.2649,-5.4464,-5.4684,-5.5356,-5.7497,-5.9792,-6.5501,-7.1411,-8.1529,-9.6424,-10.836,-12.15,-12.779,-12.731,-12.181,-11.616,-11.237,-11.146,-11.284,-11.533,-11.895,-12.62,-12.778,-12.947,-13.009,-12.743,-12.347,-12.013,-11.635,-11.354,-11.225,-11.044,-10.933,-10.884,-10.766,-10.825,-10.49,-10.099,-9.4245,-8.365,-7.4388,-6.3001,-5.0244,-3.981,-3.366,-2.6973,-2.344,-2.3125,-2.562,-3.4423,-5.199
-6.8326,-7.3403,-5.6425,-2.2297,-0.61735,0.99151,2.1476,2.5337,2.5733,2.0689,1.1216,-0.18508,-2.8549,-6.7941,-12.599,-17.079,-8.4125,-4.8004,-1.7782,-0.081822,1.1318,1.7065,2.0733,2.2421,2.2019,1.9693,1.6601,1.3644,0.93992,0.58441,0.27656,0.12767,0.00079295,-0.055659,-0.039176,0.048887,0.20178,0.40111,0.56589,0.7808,0.9478,1.0515,1.0075,1.0912,1.2883,1.1732,1.4181,1.8563,1.9965,2.2623,2.4935,2.563,2.4417,2.0932,1.7655,1.0049,-0.014528,-1.1013,-2.1094,-3.4499,-4.2369,-4.4638,-4.1962,-3.2323,-2.1645,-1.4266,-0.51563,0.17719,0.56879,0.88948,0.95779,0.78708,0.35047,-0.35664,-1.4283,-2.5152,-4.4274,-7.0528,-9.5503,-12.372,-10.614,-7.8435,-4.6778,-2.2484,-0.41532,0.63168,1.7265,2.529,2.9507,3.3243,3.5051,3.4514,3.3695,3.2075,2.6717,2.4093,2.0443,1.3991,1.1537,0.96795,0.87199,1.1846,1.6583,2.4271,3.2297,3.9829,4.8538,5.5401,6.0646,6.5765,6.8606,7.055,7.0068,6.7713,6.4186,5.9724,5.1984,4.3699,3.3967,2.6783,1.8863,1.2695,1.0233,1.0772,1.3699,1.7343,2.4094,3.109,3.7822,4.2654,4.766,5.1004,5.2489,5.2901,5.0277,4.8177,4.4156,3.5455,2.7907,2.1306,0.8663,-0.19355,-1.0305,-2.1623,-2.8364,-3.1247,-3.0574,-2.8047,-2.4474,-2.0641,-1.7091,-1.4317,-1.2848,-1.3284,-1.4634,-1.765,-2.1513,-2.7256,-3.4832,-4.0561,-4.8513,-5.6069,-6.1756,-6.8941,-7.5971,-8.3133,-8.8607,-9.4999,-10.126,-10.622,-10.767,-10.808,-10.945,-10.827,-10.889,-11.024,-11.172,-11.438,-11.809,-12.059,-12.479,-12.616,-12.154,-11.394,-10.288,-9.0224,-7.8931,-6.4833,-5.1219,-4.0975,-2.9556,-1.8821,-0.9516,-0.40409,0.18482,0.55974,0.66465,0.64908,0.38227,-0.08248
-2.0083,-1.8214,-1.0229,-0.19729,0.23977,1.0871,1.4955,1.6466,1.5987,1.2621,0.56668,-0.18706,-1.1435,-2.3639,-2.9968,-3.2511,-3.0923,-2.4808,-1.7129,-1.0091,-0.33222,-0.012589,0.34848,0.61719,0.73244,0.86007,0.96654,1.0157,1.1109,1.2021,1.2812,1.339,1.4124,1.4507,1.4553,1.388,1.2451,0.99594,0.71782,0.1855,-0.56904,-1.2635,-2.3663,-3.9316,-4.7069,-5.1608,-5.2376,-4.0415,-2.9818,-1.8787,-0.96164,-0.52734,-0.16045,-0.25226,-0.5845,-1.2262,-2.5319,-4.3822,-6.275,-10.541,-18.881,-25.261,-12.543,-7.7297,-4.7409,-3.2219,-1.7852,-0.80115,-0.33003,-0.0087312,-0.025813,-0.23833,-0.74522,-1.6292,-2.8155,-3.9665,-5.844,-8.074,-9.8546,-11.333,-10.453,-8.6809,-6.1051,-3.8516,-1.9663,-0.82263,0.41966,1.3221,1.7973,2.1895,2.281,2.1464,1.942,1.2899,0.7277,0.28885,-0.58263,-0.93939,-1.1012,-1.256,-0.93815,-0.56866,-0.20399,0.30404,0.84134,1.307,1.7933,2.3326,2.7591,3.1656,3.539,3.7905,3.8003,3.6481,3.2751,2.7493,1.8414,0.55273,-1.1843,-2.6926,-4.8323,-6.2879,-6.0532,-4.3672,-2.4355,-1.1073,0.36015,1.4406,2.2884,2.7347,3.1057,3.2732,3.2451,3.0767,2.7813,2.2946,1.7716,1.0178,-0.13829,-0.89695,-2.4334,-4.5771,-6.2873,-9.3787,-12.247,-11.356,-9.0899,-6.194,-4.1507,-2.9612,-1.7354,-0.9449,-0.52991,-0.17224,-0.11664,-0.22649,-0.45169,-0.91263,-1.478,-2.0461,-2.9404,-3.9838,-4.8587,-6.2462,-7.8893,-9.8758,-11.562,-13.914,-15.789,-16.14,-15.288,-14.55,-13.693,-13.202,-13.041,-13.234,-13.676,-14.614,-16.076,-17.555,-20.54,-24.356,-24.323,-20.892,-16.004,-12.344,-10.3,-7.928,-5.9483,-4.7283,-3.2262,-2.0534,-1.1147,-0.50219,0.11428,0.60681,0.91262,1.2061,1.5168,1.845
-1.3247,-0.58164,0.40893,0.9128,1.404,1.8475,2.0261,2.0983,2.0322,1.755,1.2676,0.96614,0.28138,-0.31794,-0.66156,-1.2729,-1.4979,-1.6477,-1.8648,-1.8017,-1.882,-1.8906,-1.7977,-1.7746,-1.6667,-1.4072,-1.0786,-0.72001,-0.17642,0.37277,0.9267,1.282,1.6644,1.933,2.0315,2.0276,1.8335,1.4224,0.94658,0.046476,-1.2265,-2.5268,-4.6644,-8.3251,-12.546,-21.871,-15.819,-9.5733,-6.9962,-4.342,-2.7587,-1.931,-1.2287,-0.84214,-0.87252,-1.1643,-1.7497,-2.7589,-3.5453,-4.7867,-5.6528,-5.6829,-5.073,-3.7546,-2.5074,-1.6447,-0.72145,-0.095194,0.18639,0.31788,0.19295,-0.035611,-0.63311,-1.4612,-2.5342,-3.4537,-4.7812,-6.0592,-6.8385,-7.398,-7.0964,-6.3904,-4.9876,-3.3258,-1.7743,-0.70049,0.49767,1.3542,1.7833,2.0401,1.9384,1.4929,0.79963,-0.37122,-1.9723,-3.749,-5.9253,-7.6735,-8.0818,-6.9452,-5.4072,-4.2126,-3.6587,-3.2056,-2.8104,-2.8263,-2.6264,-2.0206,-1.6038,-0.77223,0.14517,0.71842,1.1338,1.3959,1.1942,0.93673,0.1523,-1.1547,-2.9491,-4.9718,-8.5165,-12.158,-11.063,-6.8718,-3.7107,-1.9062,-0.23955,0.91103,1.6245,1.8785,1.9687,1.7678,1.4542,0.84518,0.24704,-0.27014,-1.0747,-1.4181,-2.1515,-2.7689,-3.4887,-4.9929,-6.2755,-8.3599,-10.001,-9.1244,-7.2403,-4.8045,-2.6699,-1.4724,-0.27195,0.61983,1.0554,1.4438,1.5934,1.5084,1.3484,0.9354,0.35314,-0.20676,-1.0991,-2.2255,-3.235,-4.8513,-6.878,-9.4377,-11.929,-16.346,-22.34,-22.9,-18.084,-15.561,-13.729,-13.318,-13.106,-13.465,-14.078,-15.344,-17.001,-18.438,-20.016,-21.382,-20.62,-18.51,-15.295,-12.189,-10.014,-7.5463,-5.4934,-4.1943,-2.8051,-1.6934,-0.8949,-0.45559,-0.038205,0.21798,0.38405,0.62696,0.97237,1.5189
0.22229,1.0324,1.8086,2.2917,2.8028,2.9918,3.1689,3.1821,2.9972,2.6238,2.1403,1.6766,0.80195,0.058211,-0.67014,-1.6131,-2.2938,-2.9338,-3.4645,-3.8417,-4.3945,-4.6738,-5.2388,-5.8923,-6.1827,-6.1437,-5.3452,-4.2864,-2.6985,-1.1653,0.19511,1.0551,1.9651,2.6222,2.9468,3.1786,3.1534,2.8694,2.4816,1.7388,0.73782,-0.24938,-1.5461,-3.163,-4.3406,-4.7679,-5.3124,-4.3203,-3.7057,-2.5955,-1.5826,-0.86105,-0.19779,0.32987,0.61293,0.65421,0.71795,0.51707,0.38964,0.29063,0.16217,0.26972,0.44148,0.77506,1.1569,1.4202,1.7286,1.8997,1.9306,1.8454,1.5836,1.2546,0.60271,-0.22959,-1.3862,-2.4759,-4.3396,-6.9184,-9.5227,-14.045,-13.973,-10.069,-5.7685,-2.6605,-0.3679,0.96874,2.3175,3.2303,3.659,3.8704,3.699,3.0766,2.2956,0.94955,-1.4439,-3.4193,-7.447,-11.868,-11.935,-8.6349,-6.1271,-4.9294,-4.5916,-4.996,-6.323,-8.2548,-11.114,-11.557,-9.0778,-5.2952,-2.6106,-0.94184,0.033428,0.8436,1.1725,1.2798,1.0485,0.69283,0.19151,-0.22817,-0.59259,-0.69769,-0.45727,0.19124,1.0183,1.6676,2.3406,2.825,2.945,2.8077,2.3109,1.357,0.37195,-1.4811,-3.5948,-4.8561,-6.2479,-5.4563,-3.8971,-3.2804,-2.2531,-1.7531,-1.6299,-1.2255,-0.88906,-0.37471,0.18474,1.018,1.8403,2.4405,3.0668,3.5589,3.8079,3.9419,3.9537,3.7757,3.5638,3.1514,2.583,2.1082,1.3551,0.4523,-0.31919,-1.449,-2.743,-4.1595,-5.278,-6.7035,-7.8091,-8.2497,-8.6791,-8.8373,-8.8882,-9.2011,-9.7757,-10.81,-11.815,-13.676,-16.204,-18.511,-21.463,-21.373,-17.639,-15.119,-11.49,-8.6414,-6.7866,-4.5985,-2.8741,-1.7657,-0.65221,0.04344,0.43012,0.43082,0.12986,-0.55808,-1.2906,-2.2357,-2.6987,-1.9355
1.965,2.4042,2.7134,3.3492,3.6034,3.8057,4.0333,3.9747,3.7186,3.2794,2.576,1.7162,0.62409,-1.0662,-2.4906,-4.318,-6.6447,-7.6545,-7.9085,-7.9908,-7.519,-7.7178,-8.8918,-11.049,-14.728,-29.686,-15.93,-9.9347,-5.3946,-2.2851,-0.069591,1.2289,2.6027,3.6008,4.1481,4.6228,4.811,4.7427,4.5211,3.9878,3.2223,2.4911,1.2703,0.28239,-0.9419,-1.8782,-2.5593,-2.8827,-2.2918,-1.5622,-0.55844,0.1803,1.0611,1.6143,1.9876,2.2782,2.3887,2.4995,2.458,2.5494,2.6365,2.7191,2.9642,3.1259,3.3359,3.4285,3.4537,3.3948,3.2843,3.0587,2.7267,2.3943,1.97,1.41,0.73021,0.091286,-0.98821,-2.3557,-3.465,-4.6243,-4.2083,-2.82,-0.44358,1.7483,3.572,4.6836,5.7951,6.5826,6.9446,7.1522,7.0521,6.6288,6.1859,5.2006,4.1933,3.2593,1.9703,1.1265,0.49994,0.22071,-0.032207,-0.35934,-0.7168,-1.6242,-3.1202,-4.237,-6.4159,-6.1455,-5.1999,-2.7494,-0.95147,0.56665,1.2982,1.7442,2.1201,2.0675,2.0356,2.0131,2.0107,2.2198,2.539,3.0773,3.5369,4.1185,4.7583,5.1164,5.4846,5.6306,5.4782,5.1799,4.393,3.1278,1.8107,-0.66539,-4.3579,-7.6541,-11.085,-6.5331,-3.3184,-1.1792,0.30861,1.6517,2.3149,3.0604,3.704,4.2901,4.6749,5.2038,5.6181,5.8695,6.1534,6.2637,6.2848,6.1432,5.8733,5.4935,5.1164,4.6014,4.0319,3.6117,3.0342,2.502,2.1006,1.5501,0.97249,0.35257,-0.1077,-0.74574,-1.3488,-1.795,-2.4495,-2.9031,-3.6792,-4.1521,-5.0651,-6.1657,-7.1226,-8.6632,-10.594,-12.356,-13.969,-13.665,-10.943,-8.5016,-5.8286,-3.4099,-1.8773,-0.13891,1.2372,1.9955,2.7592,3.1239,3.1038,2.7884,1.9005,0.33588,-1.5519,-5.5819,-12.949,-8.7353
0.99688,1.008,1.6125,2.5058,2.8638,3.7104,4.0298,4.1516,4.0978,3.6944,2.8596,2.1355,0.58697,-1.4462,-3.3413,-7.3512,-12.901,-21.942,-15.677,-10.703,-7.9216,-7.145,-6.4697,-6.6326,-6.7513,-6.583,-5.5216,-4.2358,-2.3441,-0.4657,1.187,2.2719,3.5245,4.5728,5.2143,5.8442,6.2432,6.3802,6.3029,5.9415,5.2524,4.5588,3.0913,1.377,-0.46119,-4.3001,-8.5912,-11.217,-7.7021,-3.3967,-0.68698,0.62199,1.794,2.5115,2.6293,2.7224,2.4053,2.1168,1.9569,1.7939,2.0949,2.3722,2.8658,3.3639,3.6662,3.7918,3.7446,3.4702,3.1199,2.4986,1.8772,1.5645,1.3919,1.5687,2.0116,2.3889,2.8673,3.3094,3.653,4.2018,4.8927,5.5423,6.5004,7.4964,8.421,9.0309,9.7022,10.182,10.403,10.526,10.433,10.178,9.8255,9.2716,8.6186,7.9692,7.3547,6.4651,6.0435,5.3985,4.8427,4.3688,3.9725,3.5116,3.158,2.8396,2.6834,2.6547,2.8018,3.1691,3.4127,3.5831,3.4753,3.1163,2.3541,1.5891,0.49776,-0.46324,-0.36595,0.40391,1.9561,3.6094,4.7069,5.973,6.9569,7.5151,8.0618,8.3035,8.3265,8.1438,7.6749,6.9529,6.2459,5.2703,4.0238,3.5406,2.8787,2.9543,3.2305,3.5517,4.2193,4.6634,5.1895,5.6692,6.1924,6.7003,7.0553,7.4244,7.746,7.8737,7.924,7.8001,7.5633,7.1353,6.4513,5.6107,4.883,3.8643,2.9794,2.4369,2.0923,2.0879,2.2256,2.4417,2.632,2.7209,2.6987,2.5583,2.2641,1.9263,1.513,0.83613,0.15618,-0.41285,-1.1904,-1.9064,-2.443,-2.9898,-3.273,-3.2974,-3.0123,-2.2802,-1.1786,-0.25058,1.2574,2.6067,3.5964,4.7206,5.6509,6.1925,6.6457,6.9036,6.8377,6.6436,6.1285,5.425,4.813,4.0583,3.7258,3.9848
-9.7862,-8.8087,-3.6841,-0.86302,0.9093,2.5282,3.3306,3.7482,3.8879,3.5889,3.1106,2.5153,1.3747,0.27078,-1.0183,-2.1892,-3.695,-4.0756,-4.3759,-3.9158,-3.4413,-3.0565,-2.5622,-2.3418,-2.0887,-1.9259,-1.5551,-1.2448,-0.62882,0.15525,1.0975,1.9312,3.0539,4.1815,4.9641,5.8805,6.603,7.0733,7.2507,7.2523,6.9373,6.4923,5.6198,4.1973,3.2107,0.90301,-0.48608,-1.407,-0.46031,0.88124,2.2688,2.9977,3.4723,3.4781,3.1173,2.0279,0.43437,-2.105,-4.0688,-5.6196,-3.9736,-1.8277,0.32631,1.8808,2.7745,3.0833,3.0644,2.4461,1.5583,-0.33735,-3.2475,-6.0763,-7.3285,-3.3488,0.26421,2.308,4.3791,5.9423,6.8827,7.9506,8.8605,9.4618,10.186,10.819,11.372,11.705,12.075,12.308,12.406,12.411,12.277,11.993,11.672,11.195,10.445,9.9684,9.0542,8.229,7.5748,6.7406,6.1137,5.6859,5.5035,5.504,5.5937,5.6842,6.0165,6.088,6.2918,6.2636,6.2127,5.776,5.2989,4.3881,2.7301,1.125,-2.6464,-9.3407,-12.786,-5.1237,0.14978,3.4148,5.1011,6.8938,8.1331,8.8709,9.5627,10,10.194,10.182,10.021,9.6775,9.3135,8.7404,8.1129,7.5334,7.0311,6.2207,5.8678,5.3465,5.0247,4.8354,4.8069,5.1571,5.6871,6.3153,6.8124,7.3786,7.7893,7.9995,8.0148,7.8152,7.4469,6.6915,5.5659,3.9684,2.4322,-0.34055,-3.8409,-6.1943,-5.7677,-2.8509,-0.91297,1.025,2.3318,3.1803,3.5535,3.7881,3.74,3.5676,3.0584,2.3087,1.4117,0.5245,-0.60145,-1.6746,-2.1866,-2.2632,-1.6007,-0.72648,0.55182,1.9744,3.3615,4.3657,5.5719,6.7142,7.4391,8.2707,8.9081,9.2871,9.6086,9.7238,9.6775,9.5283,9.2305,8.8321,8.5366,8.146,7.8552,7.7087
-3.323,-3.4369,-1.4783,-0.13311,1.2463,2.298,2.9394,3.2034,3.0858,2.7293,2.2089,1.5132,0.85785,-0.038914,-0.5206,-0.89443,-1.2608,-1.111,-1.2272,-0.85298,-0.81027,-0.60989,-0.64238,-0.72642,-0.94177,-1.425,-2.0947,-2.77,-3.6371,-4.2035,-3.7372,-2.6344,-0.64379,1.3816,2.7441,4.33,5.5955,6.5759,7.1288,7.6309,7.8956,7.8945,7.8954,7.4285,7.3271,6.7791,6.6006,6.3125,6.3062,6.344,6.3383,6.2588,5.9736,5.2951,4.6263,3.0963,1.2244,-1.6593,-3.7726,-5.7856,-3.8927,-2.0454,0.24058,1.7033,2.7136,3.0946,3.2017,2.8161,2.2197,0.98185,-0.71588,-1.9062,-1.9834,-0.02477,2.4919,4.185,6.0692,7.5696,8.4957,9.4785,10.254,10.709,11.195,11.548,11.808,11.949,12.081,12.152,12.17,12.124,11.994,11.704,11.426,10.831,10.051,9.3658,7.9935,6.667,5.1978,3.4928,1.9051,1.3682,1.8534,3.0178,4.2503,5.157,6.0826,6.7635,7.1482,7.3447,7.4196,7.1825,6.9062,6.2645,5.4432,4.6678,3.6997,2.988,2.9643,3.4238,4.4728,5.705,6.5976,7.6997,8.5987,9.1922,9.7775,10.232,10.472,10.556,10.508,10.292,10.03,9.4795,8.9311,8.1559,7.3557,5.9464,4.5991,3.2037,1.0389,-0.8386,-1.8969,-0.99481,1.0073,2.9698,4.1262,5.4222,6.2272,6.6437,6.8817,6.8117,6.5453,5.8223,4.7789,3.2568,1.8202,-0.64833,-3.4156,-5.1517,-4.9339,-2.7632,-1.1138,0.72633,2.0974,3.0574,3.5472,3.9116,3.9658,3.8292,3.2353,2.4236,1.0439,-0.3589,-3.0488,-7.3913,-13.04,-13.98,-6.0251,-2.4788,0.84159,3.2871,5.1471,6.388,7.6585,8.7312,9.3682,10.034,10.48,10.675,10.806,10.705,10.485,10.198,9.7482,9.1797,8.7279,8.0721,7.382,6.7041
2.0588,2.0607,2.4419,2.6377,3.1145,3.0736,3.2403,2.9583,2.3698,1.5307,0.060549,-1.0197,-2.6823,-4.261,-4.3089,-4.3391,-2.9308,-2.2576,-1.2246,-0.47186,0.022868,0.27269,0.18424,-0.049031,-0.60429,-1.5212,-3.1487,-4.8211,-8.4973,-15.628,-19.039,-10.538,-4.9223,-1.3609,0.62558,2.7494,4.4003,5.7384,6.5668,7.4494,8.1534,8.5459,8.9419,9.2472,9.2917,9.5611,9.4885,9.5961,9.4854,9.4329,9.2098,8.9495,8.5025,7.7951,7.1945,6.1842,5.1035,3.9422,3.2577,2.5796,2.3541,2.4186,2.7064,3.1922,3.664,4.0004,4.3108,4.5281,4.6082,4.6411,4.6815,4.8614,5.2101,5.8802,6.7201,7.4053,8.3062,9.1162,9.6287,10.159,10.504,10.645,10.672,10.558,10.323,10.155,9.9513,9.893,9.9295,10.07,10.205,10.226,10.13,9.6954,9.1097,8.2256,6.986,4.8434,2.9369,-1.0393,-8.012,-12.863,-5.4648,-0.12581,2.6784,4.3774,5.6507,6.8114,7.2433,7.7667,7.9356,8.0348,7.9126,7.6314,7.2994,6.9592,6.6388,6.2663,6.1629,6.0983,6.2964,6.5495,6.9111,7.3803,7.9685,8.3817,8.8948,9.3326,9.6327,9.7849,9.8102,9.6755,9.4868,9.0176,8.45,7.8464,6.7522,5.5043,3.6082,2.0697,-1.3596,-5.3944,-8.5161,-5.6817,-1.75,1.013,2.4975,3.8794,4.8662,5.2903,5.7131,5.7912,5.7466,5.3864,4.8051,3.9633,3.2529,2.2298,1.2645,0.73085,0.39575,0.45913,0.79216,1.4767,2.2524,2.9866,3.4791,3.9392,4.136,4.0752,3.8191,3.2004,2.3244,1.4926,0.13491,-1.1749,-1.7843,-1.5116,0.042031,1.5839,3.6215,5.4852,7.0786,8.0637,9.2039,10.039,10.517,10.936,11.133,11.106,10.891,10.48,9.8815,9.3324,8.4862,7.5608,6.7925,5.7452,4.5487,3.1497
1.8806,2.4189,2.7002,3.3793,3.3726,3.5046,3.1855,2.7918,1.9958,0.5723,-1.3248,-3.4391,-7.7239,-15.829,-21.158,-11.123,-5.7807,-3.9022,-1.6843,-0.59394,0.33752,0.56572,0.79894,0.52581,0.21482,-0.56919,-1.5465,-2.4814,-3.6704,-4.6031,-4.7119,-4.2162,-2.9183,-1.3396,-0.11138,1.4692,2.9245,4.2381,5.1232,6.1816,7.0729,7.7293,8.35,9.0939,9.425,9.9032,10.234,10.499,10.624,10.623,10.517,10.318,9.887,9.3184,8.729,7.8865,6.7978,5.7104,4.7535,3.6692,2.5547,2.0638,1.6875,1.9434,2.5479,3.1625,4.0138,4.7701,5.2422,5.7687,6.2356,6.5433,6.9635,7.4254,7.9158,8.3076,8.8177,9.2625,9.5056,9.7028,9.6615,9.4509,8.8655,7.8992,6.5278,5.2838,3.7843,3.3379,3.9918,5.4691,6.8226,7.8197,8.1947,8.4679,8.1451,7.8277,6.9591,5.9215,4.9831,3.6379,2.6668,2.3189,2.6147,3.3253,4.387,5.0504,5.9057,6.5172,6.8657,7.2433,7.4078,7.4418,7.3759,7.239,6.9363,6.715,6.212,5.7345,5.0978,4.6739,4.0958,3.7701,3.7107,4.0163,4.6962,5.2878,6.1599,6.8426,7.396,7.634,7.8038,7.774,7.6253,7.3898,6.8404,6.6391,5.8206,5.3255,4.2619,3.7157,2.6774,2.0172,1.5195,1.5063,1.7526,2.1211,2.4968,2.8493,3.2156,3.4997,3.8197,4.1231,4.2398,4.3442,4.1418,3.7118,3.1595,2.2332,0.98995,-0.0098119,-1.4042,-2.2622,-2.2068,-1.224,0.23521,1.649,2.5065,3.352,3.8482,3.9921,4.001,3.6964,3.3214,2.9965,2.6877,2.5487,2.7018,3.234,4.0906,4.9127,6.1399,7.3544,8.5055,9.237,10.047,10.636,10.911,11.05,10.91,10.64,9.9854,9.0844,7.8705,6.8324,5.2563,3.6942,2.5766,1.3805,0.3939,-0.59185
-1.4079,0.018748,1.2882,2.2776,2.5533,2.9868,2.7923,2.581,1.9315,0.9537,-0.13282,-1.319,-2.4879,-3.7094,-3.7962,-3.6976,-2.7782,-2.082,-1.0033,-0.22894,0.37523,0.62972,0.81716,0.68905,0.46601,-0.14043,-0.92958,-1.6654,-2.6877,-3.7815,-4.6162,-5.0404,-4.9306,-4.1186,-3.1413,-1.7107,-0.25547,1.0411,1.9081,2.9745,3.9616,4.626,5.6858,6.4485,7.3079,7.9843,8.87,9.3671,9.7635,10.021,10.109,10.047,9.7382,9.2496,8.6835,7.7529,6.5012,4.9934,3.5035,1.1175,-2.1934,-5.3242,-8.6033,-6.048,-2.2144,-0.15197,1.884,3.2433,3.9566,4.6163,5.0132,5.1606,5.375,5.567,5.9007,6.2429,6.7901,7.352,7.7263,8.0406,8.0775,7.8535,7.1492,5.8201,3.625,1.0859,-4.3708,-7.5183,-2.7612,1.8552,4.5046,6.0712,6.7443,7.1965,7.1487,6.9871,6.3636,5.792,5.1809,4.6341,4.1135,3.8619,3.8333,3.8724,4.189,4.2582,4.6236,4.6853,4.8807,4.8727,4.9557,4.84,4.8295,4.69,4.4561,4.1733,3.5978,2.7713,1.5149,0.27787,-2.1125,-5.0928,-7.1447,-5.828,-2.5228,-0.38699,1.7273,3.1171,3.9703,4.2761,4.3902,4.1962,3.8904,3.4965,3.1242,2.9351,3.0925,3.0714,3.2765,3.181,3.2504,2.9481,2.8385,2.3322,1.7682,1.0187,0.22301,-0.75826,-1.635,-1.6093,-0.90337,0.40262,1.2959,2.2249,2.7353,2.7843,2.4465,1.5116,-0.14455,-2.1223,-6.2444,-15.757,-17.336,-6.799,-2.2788,0.33564,1.5844,2.6211,3.1269,3.2382,2.9432,2.4676,1.6559,1.0522,0.39921,0.28164,0.64131,1.7125,3.167,4.3059,5.8144,7.1502,8.2824,9.0193,9.737,10.214,10.379,10.333,9.9499,9.4485,8.4352,6.9683,4.9877,3.0671,-0.18221,-4.5251,-8.1346,-9.5935,-6.7341,-4.5278
-1.748,-0.42962,0.9156,1.6972,2.1618,2.4686,2.5293,2.3623,1.922,1.3731,0.58869,0.086777,-0.74921,-1.2413,-1.69,-1.7847,-1.8415,-1.4815,-1.0776,-0.4115,0.0019209,0.39518,0.58349,0.64507,0.43368,-0.077074,-1.0023,-1.9163,-3.6633,-6.0859,-9.7607,-13.964,-18.408,-12.554,-9.0623,-6.1038,-4.1724,-2.9927,-2.4341,-1.9178,-1.2879,-0.83884,0.54682,1.8653,3.1902,4.8031,6.2102,7.3517,8.0237,8.7057,9.0653,9.1713,9.0602,8.6862,8.2225,7.3629,6.2266,4.8394,3.5319,1.517,-0.95281,-2.7123,-4.1899,-3.1736,-1.1766,0.268,1.7471,2.6982,3.0821,3.1875,2.8085,2.2278,1.1875,0.097723,-0.09546,0.62364,2.3092,4.0603,5.1987,6.314,7.0375,7.3055,7.3495,7.0361,6.4706,5.9714,5.4069,5.263,5.4688,5.9985,6.5713,6.9174,7.022,6.769,6.3481,5.6735,4.7659,3.5145,2.7593,1.8575,1.3067,1.1108,1.1283,1.346,1.4646,1.4894,1.4505,1.2299,1.1156,0.69774,0.514,0.3775,0.4628,0.56768,0.80814,0.80563,0.80004,0.30736,-0.49692,-1.5603,-3.4224,-5.8374,-7.0739,-6.2453,-3.6465,-1.8376,-0.02877,1.1352,1.6443,1.672,1.151,0.0010545,-1.3135,-3.6563,-5.2357,-5.6238,-2.7483,-1.0195,1.0061,1.6475,2.494,2.6125,2.6689,2.1239,1.2135,-0.2775,-2.1088,-5.6014,-13.582,-23.691,-8.3373,-3.0722,-0.58965,1.4135,2.7022,3.3392,3.514,3.3088,2.733,2.1072,1.2026,0.58274,0.55424,1.0883,1.977,2.7991,3.2391,3.5301,3.4365,3.0998,2.2222,0.91402,-1.1854,-3.3958,-8.0853,-14.277,-10.217,-3.9413,0.026101,2.2238,4.486,6.2512,7.6117,8.4069,9.2141,9.691,9.8481,9.7759,9.365,8.8236,7.7574,6.2755,4.3164,2.5223,-0.40322,-3.7082,-6.046,-7.0626,-6.1446,-4.6506
0.92656,1.2016,1.8897,1.9893,2.4252,2.2525,2.3254,2.0522,1.6581,1.0979,0.22323,-0.35662,-1.599,-2.6197,-3.6978,-4.2877,-4.7624,-4.1608,-3.4594,-2.0096,-0.96633,-0.12119,0.51457,0.96898,1.0037,0.85061,0.27563,-0.4116,-1.7142,-3.4455,-5.4065,-6.8927,-7.8458,-7.3857,-6.5377,-5.5727,-5.1292,-5.3459,-6.031,-7.921,-11.294,-13.372,-10.644,-4.2566,-1.6922,1.6731,3.8434,5.7838,6.7359,7.7748,8.3937,8.6103,8.6678,8.3458,7.9962,7.2242,6.3509,5.2718,4.5536,3.5257,2.8207,2.4122,2.2951,2.4981,2.9742,3.397,3.8414,4.0853,4.0447,3.5827,2.5199,1.239,-1.6581,-6.8561,-13.264,-6.9584,-1.0282,2.4673,4.258,6.0165,7.2302,7.895,8.5105,8.9006,9.1222,9.2045,9.2753,9.2906,9.2933,9.2152,9.0404,8.6452,8.2014,7.272,6.019,4.6946,2.6005,-0.29627,-2.8572,-6.5668,-7.1229,-5.1822,-3.7799,-2.3912,-2.0619,-1.714,-2.3415,-2.8173,-3.9932,-5.2257,-7.2085,-7.6797,-7.3275,-5.6605,-3.6645,-2.5298,-1.2564,-0.581,-0.26292,-0.21385,-0.31198,-0.37163,-0.39115,-0.074006,0.33881,0.83951,1.3329,1.7276,1.7273,1.558,0.82102,-0.54603,-2.0014,-5.1292,-7.9349,-7.2427,-4.2632,-0.7848,0.9618,2.2301,2.9773,3.5023,3.5153,3.3762,2.8458,2.0828,1.3666,0.44058,-0.29704,-0.21349,0.46183,1.78,2.7647,4.0627,5.0589,5.773,6.1634,6.443,6.5473,6.5449,6.4343,6.3536,6.2927,6.2432,6.1989,6.0753,5.908,5.529,4.9273,4.2986,3.3205,1.8869,0.42918,-0.96796,-2.5626,-3.2754,-2.7259,-0.8906,1.3164,2.892,4.738,6.3114,7.6135,8.3808,9.1968,9.7148,9.9182,9.9317,9.663,9.2266,8.4278,7.2977,5.8896,4.6572,2.8747,1.0141,-0.29948,-1.9328,-3.2196,-4.1232
1.5204,1.4652,1.3977,1.5838,1.4928,1.5753,1.3036,1.1894,0.75694,0.046241,-0.77164,-1.8612,-3.1953,-5.7435,-7.8545,-13.798,-21.296,-14.863,-8.1923,-4.4513,-1.7704,-0.4912,0.91454,1.7297,2.173,2.3716,2.3217,2.0619,1.5624,0.87655,0.11616,-0.40418,-1.0622,-1.5881,-1.9588,-2.4872,-3.2512,-4.2814,-5.2662,-6.8003,-8.2829,-8.4762,-6.8615,-4.2507,-1.5076,1.017,3.5922,5.3006,6.4767,7.5358,8.2185,8.4691,8.4398,8.0518,7.5229,6.5186,5.2782,3.814,2.8831,1.9629,1.8774,2.1707,2.9725,3.8417,4.6968,5.2148,5.7499,6.038,6.0767,5.8701,5.3852,4.8191,4.0248,3.2748,3.0816,3.3534,4.1697,5.225,6.0205,7.0085,7.9046,8.5214,9.2626,9.9184,10.463,10.794,11.119,11.292,11.311,11.189,10.836,10.266,9.6121,8.5692,6.9651,5.6854,3.123,0.20878,-2.7126,-6.341,-7.0298,-5.6804,-4.3128,-3.6072,-3.3362,-3.7823,-4.4776,-6.1599,-7.3527,-10.197,-13.777,-18.583,-15.83,-9.6802,-6.1035,-3.8336,-2.0086,-0.54931,0.25205,0.72329,1.0372,1.2227,1.3123,1.4421,1.6462,1.8304,2.1263,2.4011,2.6692,2.721,2.7259,2.5183,2.3466,1.9478,2.1161,1.9965,2.7933,3.281,3.9739,4.3511,4.7115,4.9168,4.8372,4.7353,4.4944,4.2168,4.0992,3.9358,4.0716,4.2556,4.7675,5.4413,5.9931,6.7693,7.4927,8.1532,8.5433,8.9876,9.2872,9.427,9.5249,9.4925,9.3994,9.1802,8.822,8.3281,7.8538,7.0766,6.1485,5.3826,4.2433,3.1622,2.0667,1.4772,0.89886,0.83663,1.0794,1.7904,2.8509,3.7452,5.0371,6.3238,7.4779,8.2954,9.1277,9.7719,10.081,10.264,10.171,9.9255,9.3569,8.4945,7.3953,6.3721,4.8316,2.9717,1.4179,-1.164,-4.4706,-9.554
-1.4029,-1.7692,-2.2418,-1.7059,-1.7299,-1.037,-0.97571,-0.93587,-1.1885,-1.6661,-2.3959,-2.9522,-4.1474,-5.0289,-6.309,-6.996,-7.4399,-6.504,-4.6406,-2.6882,-0.64846,0.42314,1.7682,2.6336,3.1447,3.5142,3.6501,3.6352,3.4379,3.121,2.6412,2.2636,1.6517,0.96488,0.35581,-0.61048,-1.7519,-3.1232,-4.2625,-5.6527,-6.5802,-6.1444,-5.0718,-2.2162,-0.8189,1.9305,3.8227,5.6193,6.6485,7.6739,8.2877,8.4862,8.3383,7.8083,7.0041,5.5481,3.2261,-0.13246,-4.1153,-12.347,-7.447,-2.6538,0.98108,3.3935,4.999,5.8978,6.7815,7.3536,7.6096,7.7642,7.73,7.6085,7.3451,7.0541,6.7296,6.5188,6.2783,6.0711,5.9954,6.0502,6.4556,6.9868,7.9533,9.0129,10.027,10.686,11.365,11.822,11.991,12.006,11.758,11.255,10.724,9.7319,8.6241,7.4559,6.0517,4.2596,3.1495,1.607,0.35737,-0.49308,-1.2139,-2.199,-3.2518,-4.7006,-6.3284,-8.651,-9.7499,-10.904,-10.24,-8.875,-7.6507,-5.5184,-3.7152,-2.2571,-0.98632,0.096892,0.67048,0.86288,0.83335,0.48972,0.18307,-0.33467,-0.51611,-0.47647,0.13359,0.98281,1.9963,2.6495,3.4306,4.0646,4.3846,4.8746,5.1064,5.3874,5.5652,5.6215,5.7953,5.5877,5.4765,5.0085,4.7227,4.1033,3.6085,3.2322,3.121,3.2541,3.7098,4.1391,4.9121,5.6988,6.3748,7.1884,8.0082,8.7486,9.2524,9.8284,10.282,10.523,10.731,10.753,10.659,10.357,9.8445,9.1092,8.3915,7.2226,5.8041,4.5942,2.7879,1.0599,-0.56919,-1.3684,-1.9159,-1.8681,-1.4955,-0.68712,0.39931,1.4273,2.924,4.491,5.9974,6.9874,8.1604,9.0559,9.5529,9.9643,10.076,10.004,9.609,8.9873,8.0812,7.2611,5.9228,4.3522,3.0321,1.0605,-1.0181,-2.9978
-9.8552,-14.474,-11.793,-8.1383,-5.8604,-4.5727,-3.5701,-3.6015,-3.7617,-4.2063,-4.8793,-5.22,-5.7129,-5.7835,-5.363,-4.8867,-3.6839,-3.0806,-1.5714,-0.34861,0.90815,1.7741,2.68,3.4376,3.7671,4.106,4.1925,4.1671,3.9955,3.7229,3.4038,3.0836,2.632,2.0376,1.4926,0.5512,-0.73417,-2.5511,-4.4668,-8.474,-18.001,-22.052,-8.0613,-3.2578,0.031542,2.5674,4.8626,6.5371,7.4796,8.4166,8.9804,9.1425,9.0717,8.5936,7.9794,6.839,5.2276,3.4084,1.9253,0.703,0.9484,1.8014,3.3801,4.7676,5.9628,6.7047,7.5008,8.1032,8.436,8.7281,8.841,8.8348,8.6339,8.271,7.6625,7.0281,5.8615,4.1968,2.5235,-0.11973,-1.3396,0.35046,3.7209,6.5699,8.6827,9.8882,11.062,11.825,12.163,12.315,12.191,11.777,11.324,10.491,9.4778,8.6537,7.3747,6.2092,5.1319,3.9827,2.7046,1.5784,0.58231,-0.688,-2.6086,-3.9713,-7.3031,-12.083,-18.666,-19.114,-11.196,-6.5551,-4.816,-2.4767,-0.83025,0.04007,1.0105,1.3936,1.5324,1.2326,0.45014,-0.93528,-2.5883,-5.6131,-10.056,-10.916,-6.614,-2.6765,0.006451,1.5858,3.1438,4.3228,5.0104,5.73,6.1218,6.4754,6.4626,6.5482,6.1629,5.8467,5.046,3.9255,2.9283,1.1936,-0.81521,-2.5165,-3.0946,-2.1582,-0.6073,0.74286,2.2188,3.5558,4.4112,5.5449,6.6005,7.6075,8.337,9.2029,9.9408,10.386,10.783,10.978,10.956,10.694,10.154,9.2898,8.4214,6.906,4.9174,3.0167,-0.11462,-4.5128,-10.31,-14.047,-11.591,-9.204,-8.3926,-7.9312,-6.8391,-5.0421,-1.8867,1.0441,3.5743,5.0907,6.7812,8.0287,8.7301,9.3581,9.6747,9.6937,9.4874,9.009,8.2496,7.5309,6.3696,5.0578,3.9764,2.5714,1.3,0.35202
-4.9971,-6.2219,-6.3415,-5.8867,-4.5184,-4.4815,-4.4044,-4.8288,-5.9406,-7.6355,-9.6412,-11.848,-12.373,-11.519,-8.9911,-6.5926,-3.9983,-2.5849,-0.73266,0.81849,1.9827,2.807,3.5222,4.0576,4.2404,4.2796,4.0918,3.798,3.3454,2.8714,2.5522,2.4041,2.3477,2.3375,2.2883,2.1012,1.675,1.0267,0.42633,-0.37043,-0.73417,-0.416,0.66791,2.6863,3.8807,5.7239,7.2503,8.4201,9.1965,9.9442,10.414,10.59,10.596,10.299,9.9768,9.268,8.4713,7.6059,6.9467,6.3073,5.8509,5.7684,5.8578,6.1763,6.6753,7.0952,7.6848,8.2441,8.6203,9.0094,9.2639,9.3393,9.3121,9.0475,8.567,7.9889,6.865,5.2404,3.5716,0.964,-0.23283,1.3391,4.6059,7.376,9.4414,10.604,11.735,12.439,12.735,12.842,12.644,12.18,11.637,10.791,9.6252,8.7556,7.3537,5.9139,4.9878,3.6846,2.8087,1.9546,1.5061,0.84636,0.14159,-0.53783,-1.3776,-2.3308,-2.5809,-2.4045,-1.5541,-0.19834,0.73304,1.9268,2.8782,3.3399,3.8153,3.8946,3.6438,3.2419,2.2926,0.93218,-0.45576,-2.6408,-4.5464,-4.9587,-3.4413,-1.1562,0.83789,2.1604,3.5639,4.7135,5.4501,6.0992,6.7457,6.8533,7.0854,6.9656,6.4793,6.0806,5.0026,3.6501,2.1269,-0.43694,-4.4154,-10.636,-14.454,-8.4529,-4.1627,-2.2943,-0.65855,0.45509,1.1272,2.1394,3.4263,4.9946,6.1842,7.7079,8.9973,9.7949,10.583,11.072,11.23,11.174,10.789,10.071,9.3008,7.9258,6.1169,4.4531,1.6909,-1.4913,-4.8935,-6.7402,-7.5958,-8.0485,-9.1175,-12.409,-15.217,-10.271,-4.226,-0.1049,2.8372,4.6208,6.3906,7.747,8.4862,9.1801,9.5544,9.6182,9.4922,9.0307,8.3148,7.5663,6.3256,4.7812,3.3893,1.3597,-0.82337,-2.432
1.3343,0.55419,-0.068239,-0.79945,-1.4315,-2.0845,-3.4785,-4.411,-6.3502,-8.6512,-12.327,-14.323,-17.158,-14.789,-10.496,-7.2593,-4.3052,-2.2966,-0.38147,1.4093,2.6513,3.3953,4.0914,4.3458,4.3665,3.9266,3.0637,2.0917,0.36059,-1.5312,-2.6908,-2.2503,-0.69322,0.99608,2.0071,2.9917,3.6446,4.0548,4.2746,4.5473,4.9289,5.2319,6.0041,6.74,7.4234,8.381,9.1688,10.035,10.525,11.098,11.474,11.645,11.663,11.503,11.23,10.683,9.9702,9.0332,8.2798,7.127,5.9317,5.1352,4.2625,4.02,4.3483,4.9098,5.8026,6.6897,7.275,7.9322,8.4541,8.7412,9.0375,9.1967,9.226,9.1661,8.9841,8.7301,8.5532,8.4769,8.6918,9.1082,9.9177,10.853,11.759,12.32,12.891,13.21,13.276,13.141,12.722,12.04,11.353,10.148,8.7568,7.3375,5.4323,3.0132,1.2225,-0.92718,-1.7144,-1.0536,-0.1434,0.86376,1.8265,2.2157,2.715,3.2254,3.3959,3.9447,4.4403,4.8958,5.4506,5.8404,6.2398,6.4391,6.4839,6.4339,6.0847,5.7144,5.0661,4.191,3.5665,2.6432,1.9142,1.606,1.4354,1.6589,2.1486,2.6519,3.4698,4.3513,4.9583,5.7873,6.3973,6.7013,7.0283,6.8966,6.7471,6.3192,5.6188,4.6907,3.7323,2.3671,0.94734,-0.26182,-0.90184,-1.1634,-1.2796,-1.4492,-2.1059,-3.7431,-5.5561,-7.9246,-4.6435,0.048158,2.8941,5.7353,7.8545,9.0525,10.257,11.036,11.393,11.579,11.451,11.036,10.529,9.63,8.4744,7.4542,6.0017,4.3812,2.9412,1.9366,0.78486,-0.10495,-0.59354,-0.89905,-0.61828,0.014022,1.3763,2.9318,4.4964,5.5258,6.7762,7.769,8.3537,8.9161,9.2116,9.2962,9.1401,8.7417,8.0748,7.3818,6.1544,4.4988,2.9037,0.029255,-4.3656,-12.319
3.1215,2.5353,1.6723,0.90876,-0.25763,-1.2767,-2.9067,-4.4085,-6.4234,-8.685,-11.016,-12.013,-11.868,-11.105,-8.8128,-6.6559,-4.1763,-2.4057,-0.58018,1.1736,2.4372,3.1564,3.8762,4.108,4.0871,3.5538,2.4306,1.1442,-1.5738,-5.9501,-10.72,-8.041,-3.0538,0.094751,1.6679,3.0989,4.0454,4.659,4.994,5.3637,5.7093,5.9523,6.4867,6.849,7.426,7.9689,8.5831,9.2645,9.6687,10.189,10.602,10.818,10.936,10.901,10.679,10.217,9.4555,8.3036,7.2329,5.2593,2.5514,-0.1738,-5.45,-8.6386,-4.0686,-1.1506,1.3669,2.9656,3.7703,4.5835,5.23,5.6938,6.3178,6.97,7.5685,8.0078,8.5477,9.0265,9.3815,9.8413,10.325,10.712,11.227,11.721,12.146,12.385,12.569,12.572,12.429,12.044,11.419,10.533,9.7184,8.3131,6.6758,5.1366,2.6001,-0.42739,-4.1525,-11.037,-12.603,-5.653,-2.6801,0.082599,2.0435,3.0378,4.1607,5.0917,5.5122,6.1552,6.6203,6.9349,7.2313,7.3657,7.4639,7.4886,7.3276,7.1316,6.7588,6.3727,5.7953,5.0227,4.4038,3.4466,2.341,1.5218,0.279,-0.81258,-1.4336,-1.4054,-0.47055,0.90878,1.9218,3.3453,4.2019,4.9107,5.335,5.4636,5.5609,5.2575,4.8889,4.3316,3.7735,3.0514,2.3362,1.7236,1.2867,0.84021,0.29847,-0.17451,-1.0422,-2.4574,-3.5115,-4.3118,-2.5522,0.56833,2.7836,5.2144,7.1303,8.2408,9.3847,10.164,10.558,10.834,10.867,10.673,10.383,9.8486,9.1492,8.5341,7.6549,6.6592,5.6726,4.994,4.1172,3.3735,2.9311,2.5434,2.4161,2.4917,2.8629,3.451,4.1915,4.7637,5.5496,6.2281,6.6684,7.096,7.3339,7.4131,7.2891,7.0296,6.5638,6.1047,5.3617,4.4343,3.6684,2.5335,1.4837,0.83618
2.1033,1.7544,0.99113,0.18583,-0.50849,-1.9603,-3.3597,-5.0164,-7.4403,-11.012,-16.56,-24.653,-22.108,-14.591,-10.806,-7.5406,-5.2397,-3.4125,-1.6812,-0.13301,1.2855,2.0344,2.9181,3.4945,3.6634,3.6817,3.3545,2.9114,2.2047,1.5089,1.1259,1.2104,1.6519,2.2551,2.6623,3.0288,3.1867,3.1499,3.038,2.8457,2.6759,2.7624,2.7755,3.1719,3.5344,4.0406,4.8082,5.4364,6.0112,6.7064,7.4003,7.8185,8.2945,8.5573,8.5739,8.4105,7.891,7.0277,6.1505,4.521,2.4613,0.6085,-1.9245,-3.1788,-2.637,-1.8317,-0.96779,-0.71267,-0.84758,-1.2337,-1.4622,-1.1324,-0.060697,1.4935,3.0011,4.0156,5.1846,6.1718,6.8281,7.5943,8.2917,8.759,9.3124,9.771,10.088,10.239,10.273,10.116,9.8598,9.3048,8.5327,7.5255,6.6295,5.3208,3.7163,2.6542,0.96871,-0.66261,-1.4601,-2.4747,-2.4106,-1.5811,-0.70707,0.68601,1.8998,2.8912,3.8262,4.6567,5.1966,5.6611,6.0496,6.3039,6.2973,6.3393,6.1797,6.0235,5.765,5.3775,5.0051,4.6555,4.0893,3.4449,2.779,1.7228,0.30082,-1.1741,-3.7662,-7.9957,-17.197,-21.782,-9.4053,-4.6759,-2.3245,-0.40305,0.97614,1.7737,2.2134,2.6593,2.6024,2.4102,2.0574,1.3784,0.92349,0.23002,-0.35576,-0.73887,-0.78464,-0.71832,-0.48038,-0.22759,0.045183,0.37996,0.69567,1.294,2.1712,3.2582,4.1096,5.2463,6.2338,6.8626,7.541,8.0333,8.2797,8.4683,8.5143,8.4123,8.2586,7.9287,7.4689,7.0589,6.3779,5.6531,4.7932,4.1065,3.1816,2.2125,1.5126,0.61802,-0.1227,-0.48737,-0.70461,-0.41116,0.16082,0.81354,1.6379,2.41,2.8873,3.3197,3.5541,3.5539,3.4405,3.2013,2.8765,2.6468,2.4078,2.2324,2.1932,2.1793,2.289,2.5157
-0.45492,-0.60482,-0.7545,-1.3155,-1.5517,-2.3202,-3.4962,-4.2408,-5.7959,-7.4436,-9.0966,-9.9593,-10.024,-9.5532,-8.7022,-7.2776,-6.073,-4.9577,-3.4606,-2.031,-0.51094,0.52101,1.6953,2.6996,3.2447,3.7818,4.0951,4.1778,4.178,4.0902,3.9376,3.8145,3.6051,3.2964,2.9658,2.3483,1.4544,0.26684,-0.82311,-2.4507,-3.9353,-4.6045,-4.7255,-3.8207,-3.5398,-2.5237,-1.8854,-1.0241,-0.14816,1.1703,2.536,3.5507,4.6907,5.5367,6.0352,6.354,6.387,6.1652,5.7704,5.0682,4.1986,3.4368,2.4713,1.5882,0.74752,0.088169,-1.0236,-2.6825,-4.526,-8.606,-18.188,-21.823,-9.5602,-4.825,-2.0498,-0.62937,0.77243,1.8782,2.5779,3.4788,4.3325,4.9436,5.6939,6.3102,6.759,6.9584,7.0244,6.8287,6.515,5.8532,4.8971,3.6767,2.5705,0.91571,-0.71087,-2.1332,-3.2157,-4.0205,-4.1406,-3.6975,-3.1196,-2.1483,-1.2959,-0.19806,0.8536,1.649,2.5119,3.1803,3.658,4.0002,4.1759,4.166,3.9748,3.6387,3.1408,2.669,2.124,1.6092,1.2431,1.1076,0.92015,0.72532,0.48043,-0.075015,-0.88961,-1.735,-3.1474,-4.6424,-5.8148,-6.1049,-5.4129,-4.1901,-3.3538,-2.3311,-1.456,-1.3266,-0.82502,-0.7504,-1.0512,-1.1942,-1.9298,-3.0006,-3.9593,-5.7154,-7.4043,-8.1681,-7.4691,-5.6183,-3.6199,-2.3677,-0.96118,0.22857,0.91867,1.7858,2.5215,3.1565,3.5868,4.0458,4.3778,4.5536,4.6808,4.7373,4.7417,4.7391,4.7236,4.7005,4.6619,4.5306,4.29,4.0101,3.493,2.8119,1.9918,1.204,0.013235,-1.3768,-2.6085,-4.5031,-6.7866,-8.6185,-10.486,-9.9579,-7.5031,-5.755,-3.7402,-2.3071,-1.6061,-1.0557,-0.97085,-1.2029,-1.7581,-2.6451,-3.4574,-3.8166,-3.7521,-2.9988,-2.2603,-1.1517,-0.13544,0.77079
-4.4032,-4.0191,-3.3612,-2.8279,-2.8276,-2.6327,-2.8785,-3.2429,-3.8106,-4.5526,-5.2074,-5.9252,-6.6542,-7.1935,-8.0094,-8.6868,-9.0623,-9.1585,-7.5222,-5.2566,-2.909,-1.1865,0.64107,2.1274,3.0545,3.9596,4.6049,4.9424,5.1795,5.2298,5.1148,4.8945,4.4515,3.7949,3.1322,1.9679,0.38741,-1.7817,-3.9626,-8.1535,-15.629,-37.533,-15.74,-11.758,-9.8388,-9.872,-11.398,-12.103,-10.703,-6.4444,-2.8523,-0.70026,1.4623,3.1045,4.0025,4.8513,5.3906,5.6212,5.616,5.4596,5.0927,4.7229,4.1471,3.4209,2.5742,1.8447,0.67189,-0.72616,-1.9341,-3.6118,-4.947,-5.3229,-5.0225,-4.3131,-3.6989,-3.4588,-3.3611,-3.332,-3.1073,-2.3217,-1.0543,0.027053,1.3762,2.4884,3.3065,3.6903,3.9297,3.8294,3.5209,2.8158,1.7165,0.16296,-1.2996,-3.8792,-7.3095,-10.294,-15.526,-14.513,-12.345,-9.027,-6.8382,-5.0151,-3.8314,-2.3711,-1.0321,-0.28986,0.76461,1.4887,1.8488,2.2031,2.1804,1.8181,1.4638,0.45525,-0.86159,-2.0524,-3.9591,-5.2948,-5.4748,-4.7832,-3.4391,-2.3776,-1.7553,-1.3034,-1.2289,-1.2985,-1.6311,-2.0886,-2.5052,-2.8033,-3.1271,-3.3719,-3.5944,-3.7318,-4.099,-4.1572,-4.1645,-4.3911,-4.2926,-4.4281,-4.9981,-5.8449,-7.1475,-9.7197,-14.38,-18.879,-14.391,-8.8968,-5.4679,-3.5569,-1.6862,-0.34354,0.47459,1.2592,1.7978,2.1202,2.2144,2.1349,1.8472,1.4859,0.84633,0.12045,-0.35096,-0.73155,-0.71349,-0.36515,-0.048902,0.33376,0.52654,0.48989,0.24389,-0.33959,-1.2124,-1.9765,-3.3175,-4.8843,-6.2687,-8.4611,-11.243,-13.896,-17.693,-16.078,-11.809,-9.2335,-6.7602,-5.1534,-4.4037,-3.9576,-4.1803,-4.7396,-6.2955,-8.95,-13.631,-19.771,-17.526,-10.882,-7.8917,-5.1977,-3.2881,-1.8323
-11.675,-8.9386,-6.4665,-4.558,-3.8186,-3.1218,-2.6488,-2.6764,-2.7998,-3.1456,-3.7138,-4.179,-5.2067,-6.5274,-7.7913,-10.71,-16.203,-24.366,-15.234,-8.3552,-4.2899,-1.9949,0.32003,2.047,3.077,4.1236,4.8566,5.2403,5.537,5.608,5.4795,5.2531,4.7756,4.0935,3.4353,2.3362,0.96525,-0.70729,-2.1561,-4.2692,-6.2258,-7.3369,-8.2063,-8.2565,-8.4559,-9.655,-11.263,-12.313,-11.09,-7.4203,-4.0544,-2.0655,0.14944,1.7816,2.7162,3.7319,4.4137,4.8333,5.0476,5.1279,5.0374,4.8969,4.5581,4.0999,3.537,3.0382,2.2904,1.4549,0.80914,-0.063786,-0.88035,-1.4739,-2.2024,-3.0629,-4.2292,-5.4742,-8.0109,-12.522,-17.914,-14.793,-8.3952,-5.4383,-2.7511,-0.95576,0.21327,0.78503,1.1857,1.237,1.038,0.452,-0.50144,-1.8792,-3.2681,-5.4771,-8.3513,-11.131,-13.755,-14.11,-13.832,-11.961,-10.232,-8.702,-7.3036,-5.5194,-3.802,-2.7043,-1.454,-0.45896,-0.022769,0.36166,0.38573,0.019494,-0.5513,-1.7383,-3.6329,-5.6783,-9.837,-17.84,-16.534,-10.92,-6.7118,-4.2666,-3.0769,-2.0095,-1.4311,-1.2454,-1.2181,-1.4709,-1.9504,-2.4093,-3.2635,-4.4072,-5.3902,-7.1333,-9.256,-10.04,-10.979,-9.7141,-8.1162,-7.4058,-6.4716,-6.0854,-6.1605,-6.2883,-6.47,-6.24,-5.695,-4.6236,-3.3324,-2.4222,-1.3561,-0.51578,-0.018826,0.43015,0.6664,0.65754,0.45548,-0.072416,-0.99148,-2.0113,-3.9185,-6.706,-9.4846,-12.767,-10.922,-7.5796,-5.7356,-4.1039,-3.2182,-2.9189,-2.98,-3.455,-4.3891,-5.3154,-6.8011,-8.5496,-9.794,-11.185,-11.873,-11.972,-11.41,-10.39,-8.9472,-7.7657,-6.4694,-5.4402,-4.9244,-4.6707,-4.8698,-5.3294,-6.4359,-7.98,-9.6854,-10.63,-10.676,-9.4494,-8.3327,-7.0035,-5.8196,-4.7641
-10.373,-8.4411,-6.4605,-4.9351,-3.9763,-3.3696,-2.9859,-2.7975,-2.8336,-2.9936,-3.3537,-3.6287,-4.0697,-4.7589,-5.271,-5.8687,-6.3114,-6.2869,-5.2667,-3.6251,-1.8438,-0.54329,1.0271,2.2977,3.0669,3.8907,4.4609,4.7296,4.9222,4.9218,4.7365,4.5056,4.0593,3.472,2.9488,2.1537,1.2524,0.2797,-0.47781,-1.4605,-2.3557,-3.0387,-3.6422,-4.0622,-4.6128,-4.8925,-4.9103,-4.7434,-4.3884,-3.468,-2.3601,-1.4577,-0.34452,0.65041,1.3434,2.0757,2.6509,3.096,3.3222,3.4902,3.5573,3.5213,3.3704,3.1461,2.8276,2.5295,2.0761,1.5628,1.1382,0.53313,-0.12169,-0.65596,-1.4659,-2.4083,-3.5856,-4.656,-6.3326,-8.051,-8.8559,-8.5464,-7.0179,-5.7082,-4.205,-3.0941,-2.3185,-1.914,-1.601,-1.4958,-1.5354,-1.8014,-2.3168,-3.0821,-3.8539,-5.1987,-6.6387,-7.8501,-9.7991,-11.579,-12.991,-15.832,-18.276,-16.727,-13.631,-9.9686,-7.1089,-5.4276,-3.8607,-2.638,-1.9862,-1.5323,-1.3164,-1.3778,-1.7662,-2.3723,-3.2352,-4.1006,-5.1729,-5.819,-5.8252,-5.4356,-4.4746,-3.4735,-2.8754,-2.2127,-1.7796,-1.6542,-1.6658,-1.9022,-2.4223,-3.0116,-4.0624,-5.5565,-6.9835,-9.8543,-14.13,-18.433,-20.863,-14.733,-10.951,-8.7408,-6.999,-5.9084,-5.1957,-4.6105,-4.0914,-3.6567,-3.3605,-2.9037,-2.4657,-2.2044,-1.8536,-1.563,-1.4479,-1.3165,-1.3017,-1.438,-1.6588,-2.1702,-3.0441,-3.9643,-5.6899,-8.0069,-10.061,-12.015,-11.196,-9.0476,-7.6255,-6.3343,-5.6494,-5.463,-5.677,-6.3185,-7.3368,-8.5892,-10.782,-14.046,-17.651,-23.606,-20.322,-16.299,-12.663,-10.16,-8.2356,-7.1539,-5.9416,-5.1035,-4.6994,-4.4387,-4.4747,-4.7196,-5.2033,-5.8619,-6.5697,-7.0737,-7.6613,-8.1758,-8.6409,-9.3013,-10.125,-10.645
-4.908,-4.5142,-3.9964,-3.6776,-3.3541,-3.1951,-3.3163,-3.389,-3.6316,-3.903,-4.0595,-4.2034,-4.1537,-3.9449,-3.8016,-3.4171,-2.8427,-2.3699,-1.5876,-0.64376,0.34273,1.0247,1.9029,2.6509,3.0924,3.5312,3.793,3.8677,3.8169,3.6176,3.2859,2.9605,2.4591,1.9056,1.4725,0.89227,0.3303,-0.20547,-0.58018,-1.0448,-1.4771,-1.7611,-2.0436,-2.432,-2.6345,-2.768,-2.9483,-3.016,-2.913,-2.7516,-2.4192,-2.1244,-1.6813,-1.1287,-0.73922,-0.26118,0.20479,0.57494,0.74956,0.95175,1.0543,1.0593,1.0535,0.97915,0.84563,0.71977,0.50213,0.23575,-0.0078052,-0.35959,-0.76428,-1.0788,-1.5656,-2.0901,-2.6397,-3.0756,-3.6433,-4.1178,-4.3722,-4.5513,-4.5652,-4.5378,-4.5414,-4.6238,-4.7723,-4.8821,-4.8971,-4.7419,-4.5229,-4.1859,-3.9688,-3.9851,-4.1296,-4.6045,-5.4778,-6.133,-7.4005,-9.2711,-10.797,-13.179,-15.442,-14.855,-12.701,-9.8037,-7.6111,-6.2324,-4.8903,-3.9918,-3.405,-2.9322,-2.683,-2.6177,-2.5877,-2.7546,-2.9936,-3.1504,-3.4131,-3.583,-3.5813,-3.4893,-3.2849,-2.9956,-2.747,-2.4921,-2.2989,-2.2106,-2.2577,-2.4556,-2.8285,-3.2632,-4.0358,-4.9896,-5.8693,-7.1879,-8.249,-8.8212,-9.2628,-8.7311,-7.6309,-6.9106,-5.9211,-4.9915,-4.4259,-3.8539,-3.4208,-3.1484,-3.02,-2.9868,-3.1165,-3.2629,-3.5694,-3.9034,-4.0985,-4.2444,-4.2239,-4.0726,-3.9308,-3.8573,-3.9503,-4.1654,-4.6203,-5.2142,-5.6489,-6.1065,-6.3242,-6.3603,-6.3454,-6.3776,-6.5334,-6.7836,-7.2061,-7.8348,-8.6907,-9.4342,-10.781,-12.457,-13.748,-14.817,-13.978,-12.467,-10.252,-8.3112,-6.8223,-5.8742,-4.9375,-4.3038,-4.0138,-3.8377,-3.9241,-4.136,-4.5607,-5.1257,-5.8336,-6.4267,-7.2889,-8.3879,-9.4156,-11.298,-14.424,-20.642
-1.7984,-1.8684,-1.9242,-2.12,-2.4995,-2.9379,-3.6131,-4.3755,-5.3878,-6.3949,-6.9452,-6.901,-6.2855,-5.0581,-4.092,-2.8948,-1.7223,-0.88794,0.047177,0.91216,1.7002,2.1924,2.719,3.1151,3.3017,3.3812,3.2844,3.1059,2.7035,2.1451,1.4766,0.90807,0.13061,-0.60575,-1.0883,-1.5914,-1.8953,-2.0242,-2.0353,-2.0015,-1.9629,-1.8755,-1.9603,-2.1178,-2.101,-2.4086,-2.8168,-3.1949,-3.5003,-3.9507,-4.3015,-4.4589,-4.3658,-4.0485,-3.7237,-3.1483,-2.6702,-2.3488,-2.161,-2.0488,-2.0559,-2.0463,-2.0167,-1.9644,-1.8666,-1.7954,-1.7558,-1.8071,-1.8854,-2.0527,-2.2317,-2.3588,-2.4433,-2.4944,-2.5098,-2.5098,-2.5376,-2.6211,-2.7522,-3.0224,-3.4729,-3.9817,-4.9525,-6.3556,-8.2936,-9.989,-11.495,-10.509,-8.8086,-6.6321,-5.0127,-3.9731,-3.5197,-3.2069,-3.2631,-3.6189,-4.071,-4.6676,-5.32,-5.9888,-6.3566,-6.3833,-6.1951,-5.7563,-5.3175,-4.9598,-4.6072,-4.4262,-4.3363,-4.1338,-4.0123,-3.8897,-3.6735,-3.5432,-3.4884,-3.4336,-3.4362,-3.55,-3.6431,-3.6463,-3.6733,-3.6173,-3.4789,-3.2757,-3.0655,-2.896,-2.758,-2.7665,-2.9095,-3.0943,-3.4998,-4.0267,-4.5188,-5.0546,-5.5172,-5.995,-6.0894,-5.8638,-5.5499,-5.2704,-4.5949,-3.9582,-3.5952,-3.0961,-2.8269,-2.7297,-2.8048,-3.1898,-3.8849,-4.6171,-5.989,-7.7658,-9.0403,-10.091,-9.4228,-7.7473,-6.5116,-5.1646,-4.2144,-3.7732,-3.4502,-3.4058,-3.5128,-3.807,-4.2664,-4.8834,-5.4744,-6.388,-7.4028,-8.1422,-8.895,-9.2122,-9.2836,-9.1199,-8.8723,-8.615,-8.3944,-7.9496,-7.3211,-6.7238,-5.7989,-4.8885,-4.0474,-3.5283,-3.0131,-2.6959,-2.6047,-2.6953,-3.0145,-3.3696,-4.0329,-4.8398,-5.699,-6.3295,-7.1324,-7.8418,-8.2779,-8.8867,-9.3678,-9.4797
0.048183,-0.13842,-0.48506,-0.88223,-1.3913,-2.3855,-3.681,-5.0216,-7.6688,-11.773,-19.47,-19.024,-11.633,-7.3036,-4.9309,-2.749,-1.1153,-0.060451,1.0602,1.9192,2.5839,2.9965,3.3348,3.4662,3.4408,3.2142,2.754,2.2547,1.399,0.31189,-0.99692,-2.0859,-3.6451,-5.2027,-6.1863,-6.9136,-6.7891,-5.9907,-5.2229,-4.2109,-3.3532,-2.9232,-2.5558,-2.2876,-2.3977,-2.789,-3.336,-4.2396,-5.2748,-6.8669,-8.8699,-10.224,-10.8,-9.7134,-8.2768,-6.7067,-5.7316,-5.2688,-5.2299,-5.6728,-6.3404,-6.7576,-6.99,-6.501,-5.6665,-5.1039,-4.5942,-4.4543,-4.5633,-4.9316,-5.3035,-5.4337,-5.1726,-4.4821,-3.6291,-3.0036,-2.3103,-1.8529,-1.6757,-1.6879,-2.0339,-2.5391,-3.6196,-5.3284,-7.9709,-10.716,-14.27,-11.929,-8.7712,-5.6131,-3.4929,-2.0902,-1.4207,-0.87452,-0.57475,-0.57184,-0.77147,-1.0029,-1.1877,-1.5981,-1.9533,-2.2608,-2.544,-2.9503,-3.4065,-3.9627,-4.7848,-5.6322,-6.3896,-7.0453,-7.0049,-6.3807,-5.9467,-5.1545,-4.6028,-4.4646,-4.4278,-4.631,-5.0992,-5.5456,-5.9957,-6.1811,-6.097,-5.5417,-4.8127,-4.3017,-3.6721,-3.2556,-3.0908,-3.114,-3.3104,-3.7398,-4.1356,-4.7338,-5.5257,-6.0142,-6.2962,-6.4569,-6.1926,-5.4998,-4.6559,-3.7986,-3.1474,-2.4818,-2.0427,-1.8902,-2.0088,-2.4674,-3.3413,-4.3965,-6.4339,-9.6367,-13.329,-19.921,-14.536,-9.3747,-6.8846,-4.6433,-3.1732,-2.417,-1.7882,-1.5066,-1.5172,-1.8076,-2.4364,-3.4546,-4.5111,-6.4528,-9.2211,-12.004,-16.298,-15.855,-11.964,-9.8174,-7.6645,-6.1766,-5.335,-4.4096,-3.6428,-3.1109,-2.4962,-1.9241,-1.4158,-1.1482,-0.87066,-0.78492,-0.865,-1.2066,-1.826,-2.4964,-3.7136,-5.2759,-7.0202,-8.2489,-9.294,-9.152,-8.5388,-7.4922,-6.4331,-5.4278
0.19435,0.15302,-0.011171,-0.24423,-0.4845,-1.2567,-2.2698,-3.1312,-4.7637,-6.5498,-7.7267,-7.7829,-6.542,-4.6678,-3.1635,-1.6425,-0.38796,0.50051,1.4554,2.1701,2.6995,3.0333,3.2412,3.1977,3.0178,2.5459,1.7721,0.96308,-0.37205,-2.0531,-4.1467,-5.9915,-8.9295,-12.762,-16.904,-25.268,-18.392,-12.388,-9.5832,-6.9167,-5.051,-4.2478,-3.3357,-2.7586,-2.879,-3.1911,-3.726,-4.7849,-6.094,-8.3961,-11.995,-16.144,-19.407,-13.762,-10.597,-8.1141,-6.8285,-6.4858,-6.8743,-8.5375,-11.904,-16.543,-25.289,-14.193,-9.5997,-7.7813,-6.5728,-6.4665,-7.0868,-8.9567,-12.38,-15.583,-14.047,-9.1964,-5.8664,-4.1044,-2.435,-1.3262,-0.76515,-0.33452,-0.20352,-0.27663,-0.57448,-1.0534,-1.6133,-1.9549,-2.105,-1.7714,-1.2848,-0.44119,0.3724,1.0181,1.3377,1.5672,1.6622,1.6331,1.3854,1.1156,0.98766,0.6209,0.22217,-0.21205,-0.64196,-1.4013,-2.3826,-3.4916,-5.5231,-8.3711,-11.482,-18.847,-17.28,-11.446,-9.1535,-6.8166,-5.6377,-5.3858,-5.4814,-6.1168,-7.5398,-9.3533,-12.447,-15.299,-14.664,-10.963,-8.0171,-6.5179,-5.0394,-4.1202,-3.689,-3.6197,-3.7796,-4.3263,-4.8698,-5.9888,-7.8193,-9.3344,-11.477,-13.281,-11.65,-9.1666,-6.7322,-4.6815,-3.4062,-2.238,-1.3975,-0.95571,-0.88011,-1.0003,-1.4117,-1.9512,-2.8627,-3.8464,-4.4456,-4.8826,-4.5958,-3.755,-2.9207,-1.8635,-0.95518,-0.39403,0.1368,0.43888,0.48992,0.29638,-0.21689,-1.0959,-2.0115,-3.7018,-5.9451,-7.9309,-10.15,-10.004,-8.034,-6.5161,-4.7563,-3.488,-2.7951,-2.1076,-1.5867,-1.2502,-0.8663,-0.47267,-0.091733,0.15853,0.4564,0.59736,0.55776,0.24366,-0.42481,-1.2224,-2.8358,-5.2592,-9.0876,-13.952,-36.737,-14.788,-10.36,-6.9752,-4.9225,-3.5303
-1.7535,-1.1474,-0.51608,-0.22311,0.021979,0.035195,-0.29134,-0.66914,-1.1011,-1.5889,-1.9629,-1.9892,-1.9256,-1.6802,-1.3282,-0.76711,-0.20988,0.21167,0.9065,1.5457,2.0661,2.3478,2.5994,2.5809,2.3527,1.7777,0.84454,-0.13311,-1.8409,-4.0464,-6.7894,-9.1385,-12.424,-15.138,-16.282,-16.236,-14.323,-11.435,-9.3611,-7.0262,-5.319,-4.2504,-3.2597,-2.8958,-2.9231,-2.9331,-3.3034,-4.0035,-4.5929,-5.4346,-6.2405,-6.5172,-6.476,-5.9376,-5.4012,-4.5352,-3.9272,-3.7892,-4.1269,-4.9399,-6.0831,-6.8891,-7.3566,-6.6243,-5.4191,-4.6669,-4.1586,-4.267,-4.8297,-6.1393,-7.9247,-8.9589,-8.3845,-6.1658,-3.9586,-2.6113,-1.2236,-0.22463,0.32976,0.88918,1.3029,1.5549,1.8249,2.0462,2.2678,2.4296,2.6846,2.9798,3.1935,3.4542,3.6238,3.6684,3.6021,3.3254,2.8515,2.5402,2.0103,1.4243,1.099,0.91776,0.76141,0.57305,0.39397,-0.016214,-0.77644,-1.5303,-2.9495,-4.8722,-6.4837,-8.1655,-8.3897,-7.2205,-6.2417,-5.1386,-4.4648,-4.284,-4.5498,-5.3288,-6.6806,-8.1126,-10.612,-12.589,-12.153,-9.7285,-7.3908,-6.1483,-5.0039,-4.3169,-4.0175,-4.0359,-4.2923,-4.7521,-5.1999,-6.4201,-8.2606,-9.5851,-12.617,-15.124,-12.56,-9.7671,-6.457,-4.0957,-2.8259,-1.5083,-0.56227,0.038218,0.32534,0.51412,0.45842,0.30313,-0.0027354,-0.33442,-0.59581,-0.82732,-0.86967,-0.68625,-0.43335,0.056786,0.6495,1.1026,1.6524,2.084,2.3054,2.4114,2.297,1.9613,1.5646,0.89328,0.13644,-0.38101,-0.9206,-1.1431,-1.0554,-0.91883,-0.7153,-0.57171,-0.5756,-0.7484,-1.0358,-1.2877,-1.4559,-1.3124,-0.79146,-0.15546,0.68671,1.4098,1.7849,2.0169,1.8783,1.4799,0.6474,-0.55949,-2.0205,-3.0696,-3.9332,-3.8437,-3.3223,-2.5571,-1.9718,-1.6466
-4.702,-2.6568,-0.81534,0.24897,0.59688,1.0571,1.2263,1.1117,0.92249,0.65301,0.22646,-0.1001,-0.52724,-1.0645,-1.6401,-2.0334,-2.0577,-1.9363,-1.2293,-0.15056,0.89633,1.4563,2.0428,2.3298,2.2956,1.8767,1.0443,0.15997,-1.5274,-3.8455,-7.0379,-10.238,-17.006,-32.729,-20.451,-13.921,-10.413,-7.8809,-6.3667,-4.7731,-3.5329,-2.7948,-2.4309,-2.3938,-2.1881,-2.5241,-3.2043,-3.79,-3.9326,-3.9313,-3.5756,-3.0908,-2.3484,-1.5106,-0.82115,-0.074551,0.46709,0.78144,0.89331,0.93476,0.85897,0.75336,0.70834,0.78698,0.9224,1.0087,1.0292,0.88963,0.6975,0.34405,0.017642,-0.11885,-0.11405,0.10134,0.42103,0.63618,0.86732,1.0186,1.1209,1.3454,1.7469,2.1748,2.8811,3.6571,4.4132,4.9272,5.5043,5.9389,6.182,6.3209,6.2475,5.923,5.5067,4.6895,3.4855,2.229,0.49599,-1.0922,-1.9442,-1.6291,-0.43956,0.69498,1.329,1.8232,1.8755,1.6681,1.2649,0.64836,0.019389,-0.6666,-1.1359,-1.3407,-1.4165,-1.611,-1.7114,-1.7097,-1.8704,-2.2115,-2.6475,-2.9317,-3.3032,-3.538,-3.6293,-3.486,-3.2799,-3.1861,-3.3291,-3.7209,-4.2117,-4.538,-4.8726,-4.9129,-4.9671,-4.9989,-4.9353,-4.8564,-5.0964,-5.0496,-4.4313,-3.4995,-2.4474,-1.5115,-0.80872,0.031431,0.67416,1.2357,1.5782,1.8209,1.8874,1.8551,1.6466,1.2437,0.81701,0.22672,-0.36687,-0.75727,-0.81484,-0.37168,0.51752,1.3307,2.4274,3.3594,3.9198,4.4713,4.7908,4.9009,4.8553,4.7026,4.4506,4.2245,3.9065,3.5836,3.3011,3.0869,2.6542,2.0361,1.402,0.21657,-1.5559,-3.4217,-6.5621,-8.1678,-5.0619,-2.3312,0.55019,2.5925,3.689,4.6864,5.2347,5.4026,5.3644,5.0699,4.6328,4.2529,3.7471,3.2729,2.9134,2.3399,1.5788,0.47988
-1.5015,-0.59538,0.38607,1.1169,1.2617,1.3826,1.5045,1.5994,1.3929,1.0972,0.67327,0.045228,-1.0336,-2.5487,-4.1058,-7.4353,-11.502,-11.128,-7.1466,-3.501,-0.95699,0.39827,1.5612,2.2348,2.4818,2.4431,2.0077,1.4273,0.36734,-1.0336,-2.7122,-4.0688,-5.6842,-6.601,-6.6204,-5.863,-4.7623,-3.6317,-2.8565,-1.9991,-1.3728,-1.3015,-1.2831,-1.4759,-1.9508,-3.3436,-5.2678,-7.4546,-8.7844,-7.9379,-5.0449,-3.0925,-0.75864,1.0917,2.1822,3.2816,4.0982,4.6948,5.0506,5.3093,5.4132,5.4304,5.4421,5.3998,5.3257,5.2521,5.1426,4.9934,4.8754,4.6782,4.4541,4.2783,3.979,3.5889,3.0567,2.5098,1.509,0.18724,-0.92808,-2.1189,-1.9378,-0.7643,1.3489,3.3463,4.9782,5.9811,7.0119,7.7317,8.085,8.3109,8.2462,7.851,7.2919,6.1688,4.5177,2.7722,-0.88927,-7.5977,-16.332,-6.8992,-1.2661,1.6831,2.9867,4.081,4.6561,4.7599,4.5857,4.1846,3.8182,3.082,2.2274,1.2809,0.61236,-0.15751,-0.74863,-1.0038,-0.90648,-0.53752,-0.11557,0.1158,0.40226,0.56599,0.5989,0.41715,-0.065678,-0.64549,-1.8597,-3.7777,-6.5797,-9.1391,-10.675,-8.4953,-6.4263,-4.0786,-2.6099,-2.2314,-1.616,-1.0649,-0.66864,-0.58253,-0.46245,-0.26257,-0.043296,0.2538,0.68603,1.221,1.5819,2.0238,2.3369,2.3963,2.2011,1.6103,0.90032,-0.59794,-2.9171,-6.3551,-8.7036,-6.9349,-2.747,-0.2581,2.2244,3.9868,4.9481,5.873,6.4533,6.7602,6.8599,6.8354,6.6991,6.5352,6.2904,6.0046,5.6437,5.3423,4.8698,4.2077,3.5463,2.3809,0.74322,-0.86728,-3.3089,-4.2557,-1.8698,0.56618,3.3647,5.4993,6.732,7.9573,8.7931,9.2163,9.4902,9.5202,9.3368,9.0824,8.6033,7.9511,7.3273,6.3227,5.0423,3.3809
1.8544,1.5046,0.92287,0.34783,0.1967,-0.27218,-0.51848,-0.41607,-0.23175,-0.19789,-0.30178,-0.52459,-1.316,-2.65,-3.774,-5.7845,-7.5074,-7.6472,-5.6106,-3.1313,-1.084,0.16995,1.264,1.9293,2.2218,2.3945,2.3076,2.0588,1.5803,0.92493,0.21055,-0.3395,-1.0057,-1.5005,-1.704,-1.7602,-1.5817,-1.295,-1.0271,-0.67054,-0.46487,-0.3596,-0.28286,-0.59732,-1.4863,-2.859,-4.8324,-7.7575,-9.824,-8.432,-4.2643,-1.5231,1.1801,3.1796,4.302,5.5262,6.4183,7.0227,7.2919,7.4742,7.5035,7.4643,7.2938,7.0558,6.8024,6.6242,6.422,6.2832,6.1932,6.1007,5.9737,5.8136,5.5029,4.9939,4.1887,3.336,1.7082,-0.78862,-3.5947,-10.024,-11.271,-5.3067,-0.37862,2.7459,4.9344,6.1733,7.4363,8.3367,8.7875,9.1606,9.2585,9.0889,8.7795,8.1055,7.1341,6.3239,5.1471,4.135,3.6555,3.8588,4.6651,5.585,6.1982,6.7453,7.0107,7.0343,6.7287,6.1268,5.5153,4.4445,3.0144,1.0761,-0.84265,-3.5663,-6.1297,-6.7308,-4.7894,-2.1611,-0.11603,0.9747,2.0543,2.7336,3.0305,3.0436,2.6469,2.0092,0.72681,-1.1956,-3.9097,-6.2359,-7.7573,-5.8136,-3.7609,-1.8423,-0.63777,0.056898,0.56706,0.61583,0.23601,-0.41085,-1.2666,-2.2348,-3.0757,-3.7247,-3.255,-2.064,-0.95411,0.45128,1.4765,1.9256,2.1571,1.9465,1.4985,0.33639,-1.416,-3.6028,-4.7135,-3.6706,-0.86431,1.1111,3.2334,4.7995,5.6471,6.4155,6.8354,6.9684,6.9219,6.682,6.3423,6.0765,5.7493,5.5156,5.3288,5.1807,5.0397,4.8697,4.7003,4.412,4.1348,4.0118,4.05,4.4905,5.3979,6.3007,7.6041,8.8877,9.7612,10.747,11.494,11.885,12.202,12.291,12.152,11.913,11.412,10.709,10.048,9.0058,7.766,6.3567
3.387,2.2498,0.30491,-2.3869,-4.6834,-6.6026,-6.4119,-5.4038,-3.4248,-2.1119,-1.4317,-1.0174,-0.77103,-0.78928,-1.1057,-1.3112,-1.3256,-1.0236,-0.64259,-0.13336,0.38198,0.77126,1.2303,1.5595,1.696,1.8205,1.8734,1.8743,1.7308,1.4669,1.0563,0.66721,0.085157,-0.51846,-0.93972,-1.4217,-1.6737,-1.6456,-1.4671,-1.0695,-0.57902,-0.040725,0.29083,0.35624,0.32788,0.39065,0.35583,0.37588,0.54774,1.3161,2.5229,3.5239,4.8676,6.085,6.9067,7.7483,8.3283,8.6378,8.6863,8.5926,8.2923,7.9313,7.2838,6.5586,5.8537,5.4222,5.0626,5.0169,5.1455,5.4513,5.7698,5.9372,6.0227,5.899,5.5249,5.0697,4.2569,3.2661,2.5331,1.835,1.8553,2.3766,3.5113,4.8206,6.0678,6.8936,7.8575,8.6395,9.107,9.5531,9.8127,9.9063,9.8958,9.7633,9.524,9.2232,8.9475,8.7891,8.7933,8.8017,8.9266,9.1036,9.2493,9.3113,9.1846,8.9804,8.5464,7.8348,7.0397,5.7541,4.0991,1.9724,0.11309,-3.3246,-7.2079,-8.0137,-4.7093,-1.3317,1.1963,2.678,4.11,5.102,5.5773,5.9463,5.9959,5.834,5.3554,4.6686,3.8927,3.4122,2.9974,2.8929,2.8347,2.9195,2.9719,3.0417,2.6339,1.8618,0.7606,-0.1801,-1.969,-4.8684,-8.5346,-19.391,-14.791,-6.5418,-3.2602,-0.53282,1.2107,2.139,2.9119,3.3008,3.3585,3.2867,3.1132,3.0422,3.1744,3.609,4.3182,4.9608,5.7787,6.4511,6.8074,7.0227,6.9389,6.5381,6.0125,5.0945,3.9702,3.1398,2.2896,2.0226,2.4021,2.861,3.4027,3.8609,4.138,4.4589,4.8455,5.2448,5.9724,6.943,8.0706,8.9548,10.176,11.32,12.089,12.959,13.622,13.971,14.259,14.314,14.149,13.877,13.323,12.562,11.87,10.767,9.4865,8.0739
5.3018,3.8333,1.3175,-1.9836,-5.1639,-9.6298,-8.7573,-6.8682,-4.4768,-2.9965,-2.0697,-1.6446,-0.95357,-0.26511,0.086795,0.43018,0.63811,0.82369,0.93627,0.85719,0.58859,0.20728,-0.17735,-0.40458,-0.42359,-0.25571,0.098277,0.42397,0.73409,0.84559,0.62788,0.25344,-0.55151,-1.7523,-2.9112,-4.6091,-6.0532,-6.1947,-5.3953,-3.8199,-2.193,-1.3937,-0.43919,0.50069,1.4468,2.2338,2.9268,3.6792,4.3006,5.2215,6.1831,6.8976,7.8183,8.6131,9.0948,9.5459,9.7736,9.7647,9.6127,9.1375,8.3298,7.4668,6.0193,4.1471,1.8911,0.16611,-1.1446,-0.35465,1.0587,2.8912,4.3661,5.2169,5.9928,6.4312,6.592,6.5475,6.3119,5.9609,5.6468,5.3085,5.0989,5.0901,5.2793,5.6836,6.2648,6.7715,7.4712,8.1377,8.5925,9.0794,9.4465,9.6964,9.8199,9.9517,10.084,10.171,10.251,10.358,10.511,10.697,10.845,10.948,10.943,10.88,10.675,10.377,9.8725,9.1786,8.5591,7.4697,6.1606,4.7778,3.7803,2.5787,1.8045,1.6445,2.088,3.0996,4.3925,5.4381,6.6665,7.7066,8.32,8.9495,9.3322,9.4884,9.4982,9.3283,9.0313,8.7315,8.2938,7.8104,7.4134,6.8408,6.1312,5.3649,4.2697,3.0884,1.8838,1.1244,-0.13299,-1.4312,-2.3743,-2.8988,-2.3901,-1.0761,0.034601,1.5246,2.6968,3.3881,4.0436,4.461,4.6664,4.9348,5.1922,5.5091,5.7937,6.2474,6.7398,7.0987,7.4972,7.7394,7.7884,7.62,7.1168,6.194,5.1579,3.1883,0.1971,-3.1379,-9.6851,-8.6172,-3.2242,-0.77303,1.0544,1.8737,2.0662,2.0467,2.1104,2.573,4.0069,5.994,8.0612,9.5289,11.228,12.651,13.532,14.471,15.151,15.504,15.742,15.738,15.503,15.173,14.539,13.683,12.9,11.647,10.162,8.4229
7.1497,6.1343,4.5295,2.7004,1.4557,-0.052587,-1.2825,-2.1843,-3.364,-4.5007,-5.1482,-5.2286,-4.2288,-2.6664,-1.2933,-0.19124,0.42052,0.40413,0.20567,-0.44492,-1.5936,-2.8042,-5.1721,-7.8746,-8.7571,-7.2468,-4.7858,-3.3257,-1.8402,-1.0325,-0.78147,-0.96542,-1.8057,-3.4142,-5.2932,-9.2635,-17.137,-18.636,-11.933,-7.5276,-5.2011,-4.03,-2.5973,-1.3664,-0.77377,0.3562,1.7547,3.2335,4.321,5.5673,6.6948,7.4806,8.3393,9.0046,9.3337,9.6211,9.6717,9.4766,9.1661,8.4442,7.3654,6.2857,4.4353,1.8894,-1.7535,-5.6437,-10.679,-6.3382,-2.8209,0.39758,2.5837,3.7799,4.9267,5.6805,6.0846,6.1838,6.0586,5.6708,5.226,4.4617,3.5584,2.8858,2.1969,2.02,2.5077,3.1987,4.2279,5.1638,5.7232,6.2905,6.6527,6.8593,6.9408,7.0717,7.3066,7.6977,8.166,8.6397,8.9336,9.4224,9.8144,10.071,10.15,10.152,10.031,9.8415,9.3676,8.7279,8.1581,7.247,6.1437,4.8844,3.772,2.4132,1.4661,1.3264,1.8437,3.0796,4.6606,5.8619,7.399,8.7197,9.5587,10.421,11.032,11.329,11.548,11.565,11.399,11.147,10.648,9.9548,9.3664,8.3205,6.9823,5.644,3.7905,1.8356,0.071653,-0.92301,-1.4908,-1.1202,-0.49036,0.25779,1.0101,1.777,2.3244,2.8826,3.2574,3.3491,3.361,3.2597,3.2287,3.235,3.5056,4.0217,4.5287,5.3032,6.0504,6.5223,7.011,7.2757,7.3059,7.1228,6.6384,5.8205,4.9834,3.4634,1.5356,-0.086213,-1.8615,-1.9921,-0.77544,0.21663,0.97378,0.87707,0.074453,-2.4645,-8.95,-19.612,-3.4331,2.8098,6.6702,8.7888,10.956,12.588,13.535,14.49,15.132,15.425,15.571,15.472,15.126,14.718,13.978,13.019,12.143,10.802,9.243,7.4277
7.2873,6.7043,5.7834,4.6925,3.582,2.1068,0.41219,-0.96992,-3.6216,-7.8432,-16.626,-21.041,-9.8558,-5.2908,-3.2013,-1.5304,-0.68504,-0.53352,-0.89222,-1.8469,-3.4468,-5.107,-8.1966,-12.242,-14.083,-11.496,-7.9502,-5.9929,-4.0756,-2.8534,-2.1752,-2.0297,-2.2816,-2.9809,-3.7699,-5.0514,-6.235,-6.8215,-6.8729,-6.8386,-7.0508,-7.0523,-7.8001,-8.5794,-8.4373,-5.8028,-2.8604,-0.33268,1.2752,3.1418,4.6236,5.4783,6.394,7.0447,7.3892,7.6125,7.5934,7.3238,6.9276,6.2177,5.2757,4.4247,3.0387,1.4654,-0.16792,-1.2337,-2.0975,-2.1576,-1.661,-0.60132,0.62677,1.547,2.6335,3.4495,3.9342,4.0636,3.9025,3.3048,2.5679,1.0508,-1.2174,-3.6733,-8.5451,-12.581,-7.6672,-4.3708,-1.5287,0.16568,0.91779,1.3675,1.2706,0.77481,0.30134,-0.21457,-0.14503,0.46729,1.9054,3.3664,4.2111,5.1669,5.8973,6.3813,6.6545,6.7817,6.7363,6.6538,6.378,5.9354,5.4064,4.6046,3.5447,2.016,0.51446,-2.4407,-7.3408,-12.705,-8.0528,-2.01,1.8324,3.9162,6.1237,7.8091,8.8139,9.8475,10.59,10.966,11.269,11.354,11.226,11.007,10.517,9.7855,9.0568,7.7853,6.107,4.5201,1.8067,-2.1167,-8.9039,-23.741,-10.37,-4.4219,-2.0926,-0.20069,0.95836,1.6577,1.9291,1.9209,1.5796,1.0787,0.053373,-1.3722,-2.6321,-4.1938,-4.2925,-2.5793,-0.89691,1.0875,2.6247,3.4928,4.3033,4.7646,4.9026,4.8489,4.5906,4.1909,3.8207,3.304,2.8164,2.4931,2.2566,2.2377,2.3792,2.4851,2.5427,2.3839,2.0743,1.4726,1.0816,1.393,2.8775,5.0405,7.1813,8.5822,10.18,11.421,12.142,12.837,13.248,13.378,13.353,13.088,12.593,12.076,11.183,10.066,9.0868,7.6426,6.0811,4.4949
5.6754,5.3929,4.904,4.299,3.8165,2.8948,1.77,0.73092,-0.66689,-2.0349,-3.0605,-3.3834,-3.0136,-2.2208,-1.735,-1.14,-0.92351,-0.88829,-1.3422,-2.1962,-3.4019,-4.6088,-6.1583,-7.5172,-8.0949,-8.128,-7.4536,-6.5774,-5.3467,-4.1522,-3.2391,-2.7816,-2.4553,-2.4776,-2.692,-3.1572,-3.7794,-4.5714,-5.2835,-6.4381,-7.9374,-9.5474,-12.991,-18.301,-19.591,-12.168,-7.4022,-4.0575,-2.0719,-0.0004073,1.5487,2.4345,3.3166,3.8641,4.1038,4.1637,4.0042,3.6543,3.2722,2.6823,1.9524,1.3188,0.285,-0.94991,-2.3664,-3.5414,-5.1237,-6.2788,-6.4845,-5.5527,-3.7954,-2.4118,-0.76242,0.44433,1.202,1.4735,1.4436,0.95868,0.28386,-1.0399,-2.8595,-4.5425,-6.8627,-8.0443,-7.1052,-5.7832,-4.2325,-3.222,-2.8866,-3.0492,-4.0123,-6.0414,-8.6638,-15.71,-20.112,-12.064,-6.3848,-3.1889,-1.5125,-0.17274,0.67091,1.1739,1.3778,1.4687,1.395,1.2581,1.23,1.1862,1.1508,0.8942,0.44079,-0.31553,-1.1803,-2.4752,-3.8261,-4.1597,-3.1387,-0.86552,1.5165,3.0771,4.8721,6.3125,7.1819,8.107,8.7801,9.1404,9.4254,9.5144,9.4194,9.2333,8.8416,8.2758,7.6669,6.6861,5.4467,4.4417,2.7396,0.81672,-0.98567,-1.9062,-1.9634,-1.2095,-0.55578,0.24601,0.70323,0.7889,0.60547,0.12801,-0.72388,-1.5762,-3.2113,-5.591,-8.2479,-13.754,-15.474,-9.0321,-5.7755,-2.7915,-0.83049,0.13812,0.91734,1.238,1.2362,0.97179,0.55773,0.17241,-0.0036605,0.042455,0.34877,0.71321,1.2742,1.8488,2.3649,2.6863,3.072,3.3785,3.5867,3.8881,4.2994,4.7305,5.4542,6.3197,7.2475,7.9307,8.7168,9.3477,9.6962,9.9763,10.046,9.9691,9.6923,9.2153,8.5515,7.9125,6.8638,5.5458,4.3659,2.4677,0.20649,-2.1756
