3.3083,3.3807,3.4142,3.3676,3.3059,3.1596,2.9427,2.7325,2.3977,1.9846,1.4839,1.0496,0.39366,-0.32632,-0.96077,-1.8983,-2.9025,-3.7115,-4.7865,-5.7803,-6.3683,-6.5814,-6.5267,-6.2074,-5.87,-5.3824,-4.9171,-4.6518,-4.3138,-4.2057,-4.1971,-4.2735,-4.4643,-4.7159,-4.9489,-5.2147,-5.4358,-5.5072,-5.3881,-4.9643,-4.2206,-3.5365,-2.4683,-1.3615,-0.54275,0.49452,1.4292,2.2472,2.7788,3.3739,3.8502,4.1229,4.3876,4.5554,4.5913,4.5651,4.4001,4.1343,3.8593,3.4293,2.9427,2.588,2.1844,1.9504,2.01,2.2544,2.8284,3.594,4.2215,5.072,5.8736,6.4259,7.1049,7.6929,8.185,8.5042,8.8308,9.0733,9.1982,9.2907,9.3098,9.28,9.1922,9.042,8.8387,8.6449,8.3581,8.0413,7.7997,7.5067,7.268,7.1016,7.0586,7.1376,7.3624,7.6293,8.0933,8.6567,9.1199,9.7361,10.349,10.938,11.351,11.864,12.321,12.625,12.977,13.261,13.429,13.594,13.694,13.73,13.71,13.621,13.467,13.31,13.045,12.705,12.291,11.936,11.397,10.772,10.245,9.4589,8.5705,7.827,6.7323,5.4887,4.0871,2.9101,1.1542,-0.91662,-2.6814,-5.2759,-7.5789,-8.2275,-7.1571,-5.2032,-3.406,-2.255,-1.0046,-0.022882,0.56169,1.1693,1.6222,1.9554,2.1309,2.2974,2.4017,2.4726,2.5613,2.6417,2.7103,2.8147,2.9597,3.1491,3.3119,3.5344,3.7838,3.9684,4.1859,4.3849,4.4772,4.5457,4.5563,4.5032,4.4247,4.2453,3.9679,3.7164,3.2918,2.7422,2.1114,1.552,0.69579,-0.34447,-1.2613,-2.7145,-4.4603,-6.0321,-8.5608,-11.673,-14.653,-14.994,-12.589,-9.8118,-8.1727,-6.4292,-5.1003,-4.2838,-3.3993,-2.6997,-2.1748,-1.8751,-1.5799,-1.3639,-1.2792,-1.2816,-1.3407,-1.512
-1.0681,-0.61032,-0.072152,0.36109,0.63665,0.9305,1.1504,1.2661,1.3636,1.4004,1.3818,1.3336,1.2279,1.085,0.95624,0.75918,0.54121,0.36229,0.12146,-0.12844,-0.38762,-0.58276,-0.84384,-1.1248,-1.3435,-1.6607,-2.0039,-2.2848,-2.6922,-3.1153,-3.5427,-3.8486,-4.2103,-4.4838,-4.5951,-4.6038,-4.4301,-4.0769,-3.7155,-3.1274,-2.456,-1.9182,-1.1768,-0.42659,0.12378,0.82949,1.4927,2.0893,2.4883,2.9437,3.3045,3.5117,3.692,3.761,3.7334,3.5874,3.3106,2.8949,2.4879,1.8282,1.0539,0.42919,-0.39154,-1.0518,-1.3436,-1.2473,-0.72288,0.099016,0.78154,1.6888,2.5169,3.0712,3.7053,4.2236,4.6358,4.8798,5.1233,5.2798,5.3443,5.3601,5.3039,5.2086,5.0126,4.7296,4.3478,3.9836,3.3816,2.6116,1.9094,0.77282,-0.62412,-2.2675,-3.571,-4.8614,-4.7198,-3.5964,-1.5468,0.48269,1.8444,3.425,4.7716,5.9169,6.6657,7.533,8.2772,8.7611,9.3182,9.7839,10.076,10.393,10.629,10.786,10.854,10.876,10.815,10.716,10.51,10.218,9.8411,9.5002,8.9678,8.3474,7.825,7.057,6.2093,5.5279,4.5692,3.5733,2.5629,1.8171,0.87548,0.048389,-0.47309,-0.98846,-1.2766,-1.3424,-1.246,-1.002,-0.67103,-0.40408,-0.069785,0.19819,0.33795,0.41633,0.34354,0.098943,-0.21573,-0.83639,-1.7256,-2.6093,-4.1385,-6.1728,-8.0618,-10.622,-11.066,-8.6764,-6.5543,-4.135,-2.2249,-1.0673,0.17729,1.1518,1.7344,2.3483,2.7955,3.1013,3.2429,3.3316,3.3143,3.2307,3.0342,2.7514,2.3761,2.04,1.518,0.92234,0.43734,-0.24836,-0.94815,-1.469,-2.1369,-2.7253,-3.221,-3.5306,-3.9089,-4.2755,-4.5936,-5.1138,-5.8172,-6.5206,-7.7677,-9.4945,-11.899,-14.321,-17.901,-17.746,-14.95,-11.525,-8.9917,-7.1626
-2.3971,-1.8183,-1.2136,-0.77455,-0.53351,-0.30251,-0.143,-0.066384,0.028786,0.12355,0.23839,0.33757,0.49686,0.67466,0.81857,0.99615,1.1503,1.24,1.3144,1.3298,1.2771,1.177,0.97291,0.67822,0.38466,-0.1098,-0.73133,-1.2906,-2.2005,-3.3374,-4.7355,-6.0375,-8.2246,-11.181,-14.104,-17.942,-15.698,-11.384,-8.8255,-6.1776,-4.1071,-2.8157,-1.3466,-0.095697,0.72836,1.6947,2.5284,3.2469,3.7201,4.269,4.7265,5.0184,5.337,5.5765,5.7064,5.8164,5.8614,5.8452,5.7964,5.6899,5.5543,5.4391,5.2792,5.1196,4.9665,4.867,4.742,4.6171,4.5148,4.3556,4.1573,3.9754,3.6654,3.2823,2.8198,2.4264,1.8679,1.3091,0.94595,0.59725,0.49096,0.58826,0.92544,1.4035,1.9347,2.3206,2.7812,3.1615,3.3917,3.6408,3.8269,3.9668,4.0575,4.1819,4.3263,4.4535,4.643,4.8426,4.9928,5.1778,5.3428,5.4857,5.5975,5.748,5.9342,6.1138,6.425,6.8199,7.1603,7.6509,8.1516,8.633,8.9602,9.3315,9.6114,9.7533,9.8408,9.8114,9.6562,9.4563,9.0696,8.5388,8.0402,7.2361,6.256,5.3918,4.0421,2.4187,0.4431,-1.3473,-4.3091,-8.0479,-10.801,-10.513,-7.0052,-4.6657,-2.2486,-0.40866,1.0203,1.8844,2.8192,3.55,3.9792,4.4038,4.6808,4.8204,4.8472,4.7895,4.6477,4.5083,4.2875,4.0514,3.8867,3.7064,3.5962,3.5592,3.5773,3.6496,3.7572,3.8503,3.9689,4.0729,4.1294,4.1792,4.1883,4.1625,4.1297,4.064,3.9748,3.9125,3.8297,3.7544,3.6924,3.6555,3.6083,3.56,3.5245,3.4788,3.4275,3.3792,3.2956,3.1968,3.0702,2.9624,2.778,2.5519,2.3547,2.0435,1.6794,1.3779,0.95304,0.5283,0.14814,-0.083543,-0.26455,-0.27231,-0.16283,0.099563,0.45582,0.83912
0.3274,0.2125,-0.065758,-0.54054,-1.0415,-1.9335,-3.1452,-4.2862,-6.1253,-8.0085,-8.8421,-8.1001,-6.056,-3.8716,-2.466,-0.92689,0.27607,0.98458,1.7005,2.21,2.5227,2.6445,2.6657,2.5531,2.3843,2.047,1.6321,1.2693,0.73289,0.15717,-0.3997,-0.78738,-1.2523,-1.5901,-1.7459,-1.7789,-1.6127,-1.2611,-0.90032,-0.33298,0.29134,0.77054,1.3935,1.9883,2.407,2.919,3.3839,3.8015,4.0995,4.4817,4.8377,5.0904,5.4073,5.6937,5.8855,6.1008,6.2742,6.3935,6.4472,6.4749,6.4487,6.4005,6.301,6.1611,5.9953,5.8506,5.6395,5.3855,5.167,4.8244,4.4031,4.0194,3.3884,2.57,1.5248,0.54023,-1.1258,-3.381,-5.6411,-9.6703,-12.672,-10.211,-5.7555,-2.4652,-0.046826,1.3734,2.9167,4.1335,4.8844,5.7124,6.3677,6.8655,7.1398,7.3901,7.5075,7.5079,7.3794,7.0905,6.7504,6.1113,5.2038,3.951,2.7056,0.45276,-2.9012,-6.5218,-10.263,-5.2371,-1.6644,1.6818,4.0628,5.85,6.9149,8.0555,8.9451,9.4706,10.012,10.391,10.625,10.71,10.714,10.585,10.411,10.077,9.6309,9.2294,8.61,7.9215,7.1983,6.666,6.0383,5.574,5.3901,5.3935,5.6716,6.0177,6.5767,7.1771,7.752,8.1394,8.5827,8.9373,9.1365,9.314,9.3889,9.3664,9.2843,9.0944,8.8224,8.5739,8.1895,7.7536,7.404,6.9282,6.4535,5.9975,5.6744,5.2795,4.929,4.6868,4.3826,4.0752,3.8206,3.4268,2.9449,2.3555,1.8423,1.0576,0.21356,-0.3827,-0.94946,-1.0665,-0.60445,0.037168,1.0644,2.1158,2.8505,3.7233,4.4685,4.9227,5.4185,5.8002,6.0753,6.2221,6.3434,6.3933,6.4005,6.3699,6.3134,6.2635,6.2014,6.1496,6.1258,6.125,6.148,6.2108,6.2663,6.3559,6.446,6.5178
0.024269,-0.19049,-0.45246,-0.73737,-1.0092,-1.4624,-2.0657,-2.6061,-3.3813,-3.9955,-4.136,-3.8024,-2.8449,-1.6337,-0.71783,0.37796,1.278,1.793,2.3041,2.6036,2.7132,2.6696,2.4486,2.0703,1.6759,1.0081,0.1878,-0.51067,-1.5383,-2.6173,-3.5946,-4.1554,-4.5649,-4.4797,-4.1273,-3.4472,-2.6513,-1.8634,-1.324,-0.70309,-0.20947,0.066544,0.2909,0.35419,0.29432,0.069564,-0.29246,-0.72074,-1.0084,-1.2178,-1.1028,-0.75867,-0.035484,0.82931,1.4607,2.2076,2.7895,3.1722,3.3285,3.3723,3.2281,3.0098,2.6,2.1165,1.639,1.3502,1.101,1.0451,1.1202,1.295,1.4646,1.5481,1.5534,1.4166,1.148,0.86553,0.40922,-0.074343,-0.39838,-0.68633,-0.74019,-0.57884,-0.082912,0.68433,1.6331,2.4113,3.492,4.5349,5.2699,6.1617,6.9343,7.5703,7.9506,8.3301,8.5669,8.6454,8.6143,8.4278,8.1852,7.7222,7.1018,6.3417,5.6986,4.7908,3.9273,3.416,3.0347,3.0605,3.3155,3.8664,4.5177,5.1957,5.6946,6.3519,6.9857,7.4434,8.0226,8.552,9.0145,9.3131,9.6371,9.8743,9.9962,10.094,10.123,10.115,10.069,10.006,9.9376,9.8989,9.8772,9.8963,9.939,10.036,10.174,10.296,10.47,10.644,10.802,10.896,10.982,11.005,10.975,10.861,10.655,10.348,10.044,9.5266,8.8772,8.2946,7.3831,6.2989,5.3602,3.9511,2.3646,0.67789,-0.52662,-1.7354,-2.1545,-1.9432,-1.2735,-0.54662,-0.11095,0.23806,0.28698,0.0076308,-0.44775,-1.4296,-2.8928,-4.3363,-6.4826,-7.6005,-6.0976,-4.0961,-1.5205,0.564,1.8132,3.1382,4.1626,4.7448,5.3175,5.6871,5.8735,5.91,5.8337,5.6317,5.4151,5.0614,4.6665,4.3867,4.0812,3.9206,3.954,4.1154,4.4815,4.9728,5.383,5.9314,6.4369,6.8624
-10.181,-8.9157,-6.3381,-4.1148,-2.8221,-1.5082,-0.54746,0.0064328,0.57345,1.0115,1.3749,1.6063,1.8981,2.1442,2.2953,2.423,2.4736,2.4477,2.3219,2.0787,1.7441,1.4132,0.87362,0.20775,-0.37876,-1.322,-2.4941,-3.5651,-5.3726,-7.736,-11.038,-14.347,-17.525,-13.826,-10.695,-7.6184,-5.4596,-3.8882,-3.0094,-2.1439,-1.5826,-1.3445,-1.2948,-1.5208,-1.909,-2.7711,-4.1137,-6.1586,-8.3928,-12.797,-15.853,-12.301,-7.5872,-4.4018,-2.7156,-1.1007,-0.033032,0.5666,0.73637,0.60361,0.042541,-0.69354,-2.1951,-4.5164,-8.231,-13.123,-33.674,-12.649,-8.1398,-4.6627,-2.5374,-1.4726,-0.54571,-0.084483,-0.0068696,-0.17827,-0.72635,-1.6519,-2.6091,-4.2843,-6.4576,-8.1819,-9.1425,-7.0873,-4.0326,-1.9714,0.35579,2.2456,3.4273,4.7266,5.7627,6.572,7.0479,7.5319,7.863,8.0191,8.1153,8.097,8.0151,7.8187,7.5299,7.1619,6.838,6.3514,5.7987,5.3444,4.6624,3.8792,3.2158,2.2009,1.0151,-0.23355,-1.0276,-1.4332,-0.75916,0.25889,1.8232,3.277,4.4674,5.171,5.8738,6.3425,6.561,6.7061,6.7297,6.7012,6.6472,6.6386,6.7004,6.8107,7.0476,7.3621,7.6278,7.9945,8.3505,8.597,8.8831,9.1153,9.2923,9.3873,9.4636,9.4637,9.4189,9.2858,9.0653,8.7447,8.4298,7.8912,7.1981,6.5654,5.5481,4.3001,3.1845,1.4191,-0.73609,-3.2734,-5.2965,-7.3338,-7.1837,-5.9658,-4.1418,-2.6145,-1.7041,-0.77436,-0.10288,0.3631,0.60966,0.83439,0.9964,1.1033,1.2882,1.566,1.952,2.3006,2.8151,3.3426,3.7068,4.1257,4.4416,4.5871,4.6581,4.5655,4.3148,4.0121,3.4402,2.6497,1.8934,0.60083,-1.1289,-2.8416,-6.0132,-10.816,-13.715,-9.6508,-4.7439,-1.4131,0.45841,2.3951,3.8776,5.0173
-3.643,-3.2965,-2.355,-1.1998,-0.3698,0.6122,1.4109,1.8962,2.3908,2.7261,2.9225,2.9755,2.9282,2.741,2.5101,2.0724,1.4874,0.95259,0.1186,-0.829,-1.8169,-2.5479,-3.3707,-3.9747,-4.2601,-4.4684,-4.5809,-4.6388,-4.7703,-4.9326,-5.0937,-5.1471,-5.0633,-4.7953,-4.508,-4.0189,-3.5184,-3.0509,-2.752,-2.4432,-2.2398,-2.1353,-2.066,-2.0738,-2.1204,-2.2129,-2.3445,-2.4724,-2.5316,-2.4895,-2.2381,-1.8957,-1.3034,-0.61897,-0.12177,0.4626,0.90658,1.1594,1.214,1.1148,0.81785,0.47016,-0.11114,-0.76776,-1.3887,-1.7241,-1.8873,-1.6665,-1.3069,-0.66353,0.0072417,0.4517,0.93116,1.224,1.3124,1.2386,0.92787,0.38468,-0.16534,-1.0492,-1.9812,-2.5246,-2.7375,-2.1495,-0.94857,0.085061,1.4247,2.6123,3.3604,4.1661,4.7609,5.1594,5.3502,5.4844,5.5083,5.4698,5.3883,5.3028,5.2511,5.2098,5.1825,5.1518,5.1087,4.9901,4.7612,4.5052,4.0124,3.3041,2.6014,1.3854,-0.19966,-2.1531,-3.6677,-4.8136,-3.9181,-2.4225,-0.42696,1.174,2.3164,2.8809,3.2664,3.2617,3.0041,2.298,1.1604,0.0037543,-1.891,-3.7558,-4.3451,-3.4674,-1.4941,0.40521,1.5785,2.795,3.6732,4.142,4.5692,4.8114,4.9338,4.9763,5.008,5.0421,5.0823,5.1437,5.1941,5.2044,5.1652,5.0224,4.7497,4.4543,3.936,3.2792,2.6985,1.8366,0.92138,0.01107,-0.62965,-1.3741,-1.9329,-2.2163,-2.4301,-2.4657,-2.3661,-2.0781,-1.6557,-1.1368,-0.70228,-0.101,0.4989,0.92699,1.4673,1.9616,2.4028,2.6903,3.0023,3.2279,3.3309,3.3734,3.2851,3.1318,2.805,2.3403,1.7544,1.2301,0.45024,-0.39058,-1.0364,-1.9072,-2.7513,-3.3311,-3.9688,-4.2713,-4.0076,-3.392,-2.1547,-0.67711,0.44267,1.8292,3.0348,4.0406
1.4784,1.5489,1.7191,1.9608,2.1635,2.4392,2.69,2.8414,2.9773,3.0226,2.9537,2.8156,2.5067,2.0368,1.5628,0.73344,-0.35678,-1.3874,-3.1175,-5.4239,-8.6391,-12.131,-20.5,-22.541,-15.453,-10.849,-8.2392,-6.9385,-5.724,-4.9015,-4.36,-4.0742,-3.832,-3.719,-3.7023,-3.7513,-3.9144,-4.192,-4.4672,-4.9046,-5.3903,-5.7213,-6.0375,-6.0411,-5.8164,-5.2328,-4.4212,-3.5271,-2.8471,-1.9759,-1.1687,-0.62387,0.020945,0.57061,0.90508,1.2421,1.4419,1.5001,1.4508,1.2735,0.98464,0.72272,0.33887,-0.033957,-0.32591,-0.45262,-0.47133,-0.31069,-0.076171,0.35081,0.85255,1.2371,1.732,2.1664,2.5122,2.7084,2.8921,2.9882,3.0141,3.006,2.9903,2.999,3.0546,3.1581,3.315,3.4468,3.6193,3.7397,3.7675,3.6909,3.4599,3.0426,2.5949,1.7907,0.73862,-0.19287,-1.5046,-2.5709,-2.885,-2.4391,-1.3143,-0.030994,0.85447,1.8394,2.5822,2.9874,3.3428,3.5143,3.5337,3.4641,3.3215,3.1634,3.0708,3.0298,3.0887,3.1946,3.3777,3.5375,3.6106,3.5746,3.3661,2.9364,2.4433,1.5197,0.26868,-0.89361,-2.6501,-4.2351,-4.7846,-4.2491,-2.8674,-1.4811,-0.65262,0.10063,0.44059,0.43209,0.08095,-0.66089,-1.7711,-2.775,-4.0282,-4.5784,-4.2131,-2.989,-1.5786,-0.37559,0.34311,1.0273,1.4242,1.5474,1.505,1.2488,0.92279,0.33184,-0.42786,-1.3659,-2.1854,-3.4293,-4.9046,-6.1673,-8.049,-9.9659,-11.035,-11.076,-9.5815,-7.5783,-6.1493,-4.4671,-3.0566,-2.149,-1.1375,-0.32334,0.32888,0.71051,1.0819,1.2837,1.3269,1.2277,0.92471,0.55041,-0.14485,-1.1048,-2.3687,-3.511,-5.3245,-7.3505,-8.7667,-9.7966,-9.2761,-8.2232,-6.5947,-5.0472,-3.6396,-2.6698,-1.463,-0.35347,0.41334,1.3379,2.1378,2.8101
1.4062,1.4355,1.5296,1.6765,1.8033,1.9871,2.1622,2.2721,2.3769,2.4063,2.3499,2.2394,1.9892,1.6016,1.2278,0.59685,-0.18893,-0.88418,-1.9349,-3.11,-4.3011,-5.1129,-5.9111,-6.1921,-6.0535,-5.5818,-4.969,-4.5325,-4.048,-3.6926,-3.4909,-3.4342,-3.4882,-3.6769,-3.915,-4.37,-4.9974,-5.8316,-6.6401,-8.0562,-10.103,-12.315,-17.153,-28.582,-21.369,-13.29,-8.9707,-6.0431,-4.3584,-2.5744,-1.1873,-0.36098,0.51878,1.1545,1.4877,1.7497,1.7965,1.6322,1.3697,0.81957,0.028395,-0.72946,-1.9622,-3.3973,-4.8794,-5.7478,-6.0889,-5.2649,-4.1641,-2.554,-1.0575,-0.065628,1.0698,1.9948,2.7377,3.1814,3.6465,3.983,4.1595,4.3199,4.3986,4.4152,4.3924,4.3347,4.2386,4.1419,3.9748,3.7447,3.5193,3.1305,2.6106,1.9018,1.2108,0.012284,-1.6011,-3.1716,-5.9065,-9.2294,-10.628,-8.542,-5.2672,-2.6403,-1.1274,0.44578,1.6344,2.3326,3.0654,3.6138,3.9287,4.2484,4.4762,4.6326,4.7172,4.7967,4.8337,4.8359,4.8054,4.7296,4.592,4.4497,4.2048,3.8903,3.6143,3.2049,2.7752,2.4542,2.0668,1.773,1.5995,1.5357,1.5104,1.4927,1.4337,1.24,0.84083,0.35962,-0.57851,-1.9374,-3.826,-5.6477,-8.4177,-9.973,-9.0264,-6.4944,-4.2307,-2.5576,-1.6425,-0.78516,-0.27117,-0.067327,-0.017459,-0.18431,-0.44139,-0.94632,-1.6456,-2.5448,-3.3506,-4.6492,-6.2438,-7.647,-9.8307,-12.235,-13.702,-13.927,-12.226,-10.087,-8.6131,-6.9294,-5.5157,-4.6032,-3.5243,-2.6093,-1.8403,-1.3593,-0.84905,-0.50526,-0.36055,-0.34692,-0.54573,-0.84548,-1.4703,-2.3992,-3.6555,-4.834,-6.8114,-9.1882,-10.984,-12.199,-11.074,-9.432,-7.2796,-5.444,-3.9284,-2.9612,-1.8439,-0.89079,-0.27772,0.41336,0.96172,1.3683
-1.2717,-1.303,-1.1521,-0.79325,-0.44427,0.081295,0.58881,0.92992,1.3067,1.5766,1.7323,1.7792,1.7415,1.606,1.4372,1.145,0.78781,0.48496,0.079028,-0.33154,-0.70392,-0.94486,-1.1928,-1.3611,-1.4349,-1.4859,-1.5216,-1.5651,-1.6622,-1.8454,-2.1222,-2.4087,-2.8966,-3.4624,-3.9193,-4.5541,-5.1729,-5.7513,-6.1546,-6.6457,-7.0931,-7.3701,-7.5416,-7.2788,-6.6769,-5.4172,-3.8676,-2.2794,-1.1568,0.18212,1.3058,2.0054,2.7531,3.2948,3.5541,3.7255,3.6729,3.405,3.0454,2.335,1.3248,0.344,-1.3301,-3.5547,-6.4534,-8.8873,-10.276,-7.7598,-5.3471,-2.6625,-0.60645,0.62219,1.9508,2.9851,3.7848,4.2491,4.704,4.9899,5.101,5.1316,5.0366,4.8909,4.6191,4.2848,3.919,3.6523,3.3309,3.0679,2.9097,2.7381,2.563,2.3456,2.1394,1.787,1.3742,1.0442,0.62804,0.34102,0.26667,0.38687,0.72729,1.2101,1.6141,2.1608,2.6951,3.0707,3.5354,3.9644,4.2589,4.6168,4.914,5.1491,5.2824,5.3883,5.4165,5.3812,5.2663,5.0738,4.8175,4.5962,4.2868,3.9851,3.7906,3.5993,3.4986,3.4777,3.5133,3.6007,3.7135,3.7954,3.876,3.8953,3.8536,3.7061,3.4408,3.1557,2.6717,2.0962,1.477,1.0187,0.48127,0.10684,-0.031367,-0.062501,0.011957,0.12584,0.19373,0.21253,0.14047,0.022354,-0.21385,-0.53342,-0.82289,-1.2689,-1.7771,-2.3545,-2.8344,-3.5348,-4.2952,-4.8988,-5.6872,-6.4313,-6.8962,-7.3556,-7.6322,-7.7363,-7.6979,-7.4637,-7.0226,-6.5399,-5.718,-4.7175,-3.6723,-2.9317,-2.0276,-1.2869,-0.85079,-0.43954,-0.22461,-0.19882,-0.33174,-0.64474,-1.1126,-1.5356,-2.1506,-2.7489,-3.1326,-3.4873,-3.6349,-3.6014,-3.4077,-3.0689,-2.6201,-2.2352,-1.6672,-1.0781,-0.6423,-0.10262,0.35352,0.67908
-9.3153,-10.12,-8.5177,-5.9279,-4.2028,-2.404,-1.0535,-0.27998,0.49123,1.0207,1.3452,1.4822,1.5425,1.474,1.3688,1.1774,0.9553,0.78243,0.58716,0.44317,0.39839,0.42686,0.51605,0.64077,0.74444,0.82751,0.84003,0.77641,0.55506,0.13406,-0.49783,-1.1392,-2.2426,-3.6501,-4.917,-6.8007,-8.3823,-8.8674,-8.2576,-6.75,-5.1288,-3.9917,-2.5992,-1.327,-0.42249,0.73189,1.8464,2.911,3.6487,4.5406,5.3112,5.8109,6.3512,6.7392,6.9281,7.0432,6.9965,6.7901,6.5292,6.0561,5.4545,4.9257,4.1579,3.3849,2.7095,2.3414,2.1055,2.1971,2.4636,2.9993,3.6569,4.1805,4.8632,5.4785,5.9963,6.2998,6.5701,6.6648,6.6123,6.3615,5.8825,5.3622,4.4429,3.284,1.9494,0.94105,-0.10963,-0.42086,-0.090281,0.79157,1.7805,2.6393,3.1568,3.6667,3.9869,4.1157,4.1779,4.1322,4.0324,3.844,3.6147,3.3522,3.1538,2.9137,2.7665,2.7656,2.9365,3.2989,3.6691,4.2319,4.7843,5.268,5.5513,5.7909,5.866,5.799,5.5299,5.0617,4.3915,3.7623,2.8068,1.8432,1.2706,0.93138,1.2155,1.7742,2.737,3.7121,4.5814,5.1212,5.6932,6.096,6.289,6.4076,6.3878,6.2904,6.0556,5.7338,5.3462,5.0298,4.5786,4.1077,3.7469,3.264,2.7555,2.2018,1.7582,1.1117,0.3982,-0.15723,-0.89796,-1.5662,-1.9756,-2.3474,-2.5324,-2.5833,-2.5973,-2.6479,-2.7875,-2.9836,-3.3659,-3.9091,-4.4438,-5.3612,-6.5588,-8.1428,-9.6789,-12.322,-14.94,-14.977,-11.841,-8.4292,-5.6526,-3.9907,-2.2074,-0.81261,0.014504,0.86226,1.4675,1.7665,1.9767,1.9948,1.8374,1.6174,1.203,0.66188,0.1878,-0.52138,-1.2958,-1.9197,-2.7666,-3.5049,-3.9638,-4.0045,-3.5666,-2.6939,-1.8929,-0.80942,0.16079,0.93661
-6.5141,-7.0996,-6.1836,-4.374,-3.0928,-1.6755,-0.65266,-0.10437,0.38595,0.66237,0.76807,0.75851,0.60866,0.36364,0.069771,-0.42995,-1.0504,-1.5645,-2.1691,-2.4245,-2.1507,-1.6045,-0.57938,0.50332,1.2444,2.0572,2.618,2.8618,2.9478,2.7311,2.2062,1.5922,0.42866,-1.2198,-2.8245,-5.5466,-8.6707,-9.5855,-7.7123,-4.5829,-1.958,-0.35923,1.4012,2.865,3.8275,4.9676,5.9745,6.868,7.4725,8.1834,8.7867,9.1695,9.5751,9.8588,9.9912,10.063,10.015,9.8522,9.654,9.302,8.8455,8.448,7.8641,7.2435,6.6101,6.1634,5.6358,5.2449,5.086,5.0834,5.3496,5.7071,6.3197,6.9972,7.6315,8.0391,8.4334,8.6187,8.5947,8.3049,7.6958,7.0044,5.686,3.7941,1.055,-1.8851,-7.706,-9.2402,-4.6758,-0.42099,2.2415,4.042,5.011,5.9254,6.4947,6.7281,6.8296,6.6944,6.4265,5.8413,4.9735,3.7501,2.5671,0.5765,-1.8159,-3.4262,-3.7445,-1.7564,0.073539,2.1799,3.7979,5.0028,5.6725,6.2725,6.5761,6.5957,6.3497,5.7474,4.7235,3.5946,1.4158,-2.0597,-6.5266,-21.495,-6.9612,-2.1402,1.6416,4.0754,5.7572,6.6874,7.5881,8.1861,8.4725,8.663,8.6738,8.582,8.3369,7.9627,7.4844,7.0685,6.4638,5.8,5.2661,4.5067,3.6882,2.7814,2.0178,0.82686,-0.64458,-2.0043,-4.2573,-7.0609,-9.0943,-9.6379,-7.4356,-5.0222,-3.6302,-2.2851,-1.4387,-1.0962,-0.97797,-1.1967,-1.5786,-2.3548,-3.4284,-4.8082,-6.0358,-7.6904,-8.8181,-8.8469,-7.5083,-5.415,-3.3243,-1.8874,-0.20509,1.1892,2.0742,3.0271,3.7429,4.1231,4.4453,4.5708,4.4756,4.2749,3.8411,3.1807,2.5307,1.4203,-0.030576,-1.4163,-3.8414,-7.4706,-14.021,-28.325,-13.251,-6.8847,-4.0312,-1.3434,0.61557,2.0718
0.54585,0.25709,-0.02781,-0.18799,-0.27432,-0.41809,-0.67068,-0.93115,-1.3871,-1.9148,-2.4243,-2.7404,-3.0043,-3.1684,-3.3353,-3.8268,-4.8704,-6.2388,-9.6174,-17.987,-18.372,-9.7669,-4.2896,-0.94986,0.81406,2.5181,3.6878,4.2741,4.7238,4.8741,4.7398,4.4828,3.9741,3.3393,2.8344,2.2122,1.7848,1.6772,1.8003,2.249,2.9045,3.4692,4.2764,5.0965,5.6999,6.4883,7.2461,7.9491,8.4307,9.0143,9.5115,9.8181,10.13,10.331,10.42,10.437,10.366,10.191,10.003,9.6603,9.2069,8.7949,8.1204,7.2836,6.2402,5.2819,3.7353,1.8522,0.3138,-1.2148,-0.75126,0.80969,3.1973,5.2977,6.9611,7.9248,8.8891,9.5078,9.7701,9.8498,9.6454,9.327,8.6811,7.8454,6.9105,6.2404,5.542,5.2243,5.2696,5.6046,6.1349,6.7237,7.1355,7.6103,7.9574,8.1229,8.1717,8.0044,7.7314,7.1177,6.1688,4.8421,3.571,1.4465,-1.0414,-2.6949,-3.1852,-1.5479,0.042122,1.9412,3.4711,4.6531,5.3546,6.0906,6.5873,6.8248,6.9518,6.8428,6.5106,6.129,5.4902,4.82,4.4373,4.2845,4.6559,5.2234,6.1514,7.0554,7.8412,8.303,8.7501,8.9906,9.0476,8.9762,8.7362,8.4572,7.9688,7.3403,6.5763,5.925,4.9599,3.9253,3.1376,2.1507,1.3078,0.59687,0.11961,-0.51555,-1.3364,-2.16,-3.5903,-5.3104,-6.3483,-6.4017,-4.7812,-2.7946,-1.493,-0.16217,0.69038,1.0701,1.245,1.0931,0.78708,0.15146,-0.67709,-1.633,-2.3343,-3.1861,-3.6908,-3.7383,-3.3706,-2.4948,-1.3134,-0.35212,0.93461,2.1371,2.9394,3.8515,4.5608,4.9612,5.3211,5.4733,5.4384,5.2823,4.8871,4.2957,3.7242,2.7761,1.6183,0.6586,-0.7215,-2.062,-3.0849,-3.4199,-3.1289,-2.1483,-1.1623,0.27411,1.648,2.9152
0.48961,0.0061375,-0.64976,-1.3011,-1.8348,-2.6559,-3.6757,-4.6881,-6.5044,-9.1356,-12.88,-15.637,-14.512,-10.689,-8.5089,-6.5191,-5.3535,-4.8194,-4.3531,-3.8528,-2.9225,-1.9034,-0.31338,1.2699,2.3388,3.5138,4.382,4.8314,5.17,5.2399,5.0535,4.7862,4.2969,3.7301,3.2869,2.7425,2.3201,2.0344,1.9362,1.909,1.996,2.0969,2.292,2.5776,2.8732,3.4043,4.0648,4.8055,5.3648,6.0232,6.5602,6.8422,7.0711,7.145,7.1118,6.9856,6.7991,6.5933,6.442,6.2249,5.9751,5.7309,5.2909,4.6734,3.8122,2.9792,1.5176,-0.42526,-2.1709,-4.1756,-3.5501,-1.4205,1.563,4.0173,5.9201,7.0435,8.1876,8.9841,9.3784,9.6792,9.7292,9.6139,9.2939,8.8118,8.2082,7.7054,7.0041,6.3154,5.8448,5.3289,5.0485,5.0403,5.213,5.6424,6.1813,6.5782,6.9895,7.1994,7.2078,6.994,6.5463,5.8682,5.2342,4.2957,3.3179,2.6496,1.9117,1.4029,1.2144,1.1834,1.4615,1.9961,2.5221,3.3025,4.0586,4.5591,5.1321,5.5739,5.8869,6.0644,6.2302,6.3712,6.4767,6.6383,6.8201,6.9815,7.1902,7.3504,7.4263,7.4047,7.2526,6.969,6.663,6.1542,5.5377,5.011,4.2265,3.3397,2.3038,1.3454,-0.24099,-2.269,-4.1851,-7.2325,-9.5117,-8.5127,-6.6402,-4.4736,-2.8958,-2.0639,-1.2649,-0.66729,-0.27782,0.23788,0.82514,1.3951,1.7906,2.2029,2.4027,2.4271,2.2408,1.786,1.2631,0.30317,-1.016,-2.7352,-4.377,-7.1883,-10.694,-12.832,-11.473,-7.8987,-4.8699,-3.1092,-1.1974,0.27861,1.1675,2.0974,2.8011,3.1934,3.5521,3.7202,3.7159,3.6002,3.2949,2.81,2.3261,1.5376,0.59148,-0.19965,-1.337,-2.4506,-3.376,-3.8461,-4.054,-3.7209,-3.1544,-2.114,-0.85959,0.45004
-3.5598,-4.5146,-5.5094,-6.1279,-6.3632,-6.5884,-6.9171,-7.352,-8.1942,-9.4151,-10.622,-11.027,-10.485,-8.8287,-7.4183,-5.6262,-4.0496,-3.0228,-1.8064,-0.66576,0.41625,1.1855,2.17,3.0634,3.6505,4.2796,4.6863,4.8378,4.8076,4.4783,3.8465,3.1533,1.9527,0.44367,-0.80936,-2.3802,-3.3978,-3.565,-3.319,-2.9414,-2.8745,-3.145,-3.9813,-5.2338,-6.0737,-5.905,-4.038,-1.7546,-0.28843,1.1578,2.0127,2.3149,2.3055,1.8427,1.2378,0.23177,-0.71314,-1.1885,-1.1017,-0.61351,-0.033613,0.30998,0.57995,0.64116,0.59471,0.50435,0.4082,0.41846,0.56132,0.97715,1.7223,2.4417,3.5396,4.693,5.759,6.4692,7.2556,7.8445,8.1379,8.3459,8.3428,8.2105,7.8741,7.3341,6.5839,5.8638,4.6548,3.085,1.5904,-0.92028,-3.9495,-5.5236,-4.1022,-1.017,1.5512,3.0039,4.4115,5.335,5.7385,5.9627,5.8522,5.4474,4.9467,4.0383,2.8468,1.7522,-0.0075061,-2.1884,-4.1947,-7.0998,-8.6178,-6.9985,-4.9939,-2.6749,-0.91088,0.13124,1.1779,1.9843,2.6162,3.0168,3.4849,3.9067,4.1918,4.5302,4.7989,4.9299,5.0013,4.9204,4.6425,4.2888,3.6069,2.6737,1.8175,0.52525,-0.78888,-1.6694,-2.5288,-3.0018,-3.3409,-3.6583,-4.3966,-5.5867,-6.8298,-8.7299,-9.7306,-8.7093,-7.083,-4.8372,-2.9794,-1.8251,-0.57717,0.40368,1.0033,1.6678,2.1622,2.5325,2.7201,2.8397,2.7966,2.6342,2.2622,1.6802,1.0918,0.099532,-1.154,-2.6963,-4.0469,-6.0792,-8.0997,-8.9803,-8.6695,-7.1402,-5.4081,-4.2489,-2.9913,-2.038,-1.486,-0.95089,-0.59939,-0.4081,-0.24926,-0.13984,-0.085311,-0.105,-0.2332,-0.49696,-0.82724,-1.4967,-2.4902,-3.5045,-5.2693,-7.6899,-11.052,-14.347,-17.614,-14.858,-12.074,-9.3449,-7.3276,-5.5358
-10.382,-14.63,-23.226,-18.122,-14.064,-11.051,-9.387,-8.6343,-8.0507,-7.6843,-7.4009,-7.1334,-6.6413,-5.9546,-5.2998,-4.348,-3.263,-2.4219,-1.273,-0.1411,0.9442,1.7197,2.6671,3.4802,3.9839,4.496,4.7951,4.8494,4.6753,4.1794,3.3105,2.3547,0.55881,-2.0326,-4.7945,-10.524,-17.687,-11.117,-7.7365,-5.3858,-4.4914,-4.5076,-5.4141,-7.3064,-9.0125,-9.3572,-6.56,-3.6271,-1.9906,-0.52744,0.17876,0.2687,-0.24984,-1.5785,-3.2341,-6.7959,-13.684,-23.14,-13.088,-7.8951,-5.5357,-4.6836,-4.3187,-4.5326,-4.9654,-5.1503,-4.8072,-3.7251,-2.6268,-1.0627,0.4248,1.4498,2.6704,3.7257,4.6096,5.1542,5.7126,6.0845,6.2469,6.3,6.19,6.0052,5.6296,5.1102,4.4443,3.8338,2.8393,1.5839,0.43257,-1.3915,-3.1805,-3.8177,-2.9849,-0.87165,1.2429,2.5457,3.874,4.7918,5.2336,5.5156,5.4618,5.0931,4.6193,3.7159,2.4973,1.3475,-0.52905,-2.8329,-4.8532,-7.6214,-9.0901,-8.2323,-6.9412,-5.3428,-4.2077,-3.6039,-3.0934,-2.7952,-2.549,-2.3183,-1.8275,-1.1454,-0.55412,0.24516,0.96389,1.3791,1.7202,1.7769,1.508,1.0631,0.080431,-1.4437,-3.0579,-6.1329,-11.026,-17.667,-20.624,-12.291,-8.788,-7.2966,-6.1146,-5.5294,-5.262,-4.9875,-4.6703,-4.117,-3.5662,-2.7044,-1.7681,-1.0757,-0.2101,0.5601,1.0559,1.5974,1.9978,2.2474,2.3329,2.3101,2.1656,1.9495,1.5319,0.97305,0.47583,-0.29294,-1.1325,-2.0135,-2.6541,-3.4295,-4.0808,-4.4138,-4.6159,-4.633,-4.5293,-4.4351,-4.368,-4.4397,-4.6319,-5.04,-5.6104,-6.0756,-6.5616,-6.6281,-6.2014,-5.672,-4.9158,-4.3495,-4.0964,-4.0842,-4.4623,-5.0133,-6.1562,-7.747,-9.7352,-11.24,-12.581,-12.757,-12.581,-12.755,-14.013,-16.474
-6.6735,-7.9889,-9.2484,-9.6291,-9.4215,-8.9001,-8.4714,-8.2444,-8.1184,-8.0765,-8.0958,-8.1121,-7.9798,-7.7071,-7.3362,-6.5936,-5.5899,-4.6462,-3.2486,-1.7719,-0.32606,0.70066,1.9453,3.0275,3.7099,4.4354,4.9412,5.1686,5.2599,5.1077,4.6915,4.2248,3.3979,2.405,1.6124,0.68126,0.085654,-0.048152,0.050899,0.2936,0.50694,0.58078,0.58068,0.54674,0.57899,0.77057,1.1439,1.6301,1.9742,2.2919,2.3919,2.2655,1.8034,1.0332,0.26912,-0.89642,-1.9791,-2.7413,-3.0376,-3.2491,-3.5908,-4.1072,-5.3582,-7.6111,-11.758,-17.842,-20.139,-10.673,-7.0377,-3.8095,-1.5554,-0.25524,1.1193,2.1429,2.9116,3.3169,3.6556,3.7619,3.7132,3.4852,3.0972,2.7268,2.178,1.6638,1.2643,1.0662,0.94013,0.93241,0.98747,1.1523,1.4451,1.8858,2.3425,3.0844,3.8633,4.4192,5.0714,5.5328,5.7439,5.8289,5.6676,5.2696,4.8209,4.0257,3.0327,2.1653,0.90219,-0.42819,-1.3981,-2.5617,-3.4938,-4.1788,-4.5611,-5.0113,-5.5673,-6.1883,-7.3501,-9.1534,-11.663,-13.533,-13.224,-9.946,-7.5215,-4.9866,-3.1495,-2.1293,-1.1553,-0.59768,-0.40399,-0.49648,-0.94368,-1.7765,-2.6116,-3.9937,-5.425,-6.277,-6.8441,-6.6637,-6.1503,-5.8345,-5.5705,-5.4884,-5.4715,-5.451,-5.3248,-4.9497,-4.4858,-3.6856,-2.7517,-2.0526,-1.1817,-0.43693,0.028214,0.49912,0.82126,0.97616,0.98402,0.86484,0.57722,0.26993,-0.25681,-0.90293,-1.4609,-2.263,-3.1071,-3.9199,-4.4744,-5.0705,-5.4804,-5.6846,-5.8503,-5.9363,-6.0071,-6.1211,-6.4412,-7.0302,-7.7211,-9.1258,-11.335,-13.917,-20.081,-27.909,-16.786,-12.667,-9.3134,-7.1995,-6.093,-5.0907,-4.5023,-4.2936,-4.2746,-4.4647,-4.8383,-5.1671,-5.6179,-6.1112,-6.5623,-7.2545,-8.0632,-8.6025
-2.3114,-2.9826,-3.9068,-4.8329,-5.5442,-6.5212,-7.5975,-8.4662,-9.6313,-10.757,-11.684,-12.275,-13.045,-13.91,-14.625,-15.06,-13.685,-11.529,-8.2906,-5.3415,-2.8428,-1.2296,0.60722,2.1175,3.0671,4.1127,4.9268,5.3996,5.8462,6.1108,6.1991,6.1762,6.0426,5.83,5.6439,5.4043,5.1945,5.0272,4.9335,4.8525,4.8024,4.7748,4.7529,4.764,4.7916,4.8662,4.972,5.085,5.1614,5.2243,5.2017,5.1121,4.9002,4.5761,4.2572,3.7659,3.2046,2.6132,2.1338,1.4338,0.63102,-0.051231,-1.1101,-2.2525,-3.315,-3.8981,-4.1737,-3.8036,-3.2433,-2.3293,-1.3977,-0.73667,0.070763,0.7223,1.1819,1.3836,1.4484,1.2241,0.85476,0.074362,-1.0935,-2.2127,-3.9958,-5.7919,-6.664,-6.1746,-4.4967,-2.5952,-1.2991,0.20305,1.4669,2.5396,3.2683,4.1232,4.8319,5.2734,5.7456,6.0389,6.1401,6.0913,5.8393,5.3749,4.8843,4.0373,2.9876,2.085,0.74372,-0.68498,-1.755,-3.1011,-4.2582,-5.1026,-5.5877,-6.1009,-6.6533,-7.2233,-8.2845,-9.815,-11.632,-12.747,-12.587,-10.534,-8.7597,-6.5942,-4.9098,-3.8891,-2.7553,-1.9022,-1.2768,-0.97091,-0.73746,-0.70972,-0.80882,-1.0805,-1.4455,-1.7327,-2.1747,-2.6815,-3.2778,-3.8552,-4.8957,-6.3315,-7.7592,-10.066,-12.237,-12.203,-10.497,-7.8925,-5.7195,-4.438,-3.1398,-2.218,-1.7276,-1.319,-1.1387,-1.1422,-1.2527,-1.5227,-1.9659,-2.3883,-3.1255,-4.0552,-4.8719,-6.189,-7.6855,-9.2597,-10.376,-11.295,-11.379,-11.043,-10.275,-9.5164,-8.9001,-8.5949,-8.4401,-8.522,-8.7642,-9.3369,-10.159,-10.822,-11.568,-11.569,-10.691,-9.6373,-8.1028,-6.6768,-5.7138,-4.6177,-3.7422,-3.1951,-2.615,-2.161,-1.8142,-1.6244,-1.4439,-1.3092,-1.2298,-1.1266,-0.97311,-0.69268
0.34815,-0.29757,-1.3392,-2.6235,-3.7712,-5.6328,-7.9641,-10.149,-13.892,-18.733,-21.761,-20.429,-18.372,-17.808,-18.417,-19.955,-18.417,-14.796,-10.306,-6.7268,-3.9035,-2.1587,-0.20344,1.4015,2.4263,3.5894,4.5505,5.1471,5.8056,6.316,6.7009,6.9101,7.094,7.1856,7.2083,7.1733,7.088,6.9604,6.8454,6.6719,6.4844,6.3491,6.1945,6.0779,6.0286,6.0224,6.0894,6.2109,6.3294,6.4968,6.6449,6.7267,6.7781,6.7351,6.6438,6.4319,6.1176,5.6931,5.3084,4.6922,3.9662,3.3395,2.4218,1.4375,0.41041,-0.35292,-1.2937,-2.1079,-2.5715,-2.9043,-2.8422,-2.5459,-1.9794,-1.3481,-0.84112,-0.60175,-0.53014,-0.77245,-1.2136,-2.1695,-3.6318,-5.1116,-7.8373,-11.629,-14.601,-12.598,-8.321,-4.9915,-3.0524,-0.96832,0.70173,2.0921,2.9675,3.9349,4.7271,5.2055,5.6664,5.9527,6.0401,5.9805,5.7164,5.2117,4.6695,3.7157,2.455,1.2936,-0.59876,-2.9591,-5.1113,-8.4295,-11.483,-11.956,-10.711,-8.9613,-7.7464,-7.1871,-6.8406,-6.7851,-6.9107,-7.0158,-7.0557,-6.9654,-6.7855,-6.4618,-5.9286,-5.375,-4.4935,-3.4604,-2.4233,-1.7057,-0.87854,-0.22443,0.12291,0.42337,0.50599,0.43216,0.18427,-0.28424,-0.99326,-1.6966,-2.9361,-4.6052,-6.226,-8.799,-11.322,-11.586,-10.067,-7.6866,-5.8324,-4.8219,-3.9113,-3.4264,-3.3032,-3.385,-3.6892,-4.1353,-4.5015,-5.01,-5.4682,-5.8434,-6.4725,-7.3563,-8.2883,-9.9586,-12.412,-16.123,-20.693,-38.165,-23.776,-18.923,-15.346,-13.182,-11.8,-11.039,-10.234,-9.7022,-9.4204,-9.1678,-9.0028,-8.9071,-8.7165,-8.4463,-8.0825,-7.7073,-7.1237,-6.3634,-5.724,-4.8045,-3.8133,-3.0541,-2.0662,-1.1537,-0.32825,0.21792,0.84225,1.3564,1.6829,2.0429,2.3436,2.6051
2.5665,1.9793,1.0068,-0.21073,-1.296,-3.0003,-5.0465,-6.8256,-9.4911,-12.052,-13.369,-13.214,-12.224,-11.127,-10.364,-9.3495,-8.1906,-7.1767,-5.6887,-4.1506,-2.6582,-1.6159,-0.32932,0.8448,1.6426,2.6159,3.4975,4.1026,4.8307,5.4664,6.0178,6.3585,6.7292,6.9854,7.1024,7.1512,7.084,6.8989,6.6933,6.3142,5.8468,5.4554,4.9194,4.4416,4.1873,4.0575,4.2137,4.6344,5.0555,5.6856,6.3088,6.7346,7.2037,7.5438,7.7115,7.8041,7.7445,7.5291,7.2638,6.7626,6.0894,5.4635,4.4649,3.2389,1.7523,0.42299,-1.7439,-4.5253,-7.1578,-11.016,-11.509,-9.1343,-6.1171,-4.0253,-2.6682,-2.0294,-1.6228,-1.6245,-1.8581,-2.4626,-3.2903,-4.0349,-5.0003,-5.7251,-5.9596,-5.7023,-4.8669,-3.6306,-2.5826,-1.1594,0.17935,1.4172,2.2374,3.1828,3.9859,4.4895,5.0087,5.3717,5.5278,5.5896,5.4369,5.077,4.6485,3.8492,2.7521,1.7063,-0.026417,-2.2301,-4.2418,-7.3457,-10.12,-10.287,-9.0061,-7.1498,-5.8293,-5.1513,-4.6436,-4.501,-4.6856,-5.0104,-5.7172,-6.7943,-7.8676,-9.798,-11.827,-12.328,-10.396,-7.343,-4.6637,-3.0146,-1.2838,0.013992,0.75787,1.4794,1.9302,2.0919,2.1186,1.9427,1.5533,1.1588,0.49254,-0.28043,-0.88862,-1.6782,-2.2958,-2.6468,-2.747,-2.7721,-2.7627,-2.8238,-3.0949,-3.6605,-4.3226,-5.5387,-7.2251,-9.2102,-10.641,-11.636,-11.195,-10.503,-9.6847,-9.3412,-9.4538,-10.065,-11.12,-12.476,-13.544,-14.655,-15.07,-15.096,-14.827,-14.378,-13.778,-13.221,-12.384,-11.527,-10.933,-10.243,-9.713,-9.4282,-9.1722,-9.1222,-9.1931,-9.3391,-9.566,-9.5431,-9.2035,-8.0483,-6.3414,-4.9326,-3.0773,-1.4193,-0.0031278,0.88759,1.8775,2.6376,3.0747,3.4922,3.7383,3.8236
4.2529,3.7926,3.0423,2.1653,1.4336,0.36824,-0.74425,-1.5854,-2.6269,-3.5069,-4.1189,-4.4041,-4.5728,-4.5463,-4.427,-4.2055,-3.901,-3.6524,-3.299,-2.9235,-2.5008,-2.1649,-1.6705,-1.1068,-0.62878,0.06931,0.83053,1.4369,2.2658,3.0909,3.8634,4.39,4.9984,5.4694,5.7108,5.8851,5.8553,5.6063,5.2631,4.5832,3.6025,2.6461,1.0329,-0.94495,-2.505,-3.7956,-2.9825,-0.81209,0.88836,2.8584,4.462,5.4486,6.5059,7.3177,7.7734,8.1942,8.4094,8.4311,8.315,7.993,7.4682,6.9444,6.0488,4.9085,3.4968,2.2399,0.25077,-2.1174,-4.0773,-6.3166,-6.8317,-5.9713,-4.3672,-2.9672,-2.0115,-1.5677,-1.3232,-1.4696,-1.801,-2.5415,-3.6083,-4.6233,-6.1227,-7.582,-8.4393,-8.3303,-7.1874,-5.529,-4.2402,-2.6679,-1.2991,-0.15155,0.58686,1.4713,2.2404,2.7578,3.4013,3.9516,4.2928,4.6104,4.7622,4.7353,4.5864,4.2118,3.6407,3.0922,2.2303,1.2586,0.51039,-0.39599,-1.0985,-1.5384,-1.6795,-1.7082,-1.6366,-1.6207,-1.708,-1.9573,-2.3952,-2.8725,-3.7877,-5.0551,-6.3011,-8.417,-10.836,-11.541,-9.6454,-6.5239,-3.8139,-2.1462,-0.35438,1.0091,1.8062,2.6023,3.1477,3.4129,3.5718,3.5505,3.371,3.1423,2.7545,2.2943,1.9337,1.425,0.95086,0.50138,0.18144,-0.25214,-0.73241,-1.1677,-1.9135,-2.9245,-3.9209,-5.6882,-8.1733,-11.793,-15.476,-18.24,-14.344,-11.762,-9.5453,-8.3343,-7.877,-7.8045,-8.2016,-8.9303,-9.6801,-11.042,-12.736,-14.232,-16.77,-19.759,-20.969,-19.611,-16.896,-14.594,-13.288,-11.997,-11.118,-10.675,-10.372,-10.432,-10.967,-11.851,-14.046,-19.007,-30.284,-18.941,-11.037,-7.4981,-4.0921,-1.5802,0.33393,1.457,2.6211,3.4503,3.8684,4.1697,4.1913,3.9384
5.1321,4.7232,4.1038,3.4237,2.888,2.174,1.4889,1.0128,0.46002,-0.016626,-0.41897,-0.66144,-0.93503,-1.1995,-1.4233,-1.7639,-2.2096,-2.6268,-3.2787,-4.037,-4.8457,-5.3832,-5.8685,-5.9786,-5.7839,-5.2353,-4.4413,-3.6791,-2.4595,-1.0871,0.29345,1.27,2.3982,3.2932,3.791,4.2266,4.3731,4.2359,3.9219,3.2298,2.1649,1.069,-0.87753,-3.5824,-6.2038,-9.2661,-7.4271,-3.5821,-1.2102,1.3007,3.2629,4.4635,5.7954,6.8669,7.5064,8.1645,8.6137,8.8525,8.8988,8.792,8.4911,8.1396,7.5097,6.7113,5.7612,4.9636,3.8357,2.703,1.9207,1.0641,0.47698,0.21912,0.078386,0.092863,0.12964,0.098885,-0.05041,-0.42293,-0.89301,-1.8279,-3.2218,-4.6494,-7.4037,-11.874,-20.081,-18.928,-11.439,-7.4715,-5.5817,-3.898,-2.8523,-2.2774,-2.0157,-1.6739,-1.191,-0.65343,0.30875,1.3659,2.1191,2.9752,3.6289,4.0339,4.1846,4.2046,4.0566,3.8516,3.4806,3.0592,2.7267,2.2911,1.9124,1.5829,1.3881,1.1499,0.93056,0.74156,0.47526,0.14169,-0.24984,-0.59547,-1.0861,-1.6005,-1.9578,-2.3045,-2.4323,-2.2793,-1.7601,-0.93563,0.066579,0.84847,1.8228,2.6855,3.2324,3.8086,4.191,4.3721,4.4563,4.3683,4.1504,3.8897,3.4551,2.9472,2.5401,2.0226,1.5239,1.0642,0.758,0.39883,0.035757,-0.26379,-0.71621,-1.2773,-1.7799,-2.5737,-3.421,-4.218,-4.6649,-4.9621,-4.8425,-4.5861,-4.1625,-3.8381,-3.7319,-3.8175,-4.1959,-4.918,-5.6561,-7.0048,-8.7831,-10.475,-13.22,-16.176,-17.73,-17.167,-15.578,-14.276,-13.623,-12.979,-12.382,-11.854,-11.061,-10.23,-9.5987,-9.2874,-9.055,-8.7738,-8.2203,-6.8137,-4.8052,-3.1681,-1.0798,0.7309,2.2275,3.1521,4.0988,4.7421,5.0222,5.1266,4.908,4.3451
5.4561,4.9428,4.2089,3.4425,2.8762,2.1883,1.6336,1.3312,1.0836,1.0063,1.009,1.0308,1.0031,0.85112,0.60405,0.074348,-0.78702,-1.7022,-3.3636,-5.7219,-9.0827,-12.427,-16.917,-16.061,-14.293,-13.247,-13.363,-13.165,-10.572,-6.7491,-3.4369,-1.4497,0.58317,2.0384,2.8271,3.5056,3.8512,3.8967,3.7662,3.375,2.7863,2.2395,1.4081,0.57633,0.062192,-0.311,-0.20533,0.38631,1.0815,2.2264,3.4967,4.466,5.7309,6.8769,7.63,8.4751,9.1102,9.5365,9.7194,9.7801,9.6474,9.4264,8.9882,8.4015,7.6807,7.0744,6.1911,5.2652,4.5668,3.6596,2.8509,2.3438,1.8454,1.5533,1.454,1.4643,1.5003,1.4865,1.3744,1.0504,0.50261,-0.059126,-0.93775,-1.7858,-2.3631,-2.4853,-2.2367,-1.8065,-1.5621,-1.5469,-2.0694,-3.3104,-4.8442,-8.1167,-11.235,-9.3452,-4.7897,-1.466,0.32762,2.0521,3.1971,3.8923,4.181,4.3181,4.2327,4.0687,3.7647,3.4364,3.2049,2.9369,2.7252,2.5715,2.4717,2.3244,2.1274,1.9575,1.6764,1.3455,0.97633,0.70564,0.39694,0.19002,0.11595,0.1819,0.45726,0.74706,1.2631,1.8914,2.5766,3.0937,3.7485,4.3354,4.7063,5.0894,5.3186,5.3738,5.2979,5.0325,4.5695,4.106,3.3287,2.4029,1.6561,0.69453,-0.10249,-0.56035,-0.68128,-0.60652,-0.38771,-0.20491,-0.0076289,0.11356,0.15941,0.1777,0.18691,0.2336,0.32006,0.47052,0.68635,0.87128,1.115,1.2742,1.3179,1.2438,0.99275,0.52414,0.033624,-0.78665,-1.8283,-2.7028,-3.9471,-5.2159,-6.4147,-7.3142,-8.5941,-10.25,-11.982,-15.435,-19.455,-18.062,-13.147,-9.3986,-6.7946,-5.2959,-3.6755,-2.2725,-1.3266,-0.062426,1.2113,2.1564,3.3537,4.4636,5.4295,6.0456,6.6918,7.1178,7.2901,7.3042,7.0554,6.5162
4.7977,4.0328,2.9057,1.6386,0.61417,-0.77682,-1.863,-2.1502,-1.6688,-0.52908,0.73901,1.5457,2.3583,2.8363,2.9731,2.8033,2.2345,1.5272,0.13235,-1.8209,-4.361,-6.4835,-8.7569,-9.3986,-9.3178,-9.6203,-10.638,-11.068,-8.8934,-5.1592,-1.9852,-0.14693,1.6611,2.8801,3.4783,3.9281,4.0713,3.9882,3.8394,3.5576,3.2213,2.9425,2.5184,2.0186,1.584,0.93491,0.26025,-0.27704,-0.34082,0.29018,1.7595,3.1445,5.0099,6.669,7.7372,8.8897,9.7402,10.31,10.565,10.696,10.613,10.431,10.038,9.4932,8.8072,8.1997,7.2661,6.1652,5.2078,3.7512,2.1123,0.85475,-0.51287,-0.93297,-0.2022,0.75708,2.0574,3.1453,3.784,4.3857,4.733,4.8546,4.9061,4.8546,4.7638,4.6779,4.5283,4.2969,4.0261,3.4633,2.5918,1.346,0.13833,-1.5784,-2.5257,-2.0555,-0.2911,1.5944,2.7743,3.9238,4.6131,4.9006,4.8798,4.5639,3.9553,3.359,2.4984,1.6982,1.2864,1.1147,1.2965,1.6612,1.9112,2.154,2.2056,2.1034,1.7379,1.1663,0.43347,-0.14747,-0.84751,-1.2202,-1.1814,-0.74754,0.00898,0.67737,1.6094,2.5034,3.3338,3.8987,4.6003,5.1963,5.5682,5.939,6.1651,6.2016,6.0585,5.6749,4.9802,4.2484,2.9219,1.1211,-0.64075,-3.694,-7.1591,-8.355,-6.7013,-4.0845,-2.1307,-1.101,-0.16924,0.44333,0.78498,1.2127,1.6687,2.2179,2.6839,3.3931,4.1016,4.6132,5.2054,5.6879,5.958,6.1772,6.2254,6.1152,5.9081,5.4987,4.9314,4.4172,3.613,2.6993,1.6443,0.75742,-0.5978,-2.1947,-3.5599,-5.4039,-6.5523,-6.3186,-4.7569,-2.7715,-0.97882,0.21151,1.5826,2.7791,3.5867,4.5782,5.505,6.1619,6.9905,7.7486,8.4264,8.8618,9.3489,9.7041,9.872,9.9509,9.8502,9.557
-0.67409,-1.4677,-2.5451,-3.9127,-5.4127,-8.5792,-15.084,-27.047,-11.931,-5.8683,-2.3727,-0.54592,1.2134,2.3854,2.962,3.3807,3.4511,3.2924,2.8401,2.1739,1.3939,0.80716,0.092398,-0.46294,-0.74727,-0.96372,-0.95911,-0.78332,-0.30461,0.37064,1.1041,1.5741,1.9858,2.0969,1.944,1.4529,0.63047,-0.36006,-1.0666,-1.641,-1.6464,-1.4337,-1.1168,-1.0703,-1.3585,-2.3273,-4.2827,-8.1512,-14.585,-17.513,-6.1568,-2.1711,1.3441,3.7511,5.0928,6.4017,7.2788,7.7736,7.9377,7.9211,7.6713,7.3609,6.8264,6.2116,5.5575,5.0249,4.2276,3.2361,2.2892,0.60337,-1.8969,-4.7122,-11.073,-15.433,-6.8163,-3.1742,-0.016509,2.0584,3.1976,4.3153,5.1124,5.5486,5.9558,6.1978,6.3218,6.3456,6.2869,6.1211,5.9277,5.585,5.1605,4.6693,4.3065,3.9054,3.6594,3.628,3.7123,3.8963,4.0206,4.0821,3.9224,3.4865,2.9344,1.8452,0.25866,-1.3591,-4.3313,-8.5483,-11.793,-10.459,-6.5344,-3.8634,-2.5829,-1.5086,-1.0516,-1.0962,-1.6101,-2.7174,-4.5125,-6.4796,-10.224,-14.569,-13.787,-9.4848,-6.3321,-4.6352,-2.9717,-1.7645,-0.77966,-0.12357,0.72063,1.5146,2.0747,2.6931,3.1425,3.3494,3.4005,3.1874,2.6687,2.0486,0.87597,-0.73559,-2.3221,-4.9206,-7.6389,-8.5073,-7.4699,-5.532,-4.1014,-3.4504,-3.1275,-3.313,-3.6604,-4.0663,-3.7808,-2.5038,-1.1493,0.74348,2.48,3.6063,4.857,5.8577,6.4504,7.0494,7.4399,7.643,7.6789,7.5809,7.3468,7.0788,6.6025,6.0211,5.3451,4.7924,3.995,3.1915,2.6185,1.9653,1.5285,1.3779,1.4147,1.6526,2.0166,2.3354,2.7992,3.2617,3.6395,4.1576,4.689,5.1055,5.6719,6.2287,6.7682,7.1504,7.6231,8.0482,8.3178,8.6001,8.7744,8.8227
-13.746,-12.404,-10.346,-9.1381,-8.6951,-8.4755,-8.2821,-7.8211,-6.6302,-4.9434,-3.1543,-1.9106,-0.47006,0.70238,1.394,2.0878,2.5326,2.7185,2.8039,2.7309,2.5486,2.3619,2.0861,1.8065,1.614,1.4052,1.2436,1.1671,1.0998,1.0347,0.91435,0.73911,0.34248,-0.34054,-1.1172,-2.626,-4.9595,-8.7001,-13.487,-25.508,-13.368,-9.2631,-6.2649,-4.6877,-4.0835,-3.8594,-4.0769,-4.4766,-4.6291,-4.1951,-3.0032,-1.8289,-0.29316,1.0348,1.8387,2.609,3.0368,3.1226,2.9547,2.4239,1.5439,0.68542,-0.58667,-1.7424,-2.4039,-2.4679,-2.2243,-1.954,-1.8709,-2.0432,-2.4678,-2.8613,-3.211,-3.1103,-2.4179,-1.6368,-0.53317,0.52848,1.2175,1.9977,2.6351,3.0282,3.4382,3.7493,3.9573,4.0494,4.0973,4.0608,3.983,3.8145,3.5865,3.3201,3.1177,2.8433,2.5812,2.4058,2.1666,1.9202,1.6963,1.3106,0.79666,0.096617,-0.59845,-1.7792,-3.2934,-4.685,-6.8843,-9.1805,-10.351,-10.189,-8.7137,-7.1326,-6.1416,-5.2981,-4.8968,-4.8939,-5.2618,-6.1222,-7.5125,-8.8707,-10.948,-12.504,-12.541,-11.459,-10.188,-9.5342,-9.1491,-9.162,-9.2207,-8.9152,-7.8883,-6.3397,-5.1599,-3.7714,-2.7383,-2.1808,-1.7237,-1.5698,-1.639,-1.8418,-2.2659,-2.836,-3.2892,-3.9031,-4.3838,-4.6685,-4.7642,-4.8346,-5.003,-5.3385,-6.2251,-7.9338,-10.094,-15.636,-24.853,-12.604,-8.0163,-4.0588,-1.3146,0.25715,1.9464,3.2486,4.0321,4.8488,5.4503,5.8471,6.0389,6.1439,6.1103,5.9997,5.7592,5.4103,4.9805,4.6131,4.0764,3.5081,3.071,2.488,1.9163,1.4955,0.95485,0.42459,-0.071363,-0.43073,-0.85372,-1.16,-1.2828,-1.2635,-1.045,-0.78009,-0.35519,0.1266,0.63044,1.0305,1.5997,2.2125,2.7116,3.3912,4.0461,4.6213
-14.142,-13.229,-11.44,-9.9496,-9.0862,-8.1736,-7.3512,-6.6768,-5.6429,-4.4961,-3.2595,-2.3195,-1.1118,-0.018549,0.70052,1.5027,2.1138,2.4528,2.7484,2.8846,2.8776,2.7954,2.6112,2.3646,2.1476,1.836,1.5179,1.2797,0.96791,0.66018,0.32539,0.045146,-0.40974,-1.0163,-1.5948,-2.6084,-3.8403,-5.2375,-6.1773,-6.7797,-6.346,-5.5961,-4.501,-3.5968,-3.0958,-2.6504,-2.3995,-2.2312,-2.0983,-1.8595,-1.5201,-1.1996,-0.7273,-0.2546,0.032504,0.28814,0.32211,0.071066,-0.36514,-1.3743,-3.0008,-4.7944,-8.4627,-15.496,-23.975,-13.857,-8.4146,-5.577,-4.2604,-3.128,-2.4487,-2.1217,-1.8564,-1.6302,-1.4206,-1.2573,-1.0371,-0.80921,-0.62459,-0.3622,-0.088437,0.13061,0.43803,0.74118,1.002,1.1556,1.2883,1.3345,1.3083,1.1949,1.0009,0.75717,0.53772,0.22906,-0.083216,-0.33368,-0.63841,-0.97003,-1.2342,-1.637,-2.1093,-2.694,-3.1915,-3.9743,-4.8606,-5.5579,-6.4503,-7.1721,-7.5521,-7.7852,-7.7117,-7.4532,-7.1862,-6.8384,-6.5968,-6.4826,-6.5068,-6.6956,-7.048,-7.3872,-7.8793,-8.3522,-8.6447,-9.0931,-9.7084,-10.437,-12.087,-15.047,-21.355,-39.883,-19.602,-13.329,-10.657,-8.3778,-6.932,-6.2759,-5.7698,-5.5745,-5.5741,-5.6013,-5.6115,-5.5432,-5.423,-5.194,-4.9418,-4.7254,-4.5957,-4.5221,-4.6035,-4.7978,-5.2403,-5.8601,-6.3631,-6.8603,-6.7839,-5.9449,-4.9483,-3.4227,-1.8953,-0.82875,0.46092,1.5754,2.29,3.0821,3.6975,4.1455,4.3689,4.5448,4.5748,4.5232,4.3702,4.133,3.8195,3.5367,3.1078,2.6029,2.1715,1.5157,0.74541,0.077441,-0.96469,-2.1942,-3.6613,-4.9062,-6.7302,-8.4723,-9.4583,-9.8503,-9.2833,-8.6236,-7.7998,-7.2217,-6.883,-6.6989,-6.3288,-5.5367,-4.5834,-2.9807,-1.2826,0.26699
-7.6217,-7.8291,-7.9885,-8.104,-8.2033,-8.3004,-8.2192,-7.9353,-7.0885,-5.7602,-4.1889,-2.9743,-1.448,-0.10153,0.76439,1.7203,2.4539,2.8578,3.2084,3.3616,3.3327,3.2043,2.8988,2.4669,2.0789,1.4973,0.89612,0.45614,-0.061265,-0.45024,-0.68168,-0.76493,-0.80636,-0.81281,-0.83306,-0.8951,-1.0041,-1.1254,-1.1825,-1.1751,-1.0777,-0.94962,-0.76763,-0.62561,-0.58389,-0.62917,-0.79709,-1.0593,-1.2871,-1.5956,-1.8225,-1.9084,-1.843,-1.6132,-1.3778,-1.0574,-0.84476,-0.85025,-1.0281,-1.5346,-2.3773,-3.2152,-4.5047,-5.593,-5.924,-5.5047,-4.4149,-3.2374,-2.4842,-1.7041,-1.2103,-1.0081,-0.93877,-1.0709,-1.3889,-1.7415,-2.2965,-2.9387,-3.3888,-3.8256,-3.9276,-3.7596,-3.2793,-2.6913,-2.1297,-1.7861,-1.4761,-1.348,-1.3674,-1.5257,-1.8145,-2.2194,-2.5735,-3.0751,-3.56,-3.8833,-4.2294,-4.4604,-4.5774,-4.7,-4.8869,-5.1622,-5.4568,-5.9656,-6.6044,-7.1354,-7.86,-8.5136,-8.8907,-9.1849,-9.1937,-8.9628,-8.7266,-8.2769,-7.7913,-7.4404,-7.0126,-6.6408,-6.3318,-6.1742,-6.0499,-6.0441,-6.1436,-6.3875,-6.8488,-7.3451,-8.181,-9.1709,-10.031,-10.279,-9.9819,-9.1898,-8.5448,-7.8831,-7.6208,-7.6789,-8.1333,-8.9393,-9.9785,-10.639,-10.869,-10.042,-9.0143,-7.4908,-6.1214,-4.9966,-4.3366,-3.6852,-3.2854,-3.1218,-3.0724,-3.1495,-3.2588,-3.3856,-3.4502,-3.3522,-3.1319,-2.6631,-1.9694,-1.3177,-0.37622,0.57604,1.2389,2.0086,2.5965,2.9998,3.1725,3.2563,3.1978,3.0823,2.8605,2.6148,2.3629,2.173,1.8978,1.5615,1.2406,0.67701,-0.085737,-0.81468,-2.0537,-3.6817,-5.8155,-7.8555,-11.531,-17.341,-25.659,-24.439,-17.218,-14.761,-13.048,-12.557,-13.205,-14.701,-19.094,-23.3,-16.239,-9.6958,-5.4907,-2.4841
-4.7603,-4.9759,-5.5487,-6.5457,-7.6717,-9.9312,-13.522,-16.816,-15.004,-9.6232,-5.7117,-3.5163,-1.2276,0.52971,1.5738,2.6525,3.4235,3.8186,4.12,4.1706,3.9856,3.6979,3.1072,2.2849,1.5236,0.32211,-1.0581,-2.1355,-3.4441,-4.2373,-4.1567,-3.5915,-2.5219,-1.3984,-0.63369,0.25164,0.93269,1.4692,1.7777,2.0797,2.2662,2.3288,2.2983,2.1192,1.8665,1.3438,0.58638,-0.46307,-1.46,-3.0254,-4.7153,-5.7198,-6.0168,-5.0466,-3.9277,-2.5046,-1.3941,-0.62905,-0.26035,0.0091694,0.060792,0.014203,-0.091278,-0.17067,-0.13309,-0.022658,0.21502,0.49734,0.68838,0.85695,0.87073,0.74822,0.41685,-0.20844,-1.1425,-2.1007,-3.7891,-6.1184,-8.4059,-12.036,-13.481,-11.668,-8.6394,-6.4512,-5.0239,-4.3426,-3.8385,-3.7218,-3.8368,-4.224,-4.8383,-5.6874,-6.4186,-7.5599,-8.78,-9.5352,-10.134,-9.919,-9.364,-8.5114,-7.8411,-7.4694,-7.5005,-7.8475,-8.6298,-9.4604,-10.874,-12.51,-13.576,-14.311,-13.938,-12.944,-12.09,-11.04,-9.9812,-9.2029,-8.1404,-7.0564,-6.0192,-5.3196,-4.5041,-3.8714,-3.5424,-3.2422,-3.142,-3.1621,-3.2998,-3.5247,-3.7717,-3.9422,-4.1729,-4.4171,-4.6879,-5.1572,-5.9175,-6.7129,-8.246,-10.495,-14.127,-18.91,-31.607,-17.118,-12.451,-8.593,-5.9989,-4.1126,-3.0586,-2.0064,-1.3089,-0.99338,-0.83112,-0.9527,-1.2217,-1.8096,-2.6537,-3.7049,-4.4941,-5.1395,-4.8261,-3.9095,-2.2952,-0.71164,0.29582,1.3319,1.9989,2.3032,2.3154,2.0533,1.5475,1.057,0.37673,-0.15026,-0.35093,-0.27547,-0.018053,0.25539,0.3634,0.3044,-0.050348,-0.5258,-1.4608,-2.7492,-4.3704,-5.8125,-7.9323,-10.002,-11.314,-12.388,-12.692,-12.597,-12.3,-11.995,-11.87,-11.906,-11.776,-10.791,-9.2327,-6.4718,-3.7024,-1.2802
-2.5736,-2.5544,-2.9054,-3.6726,-4.5249,-6.0032,-7.6116,-8.36,-7.7735,-5.705,-3.375,-1.7875,0.00943,1.451,2.3234,3.2309,3.8556,4.1486,4.2995,4.1792,3.7843,3.3004,2.4013,1.1932,0.052655,-1.8373,-4.3263,-6.8174,-11.819,-24.114,-16.297,-10.376,-5.9403,-3.0633,-1.4504,0.21217,1.4719,2.4196,2.9536,3.4612,3.7739,3.8759,3.8376,3.5839,3.2427,2.5445,1.5164,0.043382,-1.4438,-4.1927,-8.4537,-13.59,-16.292,-9.3084,-6.1004,-3.3973,-1.6613,-0.51672,0.058852,0.57422,0.89467,1.0534,1.2213,1.3598,1.5152,1.6379,1.8013,1.9321,1.9918,1.9722,1.8202,1.5887,1.0916,0.34488,-0.70273,-1.7199,-3.4859,-5.7426,-7.8123,-10.663,-11.827,-10.891,-8.8949,-7.3272,-6.3765,-6.0463,-6.0512,-6.4542,-6.9721,-7.8999,-8.9915,-10.246,-11.344,-13.293,-16.414,-20.516,-35.683,-21.058,-16.155,-12.49,-10.363,-9.2299,-8.8901,-9.0789,-9.9683,-11.195,-13.744,-18.006,-23.631,-34.081,-22.105,-18.191,-16.767,-15.887,-15.29,-14.421,-12.286,-9.7215,-7.3567,-5.8313,-4.1455,-2.8549,-2.0845,-1.3349,-0.82269,-0.57926,-0.42841,-0.43133,-0.57242,-0.78677,-1.1728,-1.7086,-2.2192,-3.0695,-4.1,-5.0042,-6.3471,-7.7506,-8.9799,-9.6158,-9.7032,-8.7307,-7.5453,-5.7092,-3.9341,-2.3741,-1.3866,-0.33856,0.39329,0.72582,0.8798,0.6735,0.24876,-0.73546,-2.3496,-4.9557,-8.0757,-16.398,-16.784,-9.3607,-4.4783,-1.6354,-0.22689,0.97567,1.5797,1.6376,1.3444,0.4577,-1.089,-2.7746,-5.8934,-9.5982,-9.6684,-7.1291,-4.0964,-2.0758,-1.0969,-0.34216,-0.098835,-0.21669,-0.71727,-1.5634,-2.7568,-3.8442,-5.5211,-7.4544,-9.0312,-11.224,-13.264,-14.181,-13.937,-12.371,-10.481,-9.109,-7.3618,-5.6774,-4.3978,-2.6739,-0.97474,0.62859
-0.38585,-0.30681,-0.42435,-0.74408,-1.0703,-1.5433,-1.9109,-2.0447,-1.9575,-1.5313,-0.84721,-0.24058,0.62451,1.4624,2.0275,2.6522,3.0873,3.2609,3.2683,3.0045,2.4482,1.833,0.74803,-0.63825,-1.8616,-3.6878,-5.6432,-7.0594,-8.6082,-9.2656,-8.5581,-7.3133,-5.2332,-3.1977,-1.8308,-0.27954,0.97872,1.9535,2.5249,3.0942,3.4604,3.6144,3.6638,3.5346,3.315,2.8554,2.1784,1.2936,0.50079,-0.68623,-1.8405,-2.5034,-2.8994,-2.7164,-2.3289,-1.7494,-1.2509,-0.92158,-0.78892,-0.74332,-0.76132,-0.77842,-0.75182,-0.60025,-0.34818,-0.098702,0.26019,0.58565,0.77291,0.917,0.90222,0.77953,0.41819,-0.11654,-0.84558,-1.5005,-2.4935,-3.5437,-4.3209,-5.2139,-5.8045,-6.0465,-6.2396,-6.3979,-6.744,-7.2185,-8.2338,-9.788,-11.365,-13.918,-16.356,-17.17,-16.824,-15.991,-15.695,-15.556,-15.177,-13.978,-12.73,-11.041,-9.705,-8.8856,-8.5354,-8.5315,-8.9724,-9.5838,-10.763,-12.148,-13.119,-14.086,-14.594,-15.078,-15.885,-18.144,-23.564,-26.719,-17.632,-11.913,-8.2302,-6.1895,-4.1167,-2.5761,-1.6919,-0.79794,-0.17268,0.14197,0.38567,0.44396,0.31859,0.10957,-0.3355,-0.99064,-1.6126,-2.6728,-3.9719,-5.1198,-6.7777,-8.472,-9.7043,-9.9859,-9.3349,-7.8578,-6.5183,-4.7071,-3.0083,-1.5196,-0.56285,0.48474,1.2634,1.6658,1.9581,1.9692,1.7881,1.2889,0.52214,-0.43158,-1.1537,-1.8162,-1.8086,-1.3476,-0.39945,0.54917,1.1288,1.6261,1.771,1.5475,1.1059,0.14474,-1.3119,-2.7604,-5.1049,-7.2408,-7.3321,-5.9753,-3.8667,-2.1823,-1.2764,-0.50431,-0.1613,-0.15394,-0.44858,-1.0829,-2.0414,-2.967,-4.518,-6.5055,-8.3522,-11.65,-16.55,-21.273,-19.069,-13.667,-10.132,-8.1802,-6.1416,-4.457,-3.3407,-1.9761,-0.70034,0.5164
2.281,2.1977,1.9376,1.5176,1.1138,0.49664,-0.16341,-0.62718,-1.1197,-1.3708,-1.2678,-0.9503,-0.28072,0.53688,1.1406,1.8287,2.3144,2.5126,2.5347,2.2493,1.6366,0.94978,-0.3006,-1.9569,-3.4915,-5.9214,-8.6479,-10.521,-11.497,-10.213,-8.041,-6.401,-4.3611,-2.5971,-1.463,-0.19779,0.80536,1.5622,1.994,2.4227,2.7017,2.8471,2.974,3.0385,3.0375,2.9634,2.7915,2.5206,2.2499,1.8264,1.3622,1.0225,0.59554,0.2131,-0.080949,-0.493,-1.0107,-1.6799,-2.2799,-3.2158,-4.2583,-4.9841,-5.6165,-5.5343,-4.7543,-3.9214,-2.7807,-1.7878,-1.2072,-0.65729,-0.38359,-0.34783,-0.48935,-0.86007,-1.405,-1.8959,-2.6055,-3.3289,-3.8147,-4.3598,-4.7902,-5.0422,-5.3377,-5.6946,-6.2405,-6.8508,-8.0445,-9.8826,-11.82,-15.459,-20.169,-20.28,-17.404,-14.285,-12.263,-11.195,-10.029,-9.0511,-8.4153,-7.6738,-7.0285,-6.5808,-6.381,-6.2566,-6.3329,-6.4879,-6.7936,-7.1621,-7.4561,-7.8282,-8.1874,-8.5117,-8.7718,-9.0357,-8.9878,-8.6033,-7.4968,-6.012,-4.4833,-3.419,-2.2056,-1.2263,-0.66465,-0.076751,0.33211,0.54559,0.73359,0.79921,0.73503,0.60094,0.24328,-0.33399,-0.94548,-2.0449,-3.5493,-5.0295,-7.6859,-11.767,-19.903,-34.977,-15.022,-9.4671,-6.792,-4.1593,-2.1291,-0.51844,0.48251,1.5773,2.4305,2.9265,3.3994,3.6743,3.7673,3.7555,3.6244,3.4369,3.2881,3.135,3.083,3.0953,3.1686,3.2431,3.2582,3.1924,2.9825,2.6195,2.24,1.6232,0.92162,0.38092,-0.24524,-0.65228,-0.74773,-0.62237,-0.27148,0.15334,0.44113,0.71166,0.7943,0.72597,0.43942,-0.071135,-0.77173,-1.4357,-2.4667,-3.6331,-4.5744,-5.7916,-6.7867,-7.2068,-7.2276,-6.6938,-5.8769,-5.2256,-4.4453,-3.7499,-3.2722,-2.6167,-1.8554,-0.936
4.5324,4.2763,3.7666,3.0457,2.3446,1.1685,-0.35264,-1.7586,-3.9848,-6.3033,-7.1899,-6.1606,-3.8396,-1.6788,-0.38376,0.92947,1.7904,2.1841,2.3769,2.2216,1.7097,1.0891,-0.085582,-1.6932,-3.2489,-5.957,-9.6835,-13.246,-15.231,-11.069,-7.3378,-5.2555,-3.1407,-1.5626,-0.66906,0.21171,0.77408,1.0359,1.0722,0.9702,0.82456,0.76789,0.87752,1.2238,1.5877,2.0978,2.5307,2.8033,2.8841,2.8411,2.6216,2.3447,1.8408,1.2044,0.61983,-0.29016,-1.4015,-2.743,-3.9669,-6.0392,-8.9541,-12.195,-20.262,-20.231,-11.93,-8.6129,-5.7293,-3.8094,-2.816,-1.9379,-1.4919,-1.4023,-1.5388,-1.9883,-2.6975,-3.3938,-4.4389,-5.5187,-6.1911,-6.6966,-6.6815,-6.3988,-5.8376,-5.3616,-5.088,-5.0743,-5.337,-5.8767,-6.4221,-7.1925,-7.7942,-7.9796,-7.8659,-7.4165,-6.8889,-6.4875,-5.991,-5.5791,-5.3096,-4.9951,-4.7589,-4.538,-4.4418,-4.3304,-4.2567,-4.2099,-4.1415,-4.0517,-3.9717,-3.8072,-3.6191,-3.4046,-3.2042,-2.8925,-2.4987,-2.1546,-1.6326,-1.1088,-0.60739,-0.29599,-0.0081576,0.13264,0.14807,0.079111,-0.0075375,-0.03249,0.045944,0.24182,0.48401,0.62263,0.68604,0.54007,0.25535,-0.35926,-1.2804,-2.1454,-3.4995,-4.9161,-5.9863,-6.2189,-5.6286,-4.3347,-3.2232,-1.7402,-0.35752,0.86862,1.7047,2.6757,3.4928,4.0038,4.5539,4.9622,5.1778,5.3705,5.4612,5.4732,5.442,5.361,5.2395,5.1269,4.9415,4.6993,4.4728,4.0992,3.6519,3.1368,2.7261,2.1712,1.6641,1.3512,1.0474,0.90837,0.9278,1.0221,1.2157,1.4172,1.5446,1.6414,1.6134,1.491,1.1922,0.75027,0.18656,-0.29506,-0.96602,-1.611,-2.0386,-2.4757,-2.7358,-2.8403,-2.8625,-2.8328,-2.8538,-2.9726,-3.3544,-4.0896,-4.8848,-6.0748,-6.6589,-5.5808
4.8067,4.5109,3.9518,3.1707,2.4069,1.0872,-0.66429,-2.3778,-5.401,-9.4064,-11.622,-9.3328,-5.5776,-2.8678,-1.3929,0.019798,0.94383,1.3677,1.6223,1.5557,1.2116,0.78239,0.022314,-0.94185,-1.7434,-2.8506,-3.8197,-4.3207,-4.4997,-4.0804,-3.2573,-2.5164,-1.5862,-0.81649,-0.38663,-0.086603,-0.17474,-0.69253,-1.4383,-2.9773,-5.1194,-6.7481,-7.1864,-5.0445,-3.1069,-0.99444,0.48264,1.4159,1.8273,2.0302,1.9005,1.6019,0.96774,0.070862,-0.73064,-1.9757,-3.353,-4.8252,-5.9705,-7.5157,-9.0268,-10.034,-10.931,-10.6,-9.1435,-7.7789,-6.1025,-4.7782,-4.0308,-3.395,-3.1359,-3.1746,-3.5624,-4.2641,-5.3551,-6.5001,-8.5733,-11.681,-15.108,-19.727,-15.376,-11.732,-8.3497,-6.1447,-4.6842,-3.9543,-3.3606,-3.0777,-3.028,-3.1105,-3.2889,-3.5247,-3.6948,-3.9514,-4.1936,-4.3784,-4.631,-4.8773,-4.9911,-5.1088,-5.2085,-5.2749,-5.3004,-5.341,-5.3108,-5.2217,-4.9459,-4.4784,-3.9985,-3.2683,-2.4823,-1.7224,-1.1894,-0.52737,0.028163,0.37467,0.72726,0.92736,0.94745,0.8039,0.37208,-0.41588,-1.2362,-2.6832,-4.3024,-5.2218,-5.2582,-3.9625,-2.3475,-1.3266,-0.31285,0.27622,0.46253,0.43236,0.11799,-0.24871,-0.85199,-1.46,-1.9867,-2.2498,-2.3682,-2.2257,-1.9236,-1.3466,-0.60412,0.2345,0.87694,1.7172,2.4927,3.0081,3.5957,4.062,4.3237,4.5745,4.7129,4.7467,4.7274,4.6248,4.4417,4.2594,3.9385,3.5195,3.1318,2.4982,1.7373,0.84172,0.13557,-0.81964,-1.6238,-2.0209,-2.2015,-1.9899,-1.5238,-1.1001,-0.552,-0.082307,0.17849,0.38722,0.42038,0.31178,-0.014887,-0.55264,-1.3159,-1.9667,-2.8713,-3.5861,-3.8407,-3.7574,-3.2936,-2.8385,-2.2557,-1.8575,-1.7596,-1.9474,-2.6252,-3.9929,-5.6659,-9.3084,-14.275,-10.919
3.6905,3.5395,3.2042,2.6962,2.1995,1.3821,0.41757,-0.35693,-1.3504,-2.133,-2.4728,-2.3706,-1.884,-1.187,-0.66553,-0.078626,0.34929,0.52815,0.58217,0.41337,0.049212,-0.33214,-0.94857,-1.6193,-2.1088,-2.6678,-3.0375,-3.1498,-3.0649,-2.7216,-2.1985,-1.7491,-1.152,-0.64493,-0.37678,-0.24885,-0.46671,-1.1262,-1.9895,-3.7643,-6.4783,-8.9076,-9.769,-6.6126,-4.1945,-1.809,-0.24439,0.69703,1.0603,1.1416,0.81768,0.33454,-0.6256,-1.9426,-3.1657,-5.067,-7.2121,-9.3669,-10.664,-11.426,-11.18,-10.602,-9.5777,-8.5129,-7.4164,-6.6504,-5.7407,-5.0633,-4.7409,-4.5828,-4.7287,-5.029,-5.6743,-6.5187,-7.4967,-8.2767,-9.5229,-10.894,-11.882,-12.252,-10.81,-9.025,-6.6427,-4.669,-3.1804,-2.3424,-1.5508,-1.0993,-0.94581,-0.9637,-1.2092,-1.671,-2.1511,-2.9708,-3.9751,-4.8278,-6.0262,-7.1008,-7.7358,-8.2253,-8.3509,-8.4668,-8.6212,-9.0865,-9.7845,-10.25,-10.217,-8.9962,-7.5526,-5.5069,-3.6468,-2.0735,-1.0918,-0.035077,0.76791,1.2189,1.6116,1.7789,1.6652,1.3819,0.68075,-0.49382,-1.8014,-4.3768,-8.5531,-13.472,-13.864,-7.6056,-3.9218,-2.1354,-0.57559,0.31847,0.67012,0.76919,0.54678,0.18841,-0.49059,-1.3379,-2.3055,-3.0607,-3.9991,-4.6961,-4.9331,-4.7665,-4.1034,-3.108,-2.3014,-1.2251,-0.2509,0.38328,1.0781,1.5885,1.8651,2.0743,2.1441,2.1029,2.0097,1.8356,1.6221,1.4222,1.0929,0.65361,0.21574,-0.55492,-1.6338,-3.1108,-4.5741,-7.0642,-10.172,-12.178,-11.788,-9.156,-6.7984,-5.4384,-4.0778,-3.0937,-2.5502,-2.0477,-1.7886,-1.7634,-2.0209,-2.7022,-3.9222,-5.3322,-8.15,-12.354,-14.689,-11.058,-6.8507,-4.6006,-2.5218,-1.1667,-0.36087,-0.049182,0.022891,-0.20763,-0.49938,-0.88799,-0.99392,-0.61595
2.7083,2.8235,2.8031,2.6035,2.3544,1.9312,1.4308,1.0456,0.53976,0.13761,-0.12144,-0.20784,-0.17751,-0.022201,0.13295,0.33475,0.43883,0.42662,0.24458,-0.14299,-0.77067,-1.3881,-2.3832,-3.4587,-4.2393,-5.0412,-5.379,-5.2533,-4.6701,-3.7954,-2.7728,-1.9967,-0.98434,-0.084448,0.47024,1.0309,1.3742,1.457,1.3679,1.0861,0.76347,0.61195,0.66569,1.032,1.4377,1.9829,2.3918,2.5524,2.478,2.1188,1.4288,0.68851,-0.62357,-2.336,-3.9462,-6.6604,-10.35,-15.988,-24.514,-23.993,-15.416,-12.318,-9.5512,-7.6227,-6.1983,-5.3725,-4.5627,-4.111,-4.0364,-4.2895,-5.0013,-5.8476,-7.3125,-9.027,-10.286,-10.381,-9.4635,-8.0502,-6.9775,-5.598,-4.1661,-3.0886,-1.7374,-0.52539,0.4754,1.0716,1.6446,1.9481,2.0017,1.8403,1.3984,0.66422,-0.1139,-1.4891,-3.3652,-5.2235,-8.4853,-13.061,-16.675,-15.793,-12.448,-10.592,-10.169,-10.701,-12.896,-16.464,-26.846,-15.575,-10.4,-6.1225,-3.2674,-1.1933,0.0095104,1.2454,2.1845,2.7142,3.2162,3.5021,3.5754,3.4909,3.1778,2.6482,2.1013,1.2697,0.46703,0.087526,0.050842,0.55419,1.316,1.872,2.4418,2.7413,2.766,2.5273,1.9768,1.3538,0.23819,-1.2625,-3.1831,-4.9714,-7.9685,-11.733,-14.475,-14.084,-10.698,-7.753,-5.9867,-4.1269,-2.6918,-1.8452,-1.0113,-0.50146,-0.31903,-0.31845,-0.55283,-0.93497,-1.2801,-1.673,-1.909,-1.9796,-1.9781,-1.9951,-2.1014,-2.4704,-3.1983,-4.372,-5.6784,-8.0356,-11.151,-13.222,-12.911,-10.382,-8.2295,-7.0952,-6.0225,-5.2408,-4.6759,-3.8872,-3.1027,-2.599,-2.1661,-2.1195,-2.5432,-3.2217,-4.5621,-5.9916,-6.2956,-4.9227,-2.5684,-0.89933,0.92087,2.2646,3.2113,3.7069,4.1329,4.3681,4.4625,4.5499,4.6409,4.7683
2.6071,2.8667,2.9766,2.8934,2.7302,2.3981,1.9567,1.5568,0.98258,0.43057,-0.007256,-0.20103,-0.20697,0.021296,0.2997,0.6901,0.95614,1.0238,0.85974,0.36146,-0.54231,-1.5333,-3.343,-5.9009,-8.4346,-12.414,-14.05,-12.052,-8.8484,-6.2489,-4.0653,-2.5682,-0.69109,1.0025,2.1293,3.4155,4.4364,5.2091,5.6365,6.0361,6.2997,6.4312,6.5436,6.5969,6.5888,6.4964,6.271,5.8731,5.4512,4.7091,3.7457,2.8651,1.4807,-0.16675,-1.5571,-3.6377,-5.8315,-7.8754,-8.9467,-9.327,-8.6103,-7.5961,-6.0668,-4.5552,-3.2308,-2.4052,-1.6027,-1.1643,-1.0969,-1.4261,-2.3266,-3.4828,-5.9292,-10.19,-18.227,-16.17,-8.7392,-4.5548,-2.3893,-0.20643,1.4634,2.5063,3.6549,4.5808,5.299,5.6966,6.0422,6.1842,6.1456,5.8953,5.4038,4.6448,3.8957,2.5867,0.90769,-0.65826,-3.1642,-5.8521,-7.3893,-7.5071,-6.2558,-5.0195,-4.4547,-4.1448,-4.1665,-4.1808,-3.875,-2.9122,-1.8486,-0.30722,1.1467,2.3737,3.127,3.975,4.6522,5.0756,5.5693,5.971,6.3149,6.516,6.7076,6.8066,6.8347,6.8261,6.7987,6.7924,6.829,6.8993,6.9723,6.9918,6.9211,6.7029,6.4051,5.8214,4.9712,4.1505,2.7786,1.0138,-1.173,-3.1672,-6.3673,-9.9344,-12.24,-12.696,-10.838,-8.6051,-6.9914,-5.037,-3.3835,-2.402,-1.4876,-1.0417,-1.0618,-1.5262,-2.5585,-4.1748,-5.6484,-7.5066,-8.0327,-7.2111,-5.5504,-4.0745,-3.2324,-2.4975,-2.1438,-2.15,-2.3307,-2.7939,-3.3235,-3.6943,-4.0372,-4.3444,-4.816,-5.4619,-6.8405,-8.5401,-9.0149,-7.0975,-4.0702,-2.0962,-0.055302,1.3963,2.3585,2.8562,3.3442,3.7893,4.1947,4.8833,5.705,6.3455,7.1541,7.8418,8.3762,8.6671,8.9292,9.0605,9.0913,9.0705,9.0031,8.9133
3.2823,3.1266,2.882,2.6672,2.5177,2.2289,1.7325,1.1426,0.037252,-1.5401,-3.342,-4.3105,-4.1087,-2.4373,-1.0287,0.52416,1.6279,2.1325,2.4047,2.1927,1.5119,0.6599,-1.029,-3.4277,-5.7337,-9.109,-10.923,-10.517,-9.4282,-8.3485,-6.3771,-4.0577,-0.70329,2.3036,4.2031,6.2897,7.89,9.115,9.8127,10.503,10.939,11.12,11.19,11.078,10.877,10.457,9.8614,9.1071,8.4422,7.4194,6.2655,5.3161,3.9437,2.4553,1.2258,-0.51786,-2.4168,-4.2894,-5.5112,-6.5361,-6.2189,-5.1984,-3.3168,-1.3705,0.34206,1.4008,2.4995,3.2551,3.5977,3.749,3.5785,3.2484,2.6429,2.0396,1.8173,2.0848,3.0233,4.3051,5.2921,6.5344,7.6179,8.3014,9.0614,9.6482,10.075,10.291,10.445,10.452,10.363,10.117,9.7273,9.1902,8.6836,7.9012,6.9842,6.2699,5.3203,4.5024,4.042,3.6965,3.6474,3.7695,3.9277,4.1372,4.3553,4.5351,4.812,5.1519,5.4208,5.7808,6.0716,6.2552,6.3294,6.3688,6.3995,6.5029,6.8236,7.3802,8.0975,8.6779,9.4337,10.095,10.52,10.968,11.3,11.465,11.595,11.618,11.527,11.381,11.072,10.617,10.176,9.4365,8.5134,7.6891,6.3849,4.8586,3.0635,1.5493,-0.69184,-3.1338,-5.1297,-7.9452,-10.513,-10.658,-8.4816,-5.1546,-2.5345,-1.1269,0.095772,0.61929,0.57494,-0.13246,-1.6472,-4.2215,-7.0488,-12.567,-14.466,-10.632,-6.7732,-4.236,-2.7948,-1.2405,-0.0054086,0.92425,1.4624,1.939,2.1723,2.1948,1.9968,1.517,0.61619,-0.42656,-2.5281,-5.4131,-6.7019,-4.0101,-0.03747,2.3898,4.8999,6.7844,8.2123,9.0697,9.9967,10.755,11.237,11.809,12.302,12.614,12.943,13.167,13.27,13.268,13.167,12.958,12.742,12.382,11.968,11.534
1.5877,-0.082918,-1.7767,-1.827,-1.0676,-0.043949,0.39045,0.2295,-0.8186,-2.997,-6.8343,-10.946,-9.977,-4.651,-1.921,0.53283,2.1065,2.8791,3.5005,3.7279,3.6013,3.2858,2.5998,1.6454,0.79737,-0.48542,-1.9245,-3.2902,-5.9174,-10.546,-10.653,-5.0033,0.51448,4.3107,6.481,8.7243,10.427,11.677,12.382,13.041,13.411,13.516,13.441,13.122,12.727,11.987,11.016,9.8323,8.8198,7.3658,5.9041,4.8714,3.6185,2.4579,1.5707,0.15971,-1.7438,-4.6531,-8.0623,-17.97,-14.992,-7.7305,-2.7761,0.41655,2.7008,4.0367,5.4469,6.5124,7.1165,7.7151,8.117,8.3292,8.5328,8.7331,8.9823,9.2171,9.6393,10.124,10.513,11.009,11.452,11.725,12.015,12.199,12.278,12.28,12.212,12.067,11.922,11.689,11.415,11.106,10.838,10.458,10.047,9.735,9.3429,8.9972,8.8151,8.6612,8.6246,8.6682,8.7476,8.8894,9.0285,9.1076,9.1752,9.1549,9.0603,8.7845,8.2766,7.4827,6.6694,5.219,3.4994,2.3686,2.092,3.7161,5.9583,7.5335,9.2977,10.698,11.516,12.359,12.944,13.236,13.434,13.442,13.269,13.032,12.581,11.989,11.471,10.678,9.8024,9.0877,8.0524,6.9285,5.648,4.5776,2.9455,0.98642,-0.77926,-3.6091,-6.7552,-7.3247,-5.1799,-1.9981,0.40786,1.6944,2.827,3.336,3.3635,2.9085,1.9582,0.6078,-0.56075,-2.1516,-3.5721,-4.3682,-5.0742,-4.8854,-3.931,-1.8247,0.39591,2.3461,3.4939,4.7119,5.5413,5.9588,6.2562,6.3188,6.1936,6.0286,5.8235,5.8193,6.0675,6.8119,7.9387,8.9117,10.241,11.477,12.58,13.295,14.112,14.772,15.163,15.55,15.789,15.874,15.861,15.699,15.389,15.067,14.516,13.846,13.273,12.422,11.48,10.45
-1.7048,-5.3397,-11.367,-9.1638,-5.7706,-2.9979,-1.5745,-1.0807,-1.0309,-1.3925,-1.895,-2.155,-2.1105,-1.6191,-1.1233,-0.40833,0.21604,0.60257,1.0491,1.4715,1.8181,2.0282,2.2282,2.2876,2.2387,2.0391,1.7442,1.4972,1.2678,1.3585,2.0391,2.9615,4.5195,6.1602,7.3167,8.6479,9.7318,10.557,11.013,11.397,11.545,11.504,11.238,10.713,10.141,9.0958,7.6922,5.8478,4.1332,1.3692,-1.7632,-3.6771,-4.2643,-3.3181,-2.5671,-2.0752,-2.1434,-2.6633,-3.1353,-3.4946,-3.066,-2.1903,-0.65232,0.94942,2.3989,3.3697,4.5235,5.523,6.1774,6.9283,7.5446,7.9507,8.3951,8.7581,9.0579,9.2428,9.4568,9.6219,9.716,9.7885,9.7783,9.7287,9.5856,9.3501,9.0247,8.7316,8.3097,7.9,7.6336,7.3737,7.2266,7.1707,7.162,7.1157,7.0398,6.9375,6.778,6.6214,6.5501,6.5505,6.6722,6.9154,7.1427,7.461,7.7442,7.9004,7.9977,7.9037,7.6975,7.1834,6.3557,5.1082,3.8338,1.4409,-2.1485,-6.0799,-8.6954,-3.0843,1.2125,3.4974,5.7603,7.4529,8.4185,9.396,10.043,10.345,10.496,10.391,10.046,9.6358,8.915,8.0309,7.3184,6.3454,5.4541,4.8778,4.2682,3.7786,3.3327,2.9855,2.4703,1.892,1.4338,0.90525,0.6173,0.72484,1.0807,1.7723,2.53,3.0349,3.5444,3.7783,3.7386,3.431,2.8007,1.853,0.91244,-0.702,-2.8629,-5.1264,-9.8828,-20.184,-13.791,-6.0311,-1.8233,0.94204,2.4381,3.9235,4.965,5.532,6.0544,6.3874,6.6037,6.741,6.9484,7.2574,7.5794,8.1472,8.8654,9.4774,10.338,11.203,12.02,12.568,13.202,13.689,13.954,14.15,14.161,14.036,13.697,13.141,12.374,11.664,10.56,9.317,8.3252,6.9579,5.5072,3.8632
0.76271,-0.27535,-1.3337,-1.7978,-1.8113,-1.5889,-1.3414,-1.2529,-1.2328,-1.3442,-1.5913,-1.8139,-2.1696,-2.5668,-2.9231,-3.4953,-4.1207,-4.4913,-4.5383,-3.8839,-2.6512,-1.6048,-0.28802,0.81825,1.493,2.2159,2.7888,3.1575,3.6105,4.0837,4.6195,5.0733,5.7061,6.3511,6.7938,7.3163,7.7259,8.0128,8.1335,8.1815,8.1027,7.9426,7.5873,7.0416,6.4802,5.4836,4.1205,2.269,0.47271,-2.707,-7.1369,-10.673,-10.087,-6.5545,-4.6529,-3.0927,-2.2199,-1.7505,-1.5545,-1.3939,-1.1943,-1.0199,-0.67229,-0.2367,0.31039,0.7874,1.5246,2.3448,2.9755,3.81,4.5649,5.0548,5.6,5.996,6.2467,6.3551,6.3709,6.27,6.1204,5.8471,5.4869,5.1653,4.636,3.9852,3.1593,2.4024,1.2187,-0.027887,-0.80484,-1.2563,-0.87265,-0.063872,0.55464,1.1228,1.3667,1.312,0.99902,0.54734,0.20839,0.093033,0.5028,1.368,2.1432,3.1392,3.9707,4.4495,4.846,4.9744,4.8861,4.5281,3.9085,3.0146,2.1958,1.0098,-0.13485,-0.76989,-1.0723,-0.61255,0.38247,1.3217,2.6264,3.802,4.5809,5.4001,5.9499,6.1673,6.19,5.8902,5.2541,4.5451,3.2861,1.6646,0.22998,-1.8282,-3.5285,-4.1202,-3.8154,-2.8754,-1.8547,-1.2123,-0.51878,0.00093823,0.328,0.6931,1.0775,1.4715,1.7853,2.2193,2.6312,2.8958,3.1446,3.2507,3.215,3.0216,2.6368,2.0563,1.4724,0.56822,-0.47753,-1.2904,-2.2188,-2.5729,-2.3082,-1.3222,-0.032139,1.2053,2.0206,2.862,3.4571,3.7513,3.9832,4.0677,4.0699,4.0583,4.1018,4.276,4.531,5.0515,5.756,6.3728,7.2498,8.1287,8.952,9.5066,10.117,10.559,10.77,10.872,10.743,10.477,9.8675,8.9451,7.6677,6.453,4.4747,2.149,0.31899,-1.7305,-2.857,-3.3334
1.7094,1.089,0.37425,-0.1906,-0.50505,-0.82704,-1.0875,-1.2755,-1.5301,-1.8436,-2.2247,-2.5851,-3.2001,-4.075,-4.9641,-6.7212,-9.5439,-13.076,-22.038,-14.694,-8.1157,-5.0647,-2.1788,-0.10837,1.0898,2.345,3.2936,3.8539,4.4449,4.9021,5.2491,5.4427,5.6225,5.7025,5.6949,5.6028,5.4157,5.1513,4.9284,4.6378,4.3685,4.1883,3.9593,3.7043,3.4539,3.0056,2.3908,1.5851,0.86186,-0.16355,-1.1064,-1.591,-1.819,-1.6438,-1.375,-0.98801,-0.73686,-0.65691,-0.73013,-0.98203,-1.4252,-1.8661,-2.5933,-3.3807,-3.9563,-4.0312,-3.4783,-2.3224,-1.2947,0.042873,1.2027,1.8958,2.59,3.0257,3.1988,3.1626,2.9026,2.4255,1.9484,1.2131,0.47183,-0.068864,-0.72134,-1.4089,-2.3239,-3.3315,-5.4287,-9.1302,-14.39,-25.798,-11.533,-6.7268,-4.7566,-3.2958,-2.8772,-3.1245,-4.2926,-6.6595,-9.5374,-14.279,-10.882,-5.8631,-3.2816,-0.84412,0.78655,1.6305,2.3627,2.7332,2.7897,2.6122,2.1499,1.4549,0.79013,-0.24532,-1.343,-2.123,-2.9168,-3.2135,-2.7992,-2.0942,-0.86259,0.40463,1.2492,2.1407,2.7245,2.9282,2.8976,2.4896,1.6726,0.77336,-0.8848,-3.1832,-5.5487,-10.076,-18.79,-25.023,-13.702,-9.0453,-6.3893,-4.9725,-3.5306,-2.4014,-1.6816,-0.84113,-0.1094,0.55051,0.99041,1.5254,1.9815,2.2631,2.5398,2.7062,2.7665,2.7283,2.587,2.358,2.1502,1.8435,1.5335,1.3421,1.1605,1.1502,1.246,1.4911,1.8039,2.1162,2.2941,2.4152,2.3604,2.184,1.7655,1.1464,0.36586,-0.27866,-1.0733,-1.5387,-1.4802,-0.77372,0.45129,1.5166,2.956,4.2836,5.4358,6.1721,6.9661,7.5473,7.8246,7.9856,7.883,7.6227,6.9879,5.9838,4.5242,3.0557,0.40409,-3.4757,-7.9556,-20.76,-13.829,-7.953
0.55417,-0.029772,-0.69403,-1.2365,-1.568,-1.9491,-2.2943,-2.5303,-2.8884,-3.2581,-3.6025,-3.8623,-4.2145,-4.6599,-5.0928,-5.8396,-6.7979,-7.4946,-7.7565,-6.644,-4.5322,-2.8518,-0.84989,0.82651,1.8661,2.9789,3.8206,4.2936,4.7434,5.0004,5.0792,5.0198,4.7919,4.3718,3.939,3.1775,2.2306,1.141,0.31635,-0.64642,-1.2126,-1.2691,-0.9571,-0.43114,-0.023112,0.43237,0.74918,0.93326,0.98709,0.98892,0.95987,0.93164,0.92246,0.94132,0.93831,0.89953,0.75347,0.43183,0.052691,-0.68278,-1.7747,-2.8753,-4.9487,-8.0834,-13.494,-20.312,-14.865,-8.7006,-5.9033,-3.371,-1.66,-0.74843,0.063015,0.47925,0.52495,0.29157,-0.36255,-1.4767,-2.6343,-4.6296,-6.8061,-7.9384,-7.8947,-6.8102,-5.8963,-5.5933,-5.752,-6.3581,-6.8112,-6.8508,-5.9786,-4.7062,-3.8786,-3.1572,-2.9845,-3.2333,-4.0982,-5.532,-6.7812,-7.8136,-6.9506,-4.866,-3.3057,-1.5778,-0.30645,0.37511,0.9885,1.2878,1.3364,1.1648,0.71757,-0.0076026,-0.77133,-2.1516,-4.1007,-6.0869,-9.8391,-14.524,-12.681,-8.9372,-5.2586,-2.7567,-1.4362,-0.2054,0.5145,0.77467,0.76715,0.38897,-0.34492,-1.1213,-2.4762,-4.1272,-5.5369,-7.4362,-9.0052,-9.648,-9.6643,-9.0141,-8.0526,-7.2461,-6.139,-5.0441,-4.2372,-3.1961,-2.2532,-1.3715,-0.76422,-0.052269,0.544,0.9105,1.2997,1.5659,1.6895,1.7669,1.7733,1.7417,1.7267,1.7024,1.7258,1.7735,1.8893,2.0224,2.1377,2.2644,2.3341,2.2987,2.1652,1.8388,1.281,0.68925,-0.38799,-1.8502,-3.8138,-5.7408,-9.2769,-14.524,-17.099,-11.691,-6.8993,-4.3188,-1.6777,0.36034,1.9467,2.9027,3.9301,4.6956,5.1085,5.4502,5.5587,5.4823,5.1662,4.569,3.674,2.7936,1.378,-0.23318,-1.4139,-2.5669,-2.8921,-2.5404
-2.8733,-3.6965,-4.4526,-4.7743,-4.8539,-4.9088,-5.0734,-5.3334,-5.837,-6.3973,-6.8124,-6.8522,-6.5046,-5.7994,-5.2079,-4.4172,-3.689,-3.1381,-2.3298,-1.3899,-0.33158,0.49199,1.5539,2.5108,3.123,3.7876,4.2706,4.5126,4.6735,4.6496,4.4381,4.155,3.5828,2.7697,1.9635,0.5617,-1.3113,-3.8344,-6.3531,-10.863,-14.43,-12.366,-8.4362,-5.6721,-4.1538,-2.6089,-1.43,-0.50327,0.076433,0.69787,1.1825,1.4594,1.7246,1.8834,1.9322,1.8699,1.6737,1.3116,0.91434,0.17125,-0.83296,-1.7977,-3.3549,-5.2119,-7.0116,-7.83,-7.5961,-6.2857,-5.1413,-3.7959,-2.7358,-2.1295,-1.547,-1.2489,-1.2476,-1.4713,-2.1535,-3.3907,-4.8123,-7.7083,-12.433,-16.765,-13.557,-8.7661,-5.9208,-4.561,-3.378,-2.6414,-2.2505,-1.8138,-1.4108,-1.0511,-0.8539,-0.70722,-0.71644,-0.85104,-1.1434,-1.4859,-1.7064,-1.8429,-1.7301,-1.4188,-1.0983,-0.69376,-0.34858,-0.16024,-0.015938,0.0080504,-0.036925,-0.19106,-0.45571,-0.91743,-1.4253,-2.3698,-3.7249,-5.036,-7.047,-8.5816,-8.0576,-6.6015,-4.4788,-2.7731,-1.8153,-0.94651,-0.48371,-0.36542,-0.49597,-0.9149,-1.5866,-2.2514,-3.2988,-4.5454,-5.561,-6.9941,-8.4631,-9.5068,-10.723,-11.605,-11.776,-11.413,-10.397,-9.053,-8.0252,-6.6963,-5.4233,-4.2618,-3.4386,-2.471,-1.6574,-1.1652,-0.67915,-0.39653,-0.31923,-0.32572,-0.42662,-0.529,-0.55962,-0.44712,-0.14437,0.17446,0.67588,1.1559,1.4666,1.7762,1.925,1.8683,1.6823,1.1989,0.43002,-0.34899,-1.6851,-3.4032,-5.5096,-7.3031,-9.8628,-12.021,-12.518,-11.121,-8.6049,-6.6742,-4.3749,-2.4787,-0.9417,-2.7377e-05,1.0096,1.791,2.278,2.8049,3.2115,3.426,3.5896,3.5974,3.4419,3.2297,2.845,2.3974,2.069,1.692,1.4416,1.3033
-9.2747,-12.585,-14.541,-11.722,-9.7366,-8.1715,-7.6918,-8.0011,-9.2628,-11.802,-15.851,-17.272,-12.839,-8.5908,-6.2661,-3.9697,-2.2341,-1.1733,0.013842,1.0225,1.8861,2.4559,3.1248,3.6572,3.9604,4.2302,4.3396,4.3186,4.1537,3.8454,3.4009,2.9796,2.285,1.4135,0.59705,-0.74763,-2.5127,-4.773,-6.8143,-9.7241,-11.604,-11.323,-9.7286,-8.0138,-6.8416,-5.3093,-3.8199,-2.4112,-1.4531,-0.35047,0.52398,1.0481,1.5648,1.8905,2.0361,2.0992,2.0248,1.8275,1.5858,1.1479,0.56838,0.035335,-0.75047,-1.5687,-2.3391,-2.8212,-3.2831,-3.5343,-3.6241,-3.6571,-3.5883,-3.4534,-3.1673,-2.7837,-2.4191,-2.2047,-2.116,-2.2814,-2.5688,-3.0475,-3.4903,-3.5673,-3.192,-2.3685,-1.3948,-0.69702,0.09069,0.69378,1.0264,1.3368,1.5104,1.5645,1.5413,1.4151,1.1998,1.0019,0.71817,0.44191,0.25843,0.046127,-0.13185,-0.30447,-0.46328,-0.74499,-1.1397,-1.4968,-2.0113,-2.4142,-2.5677,-2.4909,-2.178,-1.8154,-1.5976,-1.4743,-1.5093,-1.6313,-1.8013,-1.8794,-1.7568,-1.5467,-1.2019,-0.8635,-0.70129,-0.64187,-0.78236,-1.0291,-1.5085,-2.1499,-2.9295,-3.5938,-4.5648,-5.698,-6.6441,-8.1452,-10.054,-11.886,-15.253,-20.421,-26.192,-22.417,-17.37,-14.371,-12.893,-11.307,-9.7774,-8.1996,-7.015,-5.501,-4.2274,-3.4895,-2.8602,-2.6498,-2.7663,-3.308,-4.2346,-5.342,-5.9996,-5.9713,-4.8492,-3.6494,-2.0908,-0.75988,0.01395,0.76985,1.2081,1.345,1.2542,0.84694,0.10801,-0.68792,-2.0739,-3.8618,-6.0781,-7.9837,-10.646,-12.649,-12.905,-11.512,-9.3034,-7.669,-5.7964,-4.339,-3.2702,-2.7028,-2.1657,-1.7365,-1.3845,-0.76927,0.010458,0.64841,1.4485,2.1338,2.648,2.9208,3.1305,3.2094,3.2084,3.1472,3.043,2.9167
-7.7423,-9.7692,-10.872,-9.4497,-8.0814,-6.8035,-6.2972,-6.3943,-7.1896,-8.6007,-10.054,-10.166,-8.3811,-5.79,-4.0251,-2.0789,-0.54304,0.39044,1.4048,2.2113,2.8536,3.2361,3.614,3.8375,3.9011,3.8255,3.5572,3.2294,2.6489,1.9564,1.2348,0.72405,0.13989,-0.37756,-0.76438,-1.3749,-2.1781,-3.2097,-4.1266,-5.4681,-6.8503,-7.9651,-9.5776,-11.208,-11.781,-10.429,-7.635,-4.9745,-3.371,-1.7188,-0.53916,0.088359,0.65829,0.99175,1.1273,1.2427,1.2942,1.2988,1.2702,1.1726,0.9662,0.73901,0.30339,-0.2569,-0.95515,-1.5682,-2.512,-3.6259,-4.5971,-6.0248,-7.4068,-8.0315,-7.7318,-6.2863,-4.5392,-3.3694,-2.0709,-1.0951,-0.53754,0.04537,0.52797,0.87638,1.3361,1.8192,2.2999,2.632,3.0037,3.2611,3.3702,3.3857,3.2492,2.9637,2.6627,2.1566,1.5592,1.1014,0.52553,0.055091,-0.2045,-0.43421,-0.61846,-0.85563,-1.1636,-1.8104,-2.8963,-4.0942,-6.2968,-9.0346,-10.366,-8.9243,-6.015,-3.589,-2.2401,-0.95745,-0.11553,0.30009,0.62756,0.79019,0.7967,0.73011,0.53205,0.18869,-0.17235,-0.80121,-1.6081,-2.3237,-3.385,-4.4996,-5.5671,-6.2533,-7.0302,-7.6339,-8.0951,-8.8966,-9.9882,-11.131,-13.088,-15.247,-16.659,-16.739,-16.124,-16.004,-16.508,-18.098,-18.454,-14.777,-11.726,-8.4811,-6.2139,-5.0529,-4.1208,-3.8565,-4.1004,-5.1546,-7.2536,-11.192,-17.12,-22.662,-11.348,-7.5448,-4.3667,-2.271,-1.15,-0.094189,0.57476,0.91602,0.95755,0.75556,0.224,-0.41239,-1.617,-3.2787,-5.5547,-7.8418,-12.136,-18.771,-19.544,-13.43,-9.5437,-7.6492,-6.0264,-5.1637,-5.0068,-5.3447,-6.3777,-7.8771,-8.7676,-8.0874,-5.6439,-3.7078,-1.557,0.05122,1.2013,1.8143,2.3747,2.6968,2.8133,2.8535,2.7896,2.6684
-2.2891,-2.6587,-2.941,-2.9386,-2.8085,-2.5939,-2.4393,-2.3908,-2.4355,-2.5001,-2.449,-2.2556,-1.7765,-1.0996,-0.54647,0.1702,0.80779,1.2063,1.6471,2.0115,2.3166,2.5066,2.6755,2.7222,2.637,2.3098,1.6754,0.95639,-0.36363,-2.0992,-4.0219,-5.138,-5.4339,-4.549,-3.7067,-2.8596,-2.4304,-2.4709,-2.7924,-3.5736,-4.8284,-6.1671,-8.7215,-12.543,-15.454,-13.175,-8.6074,-5.4534,-3.8063,-2.3104,-1.4476,-1.1532,-1.1204,-1.3616,-1.6224,-1.8732,-1.8069,-1.4181,-1.007,-0.49686,-0.15081,-0.043482,-0.14481,-0.53745,-1.196,-1.8761,-3.0708,-4.6701,-6.2203,-9.0995,-13.948,-21.05,-18.917,-10.777,-6.4805,-4.2925,-2.138,-0.5557,0.3727,1.333,2.1004,2.5667,3.0944,3.5299,3.8838,4.0844,4.2605,4.3085,4.2471,4.0117,3.5774,2.9133,2.2385,1.0989,-0.30529,-1.4999,-3.0824,-4.1722,-4.3702,-3.8872,-3.1105,-2.5277,-2.3406,-2.5462,-3.33,-4.3793,-6.507,-9.4196,-10.917,-9.0948,-5.7128,-3.0346,-1.5258,-0.053799,0.92295,1.4055,1.7559,1.8207,1.6322,1.3313,0.73571,-0.10767,-0.89123,-2.1512,-3.6849,-5.0115,-7.1104,-9.5808,-12.169,-13.514,-13.362,-11.767,-10.632,-9.53,-8.9578,-8.8253,-8.9306,-9.2686,-9.7626,-10.184,-10.902,-12.006,-13.219,-15.28,-15.876,-13.088,-10.52,-7.6374,-5.5489,-4.4484,-3.5072,-3.1019,-3.1383,-3.5743,-4.3945,-5.3982,-5.9873,-6.1287,-5.4557,-4.6291,-3.4732,-2.4412,-1.7682,-1.0163,-0.40914,0.035108,0.25083,0.36514,0.25065,0.0079837,-0.55801,-1.3972,-2.4559,-3.3545,-4.5301,-5.376,-5.5958,-5.3615,-4.8021,-4.3953,-4.047,-4.0913,-4.6717,-5.5556,-7.5537,-10.886,-13.932,-13.094,-8.4366,-5.7348,-3.1594,-1.4273,-0.2695,0.30223,0.77,0.94732,0.92318,0.73094,0.423,0.071483
-0.21655,-0.23042,-0.2062,-0.14555,-0.070733,0.058746,0.20096,0.29558,0.43398,0.55811,0.68356,0.77326,0.88959,0.95592,0.96225,0.87724,0.66532,0.4389,0.1035,-0.16746,-0.24727,-0.13966,0.17703,0.51453,0.65679,0.57763,0.068089,-0.68052,-2.34,-5.0987,-9.8305,-16.073,-14.861,-8.2054,-5.4668,-3.2096,-1.9275,-1.2738,-1.0859,-1.179,-1.5869,-2.0194,-2.6791,-3.2314,-3.4067,-3.2171,-2.6272,-1.9258,-1.4985,-1.1938,-1.3258,-1.7672,-2.9342,-4.9431,-7.1292,-10.7,-10.945,-7.3809,-5.061,-2.939,-1.668,-1.1742,-0.97748,-1.2536,-1.9196,-2.6206,-3.7352,-4.9554,-5.8698,-6.9432,-7.6719,-7.7767,-7.0993,-5.6289,-3.8827,-2.6048,-1.1238,0.080742,0.81148,1.6094,2.2255,2.6048,3.0448,3.4133,3.7136,3.8904,4.0366,4.0567,3.9626,3.6676,3.1352,2.3009,1.4345,-0.15911,-2.4431,-4.8664,-10.009,-24.304,-18.306,-9.2933,-5.5181,-3.4313,-2.4836,-1.8019,-1.5727,-1.5988,-1.7875,-1.9209,-1.8419,-1.4065,-0.66256,0.22292,0.85655,1.5823,2.0946,2.3173,2.3981,2.1958,1.7253,1.1744,0.17478,-1.1314,-2.3046,-4.121,-6.1712,-7.8563,-10.332,-13.375,-17.566,-20.906,-18.487,-13.615,-11.009,-8.6111,-7.0666,-6.2791,-5.6253,-5.3111,-5.2483,-5.3177,-5.5508,-5.8315,-6.0385,-6.1555,-5.9364,-5.3328,-4.687,-3.7232,-2.813,-2.2281,-1.6456,-1.3201,-1.2429,-1.3174,-1.581,-1.9502,-2.2393,-2.6406,-2.9937,-3.2312,-3.5004,-3.6807,-3.679,-3.3911,-2.8008,-2.0288,-1.4258,-0.74754,-0.25816,-0.03564,0.073219,-0.023009,-0.26379,-0.49842,-0.82104,-1.0936,-1.2516,-1.3811,-1.45,-1.5068,-1.6318,-1.8847,-2.2853,-2.6839,-3.3193,-3.8918,-4.121,-4.0157,-3.4952,-2.95,-2.2271,-1.6604,-1.3119,-1.2014,-1.2777,-1.5993,-2.0028,-2.8002,-3.8911,-5.2406
-0.087211,0.09177,0.30801,0.50139,0.6478,0.85532,1.0877,1.2626,1.5108,1.7409,1.9122,1.9759,1.9512,1.7373,1.4344,0.74886,-0.3372,-1.4587,-3.4704,-5.9,-7.371,-6.5962,-4.2402,-2.1192,-0.9733,-0.011521,0.36418,0.30994,-0.16565,-0.95181,-1.793,-2.2245,-2.2269,-1.6185,-0.97823,-0.12628,0.56864,1.0483,1.2811,1.4334,1.4602,1.4213,1.3418,1.2797,1.2646,1.2893,1.3373,1.3602,1.2986,1.0393,0.49545,-0.14726,-1.4237,-3.3026,-5.1209,-7.5063,-7.6703,-5.4556,-3.685,-1.933,-0.86807,-0.51389,-0.54314,-1.1227,-2.2628,-3.4604,-5.4055,-7.3808,-8.3268,-8.1483,-6.7782,-5.5799,-4.0052,-2.6146,-1.3943,-0.64096,0.15546,0.71544,0.97079,1.1771,1.279,1.3532,1.528,1.8153,2.1927,2.4948,2.8476,3.0834,3.1536,3.0753,2.7865,2.2587,1.6964,0.69104,-0.58989,-1.6958,-3.1678,-4.1281,-4.1573,-3.3418,-2.1747,-1.1096,-0.46208,0.16663,0.57627,0.78426,0.99242,1.1842,1.3506,1.6298,1.9778,2.3716,2.6441,2.9442,3.1319,3.1582,3.0197,2.6347,1.9615,1.2255,-0.090391,-1.854,-3.5112,-6.2419,-9.4713,-11.847,-13.485,-13.017,-11.818,-10.764,-9.2069,-7.4574,-6.1931,-4.6746,-3.4183,-2.6906,-1.9989,-1.5779,-1.3617,-1.3164,-1.39,-1.5193,-1.6098,-1.6805,-1.6539,-1.4964,-1.279,-0.92318,-0.5159,-0.21395,0.13956,0.38754,0.47562,0.444,0.22778,-0.17371,-0.62981,-1.4536,-2.5798,-3.6982,-5.6399,-8.1337,-10.046,-10.683,-8.3251,-5.565,-3.8654,-2.1685,-0.96051,-0.33283,0.25219,0.58304,0.72328,0.73677,0.67171,0.5379,0.40685,0.24406,0.089718,-0.0091381,-0.13641,-0.26158,-0.39435,-0.50616,-0.67378,-0.83101,-0.95606,-1.1151,-1.2734,-1.4148,-1.6879,-2.0539,-2.5403,-2.9627,-3.5989,-4.3031,-4.9067,-5.9581,-7.5454,-10.129
-1.8057,-1.5698,-1.3743,-1.2228,-1.0975,-0.86437,-0.5031,-0.14754,0.39627,0.94607,1.4353,1.7135,1.8995,1.8349,1.5666,0.8781,-0.29805,-1.5958,-4.0799,-7.6449,-10.515,-8.8257,-4.9169,-2.0333,-0.50133,0.91063,1.7708,2.1421,2.3596,2.3739,2.2733,2.1878,2.1075,2.1124,2.1554,2.246,2.345,2.4423,2.5178,2.6133,2.7303,2.8047,2.9067,2.9993,3.0546,3.109,3.1267,3.0833,3.0096,2.8282,2.5463,2.2583,1.7851,1.2763,0.92798,0.62605,0.62957,0.91269,1.2084,1.5669,1.7283,1.661,1.2164,0.30727,-1.2068,-2.8791,-6.199,-11.878,-18.437,-12.661,-6.9973,-4.4414,-2.1274,-0.61441,0.35023,0.76757,0.9485,0.71219,0.25076,-0.73925,-2.0166,-2.9303,-3.5124,-2.9373,-1.7038,-0.76967,0.26998,0.99053,1.347,1.6152,1.7047,1.6684,1.5673,1.3693,1.1065,0.88179,0.64148,0.4992,0.50084,0.60403,0.80958,1.0303,1.1781,1.3346,1.4245,1.4538,1.4852,1.5403,1.6183,1.7834,2.0349,2.3206,2.5492,2.8274,3.0264,3.0938,3.0158,2.7176,2.1404,1.5067,0.30392,-1.3453,-2.9834,-5.8857,-10.018,-14.104,-16.151,-11.716,-8.2216,-6.3152,-4.3198,-2.7539,-1.7693,-0.65141,0.22183,0.71968,1.166,1.3912,1.3949,1.2647,0.95934,0.52845,0.15068,-0.35241,-0.77238,-1.0117,-1.0207,-0.82131,-0.41771,-0.058322,0.42057,0.81382,1.0234,1.1228,1.0209,0.66945,0.21834,-0.63218,-1.8919,-3.1603,-5.4211,-8.5544,-11.305,-12.481,-9.2938,-6.1559,-4.4233,-2.7016,-1.4962,-0.84994,-0.2475,0.14398,0.3302,0.35581,0.25178,0.013798,-0.20869,-0.5459,-0.84547,-0.98414,-1.0225,-0.87927,-0.64864,-0.46193,-0.2631,-0.19921,-0.26758,-0.54046,-1.0211,-1.5773,-2.5732,-3.8728,-5.4325,-6.6665,-8.0492,-8.7202,-8.7761,-8.5514,-8.4328,-8.5722
-5.4364,-5.4234,-5.6494,-6.0862,-6.4533,-6.6859,-6.2399,-5.3639,-3.8389,-2.2899,-0.96956,-0.17841,0.57742,1.0076,1.1113,1.0061,0.63973,0.22468,-0.38266,-0.87981,-1.0087,-0.78333,-0.097097,0.79367,1.456,2.2256,2.8052,3.1022,3.3354,3.3776,3.264,3.0972,2.7787,2.3721,2.0343,1.5647,1.1314,0.82549,0.71354,0.75682,0.96667,1.2046,1.5402,1.8356,2.0107,2.1724,2.2621,2.2968,2.3128,2.3476,2.4065,2.4635,2.5673,2.7004,2.8221,3.005,3.2032,3.4019,3.5207,3.6153,3.5655,3.4213,3.0408,2.419,1.5615,0.78371,-0.34006,-1.2749,-1.632,-1.4415,-0.65504,0.086187,0.98083,1.6399,1.9615,1.9691,1.5919,0.68492,-0.40863,-2.6783,-6.4075,-11.305,-27.268,-11.564,-6.4425,-4.4309,-2.893,-2.1491,-1.9004,-1.745,-1.5835,-1.2694,-0.93563,-0.42763,0.039246,0.33191,0.61518,0.78781,0.84649,0.83848,0.74014,0.55471,0.3492,0.0053988,-0.40005,-0.72605,-1.158,-1.5097,-1.6616,-1.6465,-1.3705,-0.87298,-0.39338,0.26617,0.85182,1.2068,1.5191,1.6193,1.4874,1.2354,0.68236,-0.10537,-0.83007,-1.8949,-2.8963,-3.4379,-3.6199,-3.1507,-2.2571,-1.4599,-0.39471,0.57806,1.2399,1.9653,2.4849,2.739,2.8944,2.813,2.4737,2.0482,1.2493,0.15118,-0.88193,-2.5095,-4.2617,-5.6506,-5.9976,-5.2698,-3.8682,-2.7888,-1.5677,-0.6494,-0.1602,0.25494,0.40207,0.29659,0.078353,-0.41274,-1.1043,-1.7308,-2.6327,-3.5234,-4.0308,-4.3541,-4.2462,-3.8596,-3.5089,-3.0737,-2.7224,-2.4848,-2.2439,-2.0641,-1.9753,-2.0122,-2.2654,-2.8028,-3.4243,-4.5518,-5.8006,-6.4851,-6.4235,-5.2988,-3.839,-2.8607,-1.887,-1.341,-1.1905,-1.3533,-1.9693,-2.7391,-4.2235,-6.4162,-9.6481,-13.27,-22.364,-23.12,-16.25,-12.01,-9.6462,-8.1586
-9.442,-9.5538,-10.142,-11.701,-13.973,-20.392,-23.1,-14.859,-9.0987,-5.562,-3.1944,-1.9105,-0.66995,0.13702,0.53502,0.82136,0.9223,0.92732,0.89259,0.91388,1.0504,1.2496,1.6152,2.0674,2.4174,2.8421,3.1691,3.3261,3.3901,3.2645,2.9446,2.5619,1.8556,0.89046,-0.011198,-1.4434,-3.0352,-4.4396,-4.9823,-4.6609,-3.5789,-2.6449,-1.5878,-0.85155,-0.51548,-0.33258,-0.37815,-0.51662,-0.5998,-0.53172,-0.17555,0.27722,1.0241,1.8004,2.3523,3.0063,3.5393,3.9495,4.1816,4.383,4.4731,4.4563,4.35,4.1506,3.8901,3.684,3.4285,3.252,3.208,3.2743,3.4608,3.6321,3.8484,3.9755,3.9398,3.7627,3.2913,2.5052,1.6967,0.34695,-1.2204,-2.3271,-3.3285,-3.537,-3.3352,-3.2584,-3.585,-4.5362,-5.721,-7.7294,-9.0029,-7.8291,-6.0613,-3.9028,-2.305,-1.4529,-0.73916,-0.39359,-0.34742,-0.4952,-0.88359,-1.4703,-2.0273,-2.9413,-4.0259,-4.9487,-6.3476,-7.8669,-8.9012,-9.5269,-8.7703,-7.0007,-5.5812,-3.8522,-2.4423,-1.6004,-0.70933,-0.082268,0.32087,0.47692,0.55552,0.47888,0.37086,0.20841,0.094892,0.093273,0.22598,0.55495,1.0568,1.508,2.1519,2.7929,3.2211,3.6789,3.985,4.088,4.0342,3.7274,3.1481,2.5108,1.329,-0.29562,-1.8792,-4.728,-9.097,-17.557,-24.986,-12.454,-7.6337,-5.4591,-3.4937,-2.2048,-1.5612,-1.0063,-0.74332,-0.68575,-0.74743,-0.95993,-1.2335,-1.4743,-1.8326,-2.1768,-2.4335,-2.7872,-3.1939,-3.6732,-4.0989,-4.8032,-5.554,-6.0183,-6.2342,-5.9583,-5.3892,-5.0135,-4.828,-5.2255,-6.0698,-8.1808,-12.352,-19.088,-20.18,-10.649,-6.4246,-4.4732,-2.8021,-1.8765,-1.5687,-1.5996,-2.0996,-2.7406,-3.9863,-5.6262,-7.6094,-9.178,-10.856,-11.34,-10.891,-9.7228,-8.4962,-7.4233
-12.722,-11.464,-10.552,-10.394,-10.589,-10.81,-10.078,-8.6826,-6.4096,-4.2863,-2.5327,-1.5044,-0.47087,0.2062,0.51254,0.69063,0.6792,0.61126,0.50928,0.50558,0.67984,0.9473,1.4385,2.0042,2.4257,2.9129,3.2657,3.4158,3.4268,3.2263,2.7811,2.2672,1.3139,-0.0071131,-1.3285,-3.7069,-7.3373,-14.046,-30.157,-13.883,-7.854,-5.4307,-3.4614,-2.4398,-2.1698,-2.4017,-3.3099,-4.8665,-6.2977,-7.474,-6.199,-4.2662,-1.7771,0.20816,1.3682,2.5652,3.4375,4.0504,4.3804,4.6754,4.8641,4.9518,5.0295,5.0932,5.1568,5.2129,5.3155,5.4403,5.5568,5.7318,5.9073,6.0267,6.1568,6.217,6.1853,6.0751,5.8126,5.4135,5.0195,4.4049,3.7148,3.1865,2.4912,1.7899,0.99767,0.26721,-1.0446,-2.9674,-5.0063,-8.8677,-12.535,-9.9158,-6.9207,-4.1112,-2.3571,-1.5452,-0.95412,-0.84751,-1.0223,-1.5684,-2.4257,-3.5682,-4.5694,-6.0513,-7.714,-9.0948,-11.278,-14.407,-18.272,-29.549,-19.262,-12.674,-9.7045,-6.8898,-4.8888,-3.7211,-2.496,-1.5367,-0.78836,-0.34425,0.10392,0.42084,0.58388,0.73898,0.87952,1.0212,1.3039,1.7348,2.3246,2.835,3.5631,4.2684,4.7268,5.2209,5.5395,5.6385,5.5548,5.2173,4.6108,3.9681,2.851,1.4374,0.20209,-1.6283,-3.4907,-4.9782,-5.5379,-5.3394,-4.5307,-3.8142,-2.9398,-2.284,-1.9491,-1.7432,-1.7489,-1.9052,-2.0823,-2.2671,-2.3537,-2.3355,-2.2568,-2.1745,-2.19,-2.3729,-2.8263,-3.6753,-4.6755,-6.6967,-9.9573,-13.903,-18.793,-12.892,-8.4379,-6.4012,-4.7531,-3.996,-3.866,-4.1351,-4.6265,-4.8678,-4.5596,-3.5468,-2.272,-1.4332,-0.58334,-0.099658,-0.0021472,-0.18431,-0.67243,-1.2338,-2.2019,-3.356,-4.5812,-5.4748,-6.4966,-7.2035,-7.4787,-7.4452,-7.071,-6.4745
-10.501,-8.7505,-7.1599,-6.0493,-5.3959,-4.612,-3.7715,-3.0873,-2.0918,-1.1107,-0.24359,0.28957,0.7906,1.009,0.95143,0.59241,-0.11645,-0.85336,-1.9252,-2.7339,-2.6586,-1.9531,-0.55446,0.85302,1.7507,2.6801,3.2904,3.5434,3.635,3.4618,3.0379,2.5746,1.7633,0.74258,-0.14716,-1.4922,-2.8989,-4.0927,-4.4933,-4.1345,-3.0856,-2.2413,-1.3464,-0.89117,-0.90626,-1.4771,-2.8143,-5.2139,-7.9391,-11.514,-8.5763,-5.1315,-1.7579,0.53298,1.762,2.9361,3.6994,4.1506,4.3289,4.426,4.4227,4.4287,4.4865,4.6612,4.9608,5.2454,5.6712,6.1116,6.4229,6.8037,7.1377,7.3624,7.6137,7.8119,7.951,8.02,8.0471,7.995,7.8979,7.6848,7.388,7.1027,6.6474,6.0882,5.4078,4.7994,3.8615,2.7862,1.945,0.92467,0.25298,0.068275,0.19177,0.46569,0.6637,0.66545,0.43326,-0.11061,-0.72606,-1.8867,-3.415,-5.3488,-7.1239,-9.7351,-12.187,-13.363,-13.737,-13.457,-13.138,-12.464,-11.217,-9.4784,-8.2128,-6.8112,-5.6396,-4.8883,-3.9771,-3.0332,-2.0818,-1.387,-0.63609,-0.10821,0.094082,0.12374,-0.042808,-0.19313,-0.15504,0.3856,1.4629,2.4833,3.8756,5.122,5.9124,6.731,7.2551,7.4584,7.4793,7.2187,6.674,6.0869,5.0923,3.8771,2.8483,1.408,0.015039,-1.1775,-1.8261,-2.3147,-2.379,-2.2392,-1.9907,-1.8327,-1.8577,-2.1821,-2.8887,-3.9906,-4.9543,-5.9405,-5.964,-5.2445,-3.8618,-2.6417,-1.9592,-1.4182,-1.3074,-1.66,-2.2623,-3.4708,-5.0832,-6.2945,-6.9028,-5.7303,-3.7273,-2.324,-0.83302,0.21709,0.785,1.2967,1.6494,1.877,2.1826,2.4894,2.7816,2.9457,3.0232,2.9027,2.6702,2.1579,1.4118,0.70061,-0.39748,-1.6749,-3.1065,-4.2662,-5.9243,-7.5759,-8.6147,-9.2975,-8.6841,-7.1838
-3.9258,-3.5729,-3.0189,-2.4821,-2.1016,-1.5844,-1.0503,-0.64048,-0.064561,0.51692,1.0408,1.3594,1.6007,1.5652,1.3028,0.5401,-0.86532,-2.5469,-6.2744,-14.541,-17.527,-8.5665,-3.366,-0.44121,1.0025,2.2769,2.9834,3.225,3.2412,2.9392,2.4041,1.9004,1.1637,0.45441,0.010975,-0.41526,-0.5833,-0.5117,-0.30203,0.12861,0.69561,1.1155,1.5866,1.8646,1.9134,1.7366,1.3258,0.77199,0.42836,0.24461,0.55763,1.0638,1.8748,2.6476,3.1124,3.5008,3.6117,3.4314,3.1017,2.4465,1.621,1.0325,0.60372,0.85783,1.7426,2.5973,3.7126,4.6737,5.2547,5.8648,6.3381,6.6334,6.9962,7.3693,7.7652,8.0768,8.4743,8.8132,9.0175,9.1943,9.2572,9.2251,9.0754,8.8131,8.4435,8.1003,7.5652,6.9716,6.5064,5.8922,5.3019,4.7501,4.3353,3.7624,3.096,2.5089,1.5572,0.42136,-0.58937,-2.1393,-4.034,-6.4312,-8.7304,-13.15,-21.181,-26.173,-16.716,-12.385,-10.451,-8.7237,-7.5195,-6.7985,-6.5576,-6.6777,-7.3172,-8.0559,-8.5751,-7.4965,-5.2326,-3.5847,-1.8803,-0.91555,-0.67923,-1.0908,-2.5289,-4.5378,-8.8214,-9.0064,-3.2394,0.078935,3.2294,5.4282,6.6428,7.8014,8.5251,8.8196,8.9199,8.6981,8.1708,7.5791,6.5266,5.1749,3.9536,2.0464,-0.16292,-2.5318,-4.0878,-5.0994,-4.5413,-3.66,-2.5665,-1.893,-1.7717,-2.1508,-3.3296,-5.6192,-8.5474,-16.732,-18.321,-10.29,-5.3139,-2.5155,-1.1354,0.071092,0.75063,1.0619,1.1329,1.0882,0.99628,0.99685,1.1916,1.6831,2.3705,2.9545,3.7289,4.4402,4.8941,5.3935,5.7681,5.9786,6.1553,6.2218,6.1471,6.002,5.6526,5.1048,4.5687,3.6677,2.5545,1.5999,0.17721,-1.3733,-3.0867,-4.5304,-6.8612,-10.193,-14.215,-30.189,-15.958,-9.0192
-1.2998,-1.4702,-1.6387,-1.7839,-1.874,-1.9399,-1.8967,-1.7293,-1.3303,-0.74443,-0.046563,0.46118,1.0168,1.3366,1.3868,1.1146,0.47328,-0.2513,-1.4099,-2.3352,-2.3734,-1.7486,-0.47126,0.72886,1.4304,2.0229,2.2283,2.1386,1.6814,0.86981,-0.27243,-1.3224,-2.8253,-4.0837,-4.5454,-4.2186,-3.1526,-1.7939,-0.7997,0.39849,1.4177,2.0664,2.7583,3.2491,3.4903,3.657,3.668,3.5876,3.4967,3.3845,3.3124,3.2705,3.2231,3.1489,3.041,2.7713,2.2925,1.5047,0.63704,-1.0894,-3.8026,-7.0677,-14.321,-11.333,-5.0994,-2.2988,0.13999,1.6192,2.3024,2.7873,2.9306,2.9311,3.0231,3.4402,4.2577,5.024,6.0998,7.0788,7.6922,8.3379,8.7723,8.98,9.1098,9.0998,8.9742,8.821,8.5428,8.1903,7.8778,7.3921,6.8133,6.1204,5.5053,4.5356,3.3667,2.3537,0.81599,-0.85239,-2.1328,-3.6849,-5.0333,-6.2225,-7.0348,-8.0308,-8.6938,-8.751,-8.0916,-6.996,-6.1794,-5.251,-4.6507,-4.53,-4.7819,-5.7073,-7.7513,-10.466,-16.023,-12.728,-6.8641,-4.0358,-1.5714,-0.1541,0.35791,0.37366,-0.3297,-1.2392,-2.3896,-1.9511,0.34934,2.3358,4.6408,6.4182,7.4298,8.3988,8.9955,9.2224,9.2492,8.9811,8.4327,7.8337,6.7668,5.3571,4.0281,1.7783,-1.2528,-5.7337,-11.121,-17.139,-8.7893,-5.4483,-2.8433,-1.4111,-0.85994,-0.67814,-1.0196,-1.7549,-2.4141,-3.0849,-3.0218,-2.4262,-1.2469,-0.065771,0.68355,1.4572,1.989,2.3581,2.5793,2.8215,3.0816,3.3218,3.7125,4.205,4.7658,5.2089,5.7965,6.3554,6.7217,7.1404,7.4505,7.5968,7.6704,7.5935,7.3379,7.0121,6.3946,5.5401,4.7198,3.3775,1.767,0.39008,-1.601,-3.5672,-5.1752,-6.0276,-6.7759,-7.3173,-7.5143,-7.24,-5.975,-4.0027
-1.5942,-2.0753,-2.8006,-3.6169,-4.3121,-5.3851,-6.4629,-6.9812,-6.7103,-5.2273,-3.283,-1.9008,-0.3339,0.83493,1.4471,1.9546,2.1565,2.1676,2.0939,1.9872,1.945,1.974,2.052,2.115,2.0867,1.8952,1.4897,0.99689,0.032222,-1.3319,-3.2342,-5.1668,-8.8586,-15.739,-29.624,-14.24,-8.0926,-4.5427,-2.6014,-0.57569,0.95101,1.8702,2.8209,3.5055,3.8596,4.1485,4.2423,4.1734,4.0079,3.6851,3.2492,2.8724,2.3383,1.7835,1.375,0.87689,0.38268,-0.19706,-0.77048,-1.8126,-3.1911,-4.3596,-5.4334,-5.0218,-3.3923,-2.0921,-0.76402,-0.022804,0.11624,-0.33542,-1.6488,-3.3095,-6.2881,-6.9637,-3.2585,-0.46713,2.3514,4.3457,5.4231,6.4404,7.0882,7.3855,7.6014,7.6702,7.6545,7.612,7.5344,7.4171,7.2866,7.0204,6.6078,5.9831,5.354,4.2299,2.7294,1.2864,-1.1274,-4.2417,-6.961,-10.126,-10.132,-8.2648,-7.0456,-5.8292,-4.9224,-4.3517,-3.6693,-3.0095,-2.527,-1.9534,-1.5408,-1.2855,-1.2361,-1.37,-1.6252,-1.7781,-1.6946,-1.0392,0.11089,1.0723,2.2638,3.2077,3.7163,4.1553,4.4032,4.5373,4.7906,5.2424,5.9188,6.5244,7.345,8.0832,8.5312,8.9542,9.1636,9.1801,9.0135,8.6468,8.0856,7.5431,6.6602,5.586,4.6606,3.2648,1.7251,0.2336,-0.65665,-1.2359,-0.98536,-0.44801,0.3645,1.0452,1.4257,1.7207,1.822,1.7839,1.7174,1.6323,1.6401,1.6992,1.8215,1.9459,2.0002,2.0031,1.953,1.8789,1.8424,1.9163,2.1864,2.5114,3.0911,3.7515,4.4653,5.001,5.6894,6.3053,6.7202,7.1788,7.5181,7.6795,7.7618,7.6611,7.371,7.0008,6.2894,5.2885,4.3144,2.6702,0.48978,-1.5876,-5.2448,-10.575,-16.36,-13.737,-9.1708,-6.3257,-4.8353,-3.2024,-1.7498,-0.35205
-3.8593,-4.5283,-5.4514,-6.4929,-7.4998,-9.4615,-12.971,-18.546,-24.113,-11.608,-6.1971,-3.5327,-0.96011,0.84093,1.8206,2.7423,3.2889,3.5071,3.5903,3.4914,3.2599,3.0306,2.6445,2.2,1.8192,1.2415,0.5305,-0.11995,-1.1548,-2.4688,-4.0738,-5.442,-7.348,-8.8782,-9.2967,-8.4227,-6.5347,-4.3486,-2.8097,-0.94279,0.58596,1.5217,2.5135,3.2281,3.5908,3.8493,3.8704,3.6406,3.3131,2.6403,1.6957,0.82118,-0.54222,-1.9586,-2.8261,-3.3749,-3.1564,-2.558,-2.1199,-1.6727,-1.4111,-1.2586,-1.0383,-0.70783,-0.28279,0.041027,0.35469,0.43124,0.23891,-0.45402,-1.7717,-3.2064,-5.4391,-5.754,-3.1108,-0.87001,1.5383,3.2213,4.0981,4.8076,5.1104,5.1134,4.9228,4.6404,4.4366,4.4162,4.6072,4.9691,5.2601,5.5559,5.6453,5.455,5.0904,4.2731,3.0026,1.7044,-0.58005,-3.7305,-6.7407,-10.527,-9.864,-6.9797,-5.2988,-3.7238,-2.6661,-2.0712,-1.4327,-0.86436,-0.43045,0.16045,0.76945,1.3847,1.8169,2.3402,2.8449,3.2279,3.7741,4.3764,5.0265,5.5151,6.138,6.6724,7.0046,7.3585,7.6286,7.7978,8.0044,8.2149,8.4369,8.5979,8.7882,8.9156,8.945,8.8852,8.6897,8.4503,8.0227,7.4839,6.8605,6.3593,5.672,4.9956,4.5129,3.9097,3.3624,2.9216,2.6808,2.5449,2.5748,2.6907,2.9226,3.1758,3.3406,3.516,3.6162,3.6419,3.6117,3.526,3.3746,3.2115,2.891,2.4247,1.9537,1.1362,0.10635,-1.0657,-1.8935,-2.5096,-2.2478,-1.5279,-0.25205,1.0432,2.2177,3.0041,3.9404,4.7546,5.3038,5.9283,6.4244,6.7048,6.9279,6.9598,6.7853,6.5169,5.943,5.1092,4.3,2.937,1.2074,-0.34649,-2.785,-5.3539,-6.9253,-6.6644,-5.0884,-3.3025,-2.1153,-0.77054,0.39211,1.4256
