-4.4617,-4.0532,-3.5717,-3.1517,-2.8603,-2.532,-2.2299,-2.0543,-1.8205,-1.598,-1.3932,-1.2394,-1.0171,-0.80668,-0.65036,-0.4033,-0.17535,0.012846,0.27396,0.53003,0.79142,0.98239,1.2278,1.4641,1.6363,1.8547,2.0405,2.1642,2.3114,2.4293,2.5022,2.5354,2.5596,2.5523,2.5249,2.4665,2.3717,2.2666,2.1766,2.0354,1.8678,1.7141,1.4999,1.2758,1.0871,0.82488,0.55059,0.25447,0.016228,-0.31412,-0.66975,-0.9515,-1.3571,-1.7791,-2.1139,-2.5513,-2.9763,-3.3587,-3.6034,-3.8679,-3.9904,-4.0026,-3.8911,-3.6768,-3.3366,-3.018,-2.4966,-1.9444,-1.4953,-0.88916,-0.28243,0.16318,0.71715,1.2532,1.7443,2.0824,2.502,2.8791,3.1299,3.4076,3.6098,3.7129,3.7996,3.8236,3.7811,3.6955,3.5109,3.2364,2.9733,2.5261,1.9692,1.2772,0.64939,-0.34195,-1.5456,-2.6341,-4.3633,-6.4546,-8.157,-9.8923,-9.5469,-7.3415,-5.467,-3.2063,-1.2798,-0.055914,1.3687,2.5911,3.3952,4.3395,5.1543,5.8615,6.3257,6.8676,7.3119,7.5911,7.8953,8.1202,8.2773,8.343,8.3672,8.3186,8.2347,8.0595,7.8129,7.5793,7.2121,6.772,6.2639,5.8417,5.2181,4.5374,3.9984,3.2302,2.424,1.7936,0.93337,0.061694,-0.78991,-1.433,-2.2364,-2.9515,-3.4151,-3.9523,-4.3554,-4.6418,-4.7541,-4.7831,-4.7029,-4.5614,-4.3237,-4.0466,-3.8005,-3.4611,-3.0845,-2.6871,-2.3772,-1.9057,-1.3996,-1.018,-0.53422,-0.080326,0.2681,0.72785,1.1866,1.6554,2.0029,2.473,2.9347,3.2771,3.7378,4.1821,4.6081,4.914,5.3074,5.6683,5.9231,6.2357,6.5204,6.7094,6.9329,7.1226,7.2729,7.3609,7.4392,7.4781,7.4765,7.4352,7.344,7.2449,7.0729,6.8338,6.5368,6.2821,5.8853,5.4198,5.0295,4.4447,3.7842,3.0349
-3.5717,-3.6707,-3.8427,-4.0684,-4.269,-4.5473,-4.8315,-5.0387,-5.246,-5.3288,-5.2087,-4.968,-4.4334,-3.7074,-3.0778,-2.1884,-1.288,-0.63948,0.17643,0.91658,1.5633,1.9891,2.4682,2.8423,3.0536,3.2439,3.3225,3.307,3.1848,2.9383,2.5719,2.2255,1.6718,1.0358,0.53377,-0.11197,-0.64506,-0.977,-1.045,-0.88393,-0.51811,-0.17199,0.30179,0.73752,1.0042,1.2656,1.4024,1.4046,1.316,1.0711,0.67337,0.27287,-0.40598,-1.2649,-2.0334,-3.2711,-4.7525,-6.5402,-8.1254,-10.594,-13.264,-14.575,-13.895,-11.431,-8.9358,-7.2938,-5.3999,-3.7716,-2.6803,-1.3694,-0.19315,0.60594,1.5761,2.4421,3.2169,3.7411,4.3657,4.9121,5.2677,5.6776,6.0205,6.2339,6.4647,6.6338,6.7466,6.7967,6.82,6.7977,6.7481,6.643,6.4949,6.309,6.1472,5.9113,5.6646,5.4863,5.2725,5.1183,5.0635,5.0918,5.256,5.5646,5.8825,6.3978,6.9879,7.4596,8.1029,8.7388,9.199,9.7783,10.311,10.787,11.104,11.467,11.762,11.934,12.097,12.182,12.184,12.132,11.985,11.747,11.507,11.101,10.593,10.143,9.4428,8.6234,7.6767,6.875,5.6772,4.3107,3.1631,1.4446,-0.51628,-2.1929,-4.7659,-7.8317,-11.613,-15.121,-20.557,-22.704,-20.91,-18.775,-17.405,-16.307,-15.31,-13.524,-11.385,-9.7231,-7.5885,-5.6212,-4.2908,-2.6955,-1.2802,-0.020288,0.83848,1.8803,2.8159,3.4523,4.2183,4.8998,5.3567,5.9019,6.3791,6.7938,7.0668,7.3783,7.634,7.7918,7.9587,8.0784,8.157,8.1946,8.2198,8.2235,8.2204,8.2222,8.2417,8.2752,8.3533,8.4747,8.6381,8.7836,8.9987,9.2256,9.3934,9.5994,9.7719,9.8713,9.9578,9.9812,9.9351,9.8515,9.671,9.4064,9.1543,8.7427,8.242,7.6541
-7.5179,-7.8757,-8.2474,-8.512,-8.6913,-8.9845,-9.4646,-9.9873,-11.121,-12.85,-15.237,-16.932,-16.245,-12.507,-9.7743,-6.7533,-4.3418,-2.8279,-1.1265,0.28828,1.4637,2.209,3.0317,3.6822,4.0602,4.4242,4.631,4.6788,4.5897,4.3271,3.8686,3.3839,2.538,1.4457,0.45572,-1.0458,-2.5254,-3.4282,-3.3386,-2.2752,-0.76565,0.34355,1.6373,2.6644,3.264,3.8638,4.2393,4.4189,4.4308,4.2887,3.9774,3.6286,3.0436,2.296,1.6336,0.62336,-0.53205,-1.8255,-2.897,-4.4458,-6.16,-7.564,-9.5638,-11.469,-12.292,-11.546,-9.2884,-6.7547,-5.025,-2.996,-1.2829,-0.17475,1.0819,2.1105,2.944,3.4499,3.9921,4.3737,4.5681,4.7172,4.7607,4.7427,4.6765,4.5893,4.5176,4.501,4.5444,4.674,4.8209,5.0737,5.3683,5.6821,5.9157,6.2107,6.4849,6.6756,6.9107,7.1332,7.2946,7.5144,7.7468,8.0004,8.2122,8.523,8.871,9.1571,9.5675,10.004,10.342,10.798,11.248,11.676,11.977,12.339,12.647,12.834,13.021,13.129,13.153,13.112,12.977,12.749,12.512,12.113,11.616,11.177,10.504,9.7309,8.8577,8.1361,7.0903,5.9524,5.042,3.7661,2.4399,1.4478,0.1626,-1.0117,-2.0051,-2.6109,-3.2403,-3.7294,-4.0339,-4.3963,-4.7247,-4.9917,-5.0758,-4.9493,-4.4284,-3.8097,-2.7705,-1.5976,-0.69089,0.49461,1.6017,2.6173,3.3208,4.1732,4.9403,5.4628,6.0912,6.6413,7.0081,7.4409,7.8008,8.0877,8.2529,8.3996,8.4544,8.4271,8.2945,8.0367,7.6331,7.2212,6.4953,5.5342,4.6194,3.0855,1.117,-0.65785,-3.0459,-3.705,-1.6608,0.388,2.8294,4.8044,6.0208,7.3506,8.4125,9.0625,9.7654,10.3,10.69,10.897,11.067,11.126,11.098,10.976,10.759,10.45
-18.999,-21.11,-18.404,-14.818,-12.818,-10.922,-9.5733,-8.8215,-8.0515,-7.4487,-6.8964,-6.4839,-5.8661,-5.1424,-4.5188,-3.6118,-2.6319,-1.8973,-0.93591,-0.015861,0.85137,1.4546,2.1894,2.8349,3.2641,3.7642,4.1934,4.4561,4.7382,4.95,5.0978,5.168,5.2258,5.256,5.2636,5.2817,5.3316,5.427,5.5358,5.725,5.9453,6.1207,6.3471,6.536,6.6414,6.7201,6.7161,6.6197,6.4821,6.2186,5.8479,5.5137,4.9877,4.3762,3.8682,3.128,2.3284,1.484,0.82405,-0.074839,-0.97144,-1.6109,-2.362,-2.905,-3.1058,-2.9775,-2.4759,-1.6883,-1.0008,-0.055226,0.83859,1.4451,2.1363,2.6636,3.007,3.1454,3.1582,2.9555,2.6365,1.9811,1.0003,0.0131,-1.7429,-4.1848,-7.6707,-11.051,-12.936,-8.8401,-5.9785,-3.2199,-1.2597,0.17136,0.98776,1.8135,2.3989,2.7061,2.9765,3.1118,3.1332,3.0706,2.9221,2.7075,2.5245,2.3056,2.1817,2.2303,2.5463,3.1788,3.8251,4.8313,5.8945,6.9257,7.6423,8.4945,9.2126,9.6562,10.119,10.438,10.612,10.65,10.582,10.385,10.159,9.7556,9.252,8.8139,8.1616,7.451,6.7031,6.1273,5.3724,4.6468,4.1275,3.486,2.9179,2.5478,2.1259,1.7839,1.5161,1.3607,1.2059,1.102,1.0513,1.0236,1.0286,1.0558,1.0904,1.175,1.2986,1.4174,1.5937,1.7743,1.9123,2.0956,2.2708,2.4309,2.546,2.6942,2.8485,2.9884,3.2086,3.4772,3.719,4.0895,4.4946,4.9091,5.2091,5.5731,5.8683,6.0324,6.1647,6.1834,6.075,5.9039,5.5543,5.0608,4.6031,3.901,3.159,2.6478,2.1634,2.0723,2.4371,2.9572,3.8285,4.7543,5.4241,6.2393,6.954,7.4213,7.9581,8.4059,8.7722,8.9972,9.2384,9.41,9.4944,9.5446,9.5231,9.4246
-3.4733,-3.7485,-4.0112,-4.1655,-4.2438,-4.3112,-4.381,-4.4374,-4.5203,-4.5792,-4.5733,-4.5002,-4.2897,-3.9298,-3.5714,-2.9805,-2.3092,-1.7834,-1.0803,-0.39724,0.257,0.7153,1.2876,1.8203,2.1979,2.6959,3.2056,3.5875,4.1127,4.6509,5.2002,5.6021,6.1346,6.6496,7.0188,7.4875,7.9203,8.3126,8.577,8.8868,9.1385,9.2885,9.4284,9.4918,9.4846,9.4008,9.2246,8.9506,8.6819,8.2401,7.7196,7.2762,6.6369,5.9485,5.4234,4.74,4.1139,3.5879,3.2739,2.9733,2.8136,2.7861,2.8485,3.0187,3.2789,3.5224,3.8874,4.2827,4.5895,4.9875,5.3552,5.5923,5.8536,6.0226,6.0815,6.0499,5.8976,5.6032,5.282,4.7188,4.005,3.3768,2.4358,1.4502,0.5485,0.040546,-0.30272,-0.23595,0.0021942,0.40221,0.78043,1.0557,1.1654,1.174,1.0431,0.87194,0.58991,0.28839,0.063382,-0.26489,-0.65669,-1.2368,-1.8999,-3.28,-5.6508,-8.6235,-16.028,-12.039,-6.217,-1.3743,1.8997,4.2983,5.7122,7.2108,8.3487,9.003,9.6348,10.026,10.191,10.173,9.9674,9.5637,9.1348,8.4001,7.4863,6.6906,5.4884,4.1652,2.7777,1.7525,0.5192,-0.4203,-0.84927,-1.0724,-0.93332,-0.69005,-0.27428,0.1789,0.61731,0.93541,1.3308,1.6948,1.9504,2.2657,2.5514,2.7856,2.9247,3.072,3.1658,3.201,3.1729,3.0461,2.8799,2.5433,2.0501,1.3672,0.71527,-0.3755,-1.7357,-2.9023,-4.3866,-5.0978,-4.664,-3.0896,-1.2079,0.53301,1.6505,2.9037,3.9046,4.5237,5.1936,5.7107,6.0984,6.3162,6.5246,6.6529,6.709,6.7432,6.7407,6.732,6.7096,6.6891,6.6696,6.6503,6.6133,6.5437,6.4626,6.3243,6.1609,6.0451,5.9221,5.911,6.0466,6.2513,6.6363,7.1021,7.4669,7.9192,8.2943,8.5627
4.2526,3.7881,3.1025,2.325,1.6824,0.71986,-0.42589,-1.4212,-2.986,-4.8903,-7.1339,-8.8667,-10.239,-9.247,-7.5525,-5.2623,-3.3901,-2.2775,-1.1239,-0.32254,0.17116,0.36209,0.39493,0.24705,0.062457,-0.15432,-0.13378,0.13745,0.94157,2.0892,3.4312,4.4507,5.7648,6.9765,7.8121,8.8246,9.7237,10.507,11.019,11.601,12.065,12.332,12.582,12.698,12.697,12.576,12.307,11.891,11.472,10.758,9.8645,9.0628,7.8041,6.2978,5.0153,3.1084,1.1366,-0.4097,-0.80506,-0.16489,1.2005,2.3144,3.6904,4.893,5.9243,6.5972,7.3769,8.0424,8.4816,8.9743,9.3736,9.6082,9.8425,9.9823,10.026,9.9963,9.8797,9.6847,9.4913,9.1888,8.8423,8.5665,8.1917,7.8293,7.4905,7.2594,6.9592,6.6686,6.4342,6.0514,5.5524,4.8701,4.1786,2.9193,1.1359,-0.68381,-4.0836,-8.9396,-10.811,-6.5453,-2.6465,-0.09497,1.2214,2.5067,3.4309,4.0209,4.8068,5.6961,6.4685,7.5983,8.7672,9.8855,10.646,11.521,12.209,12.594,12.927,13.051,12.96,12.752,12.271,11.552,10.851,9.6797,8.2087,6.8807,4.7565,2.1169,-1.2806,-4.636,-11.429,-25.736,-14.928,-8.8902,-5.9068,-4.413,-2.9424,-1.7496,-0.74404,-0.077204,0.74534,1.4968,2.0134,2.6291,3.2025,3.7345,4.0967,4.5236,4.8586,5.056,5.2258,5.279,5.2299,5.0228,4.6197,3.9943,3.3633,2.2784,0.90337,-0.27577,-1.8041,-2.6313,-2.3683,-1.0538,0.59722,2.0967,3.029,4.027,4.7898,5.2358,5.726,6.1414,6.5378,6.8429,7.2809,7.754,8.1124,8.5765,8.9746,9.2246,9.4699,9.5935,9.569,9.4424,9.1026,8.5308,7.9153,6.7847,5.1733,3.525,0.42463,-4.2114,-6.9959,-3.3555,1.2108,4.2695,5.928,7.5696,8.7343,9.5263
6.7079,6.0335,5.0427,3.9571,3.0981,1.8823,0.60836,-0.38652,-1.7951,-3.2832,-4.7771,-5.725,-6.3121,-5.7745,-4.8336,-3.3639,-2.0195,-1.2307,-0.4794,-0.069011,-0.076254,-0.38436,-1.2328,-2.7076,-4.3985,-7.8961,-14.164,-18.505,-10.742,-5.6645,-2.4261,-0.57097,1.4832,3.2888,4.5151,6.0318,7.4156,8.6411,9.4546,10.391,11.151,11.6,12.048,12.314,12.397,12.355,12.133,11.726,11.302,10.568,9.6188,8.7606,7.3967,5.7438,4.2979,2.0411,-0.44459,-2.4548,-2.8608,-1.7688,0.0059873,1.2896,2.7812,4.0294,5.1025,5.8146,6.6642,7.4018,7.8989,8.4686,8.9182,9.172,9.3964,9.4913,9.4487,9.332,9.0715,8.7068,8.39,7.9416,7.5168,7.2496,7.0055,6.9138,6.9608,7.0722,7.2607,7.4451,7.5505,7.6014,7.5279,7.2953,6.9978,6.4498,5.76,5.1825,4.4482,3.9848,3.9594,4.4002,5.2239,6.197,6.9228,7.8389,8.661,9.2189,9.9075,10.548,11.007,11.589,12.14,12.647,12.986,13.375,13.666,13.808,13.883,13.805,13.562,13.261,12.693,11.918,11.196,10.031,8.6303,7.4206,5.6006,3.5517,1.3334,-0.36467,-2.5832,-4.6988,-6.1554,-7.9811,-9.5927,-10.193,-9.8367,-8.3727,-6.6632,-5.5232,-4.2745,-3.3159,-2.722,-2.0442,-1.3626,-0.58122,0.078262,1.029,1.9632,2.6166,3.3879,4.0099,4.3798,4.729,4.9165,4.9694,4.9344,4.8115,4.6314,4.4995,4.3522,4.2674,4.2449,4.2729,4.3084,4.2784,4.172,3.8467,3.2622,2.6013,1.4298,-0.047346,-1.3269,-1.4552,-0.077983,2.1169,3.6989,5.5254,6.9689,7.8253,8.7009,9.2954,9.6373,9.7425,9.6907,9.4233,9.0851,8.4521,7.6444,6.959,6.0487,5.3604,5.1608,5.3979,6.1129,7.0171,7.6855,8.4636,9.0681,9.4879
5.7761,4.7221,3.0895,1.2352,-0.28009,-2.2487,-3.7988,-4.4224,-4.4747,-3.969,-3.2536,-2.6978,-1.9548,-1.2269,-0.69977,-0.040216,0.54416,0.90273,1.2593,1.4169,1.3619,1.1735,0.70468,0.032837,-0.60521,-1.5361,-2.4546,-3.1153,-3.9352,-4.7935,-5.8348,-6.6864,-7.2019,-5.6039,-3.3837,-0.34903,2.2751,4.3982,5.6976,7.1022,8.1683,8.7788,9.3596,9.7042,9.8271,9.8157,9.6304,9.2958,8.9584,8.3964,7.7258,7.1683,6.3588,5.497,4.8225,3.9319,3.0813,2.3174,1.813,1.2207,0.72087,0.39828,0.083635,0.0062893,0.30297,0.80616,1.7885,2.9232,3.7506,4.7152,5.4918,5.9177,6.2636,6.3442,6.1674,5.8529,5.1647,4.1542,3.1635,1.4576,-0.67614,-2.4227,-3.9653,-3.1958,-0.94927,0.76497,2.6963,4.2417,5.1729,6.1707,6.9234,7.4829,7.7941,8.1098,8.3271,8.4408,8.5663,8.6929,8.7983,8.9596,9.1422,9.3343,9.4774,9.6526,9.8137,9.9163,10.041,10.161,10.267,10.442,10.662,10.924,11.137,11.421,11.674,11.826,11.95,11.959,11.822,11.623,11.216,10.636,10.086,9.2038,8.1503,7.2466,5.908,4.4068,2.7625,1.4319,-0.49462,-2.6209,-4.3729,-6.9068,-9.4113,-10.683,-10.796,-9.6965,-8.5469,-8.0221,-7.8689,-8.4778,-9.4988,-12.099,-16.279,-15.828,-11.626,-7.2044,-4.1514,-2.444,-0.71811,0.52802,1.225,1.8941,2.3395,2.6315,2.7769,2.9057,3.0221,3.1076,3.224,3.3697,3.4785,3.6092,3.6624,3.6011,3.4563,3.1004,2.4783,1.809,0.61217,-0.87381,-2.187,-2.4467,-1.316,0.75201,2.3005,4.0772,5.489,6.3264,7.1821,7.7839,8.1666,8.3376,8.4398,8.4239,8.3612,8.2278,8.0645,7.9375,7.7879,7.677,7.6183,7.5918,7.5795,7.5682,7.541,7.4577,7.2975,7.0776
4.4017,3.2086,1.2661,-1.2003,-3.4981,-7.2554,-10.942,-11.191,-8.5934,-6.0715,-4.2248,-3.1808,-2.0894,-1.2264,-0.66217,0.0057936,0.59946,0.99973,1.4643,1.8209,2.0428,2.1308,2.1158,1.946,1.7248,1.2982,0.71474,0.1668,-0.73918,-1.8582,-3.1736,-4.1644,-4.9631,-4.4061,-3.1429,-1.0982,0.8334,2.4486,3.4426,4.4918,5.242,5.6291,5.9276,5.9905,5.8969,5.5968,5.129,4.5176,3.9999,3.2999,2.659,2.2568,1.8484,1.5633,1.4061,1.2059,0.90188,0.44858,-0.040032,-0.96418,-2.3499,-3.8534,-6.9017,-12.582,-25.733,-13.577,-6.7018,-2.9684,-1.061,0.71741,1.9037,2.4984,2.9484,3.0511,2.8376,2.4912,1.7753,0.77025,-0.19225,-1.7518,-3.5532,-4.898,-5.9492,-5.3337,-3.5024,-1.9675,-0.063414,1.5677,2.6187,3.8208,4.8249,5.659,6.1924,6.7927,7.2718,7.5641,7.8719,8.0961,8.2061,8.2657,8.2371,8.1069,7.93,7.5727,7.0581,6.5749,5.8106,4.9586,4.3318,3.693,3.5265,3.9359,4.5279,5.4834,6.4061,7.0053,7.6298,8.0469,8.2481,8.2633,8.1107,7.7755,7.4141,6.7929,6.0353,5.3878,4.4378,3.4096,2.3168,1.4721,0.35595,-0.7418,-1.5367,-2.4823,-3.279,-3.7756,-4.2798,-4.6512,-4.9591,-5.2172,-5.6667,-6.2984,-6.8052,-7.4105,-7.7785,-7.5201,-6.8675,-5.6529,-4.4058,-3.5731,-2.6685,-2.0625,-1.8174,-1.7741,-1.999,-2.4689,-2.9034,-3.4704,-3.7587,-3.6555,-3.0829,-2.1826,-1.4408,-0.50071,0.31443,0.97377,1.3649,1.7547,2.0092,2.1398,2.2735,2.4262,2.626,2.8334,3.2103,3.6646,4.0254,4.4739,4.8337,5.0201,5.1252,5.0681,4.8667,4.6452,4.2972,3.9743,3.8106,3.737,3.8578,4.0415,4.3387,4.6191,4.8237,4.8912,4.8364,4.5779,4.235,3.5498,2.5665,1.262
3.3742,2.7931,1.8967,0.89762,0.11754,-0.89408,-1.7665,-2.3026,-2.8731,-3.3193,-3.7296,-4.0251,-4.3788,-4.5781,-4.5111,-4.0602,-3.2484,-2.4894,-1.4368,-0.48001,0.3459,0.86142,1.3694,1.7007,1.8465,1.9003,1.8252,1.6908,1.4405,1.1425,0.84348,0.66887,0.52425,0.51258,0.5929,0.794,1.063,1.3342,1.5129,1.6878,1.749,1.7125,1.5208,1.1396,0.71136,-0.12012,-1.2818,-2.8791,-4.4248,-7.0145,-9.9592,-11.269,-9.9631,-7.3714,-5.6944,-4.0069,-2.8656,-2.168,-1.8881,-1.7881,-1.9509,-2.1979,-2.5856,-2.8821,-2.9136,-2.6996,-2.1466,-1.4642,-0.97031,-0.4336,-0.10184,-0.0066998,-0.085271,-0.38322,-0.87883,-1.3569,-2.0922,-2.8913,-3.468,-4.1427,-4.6429,-4.8634,-4.9058,-4.6402,-4.1113,-3.5839,-2.757,-1.8393,-1.1488,-0.23717,0.63192,1.4472,2.0142,2.6896,3.2664,3.6482,4.0732,4.3892,4.5514,4.6593,4.6219,4.4199,4.1383,3.5484,2.6727,1.7734,0.12383,-2.2773,-4.9238,-10.828,-19.756,-9.3781,-5.2397,-1.8554,0.31954,1.4655,2.5228,3.1751,3.5049,3.5721,3.4552,3.1324,2.7742,2.1609,1.4212,0.79123,-0.10435,-1.0427,-1.9753,-2.6333,-3.4194,-4.0754,-4.465,-4.8436,-5.0971,-5.2107,-5.3,-5.3476,-5.3872,-5.4167,-5.4351,-5.4709,-5.4857,-5.4309,-5.3169,-5.116,-4.9168,-4.6022,-4.3142,-4.139,-4.038,-4.1448,-4.3931,-5.0557,-6.1681,-7.9615,-9.9417,-14.141,-22.954,-24.43,-14.67,-10.11,-7.9491,-5.9359,-4.5268,-3.4759,-2.8418,-2.1289,-1.4942,-1.0327,-0.43043,0.15486,0.71368,1.1069,1.5712,1.945,2.1421,2.2763,2.2261,2.0504,1.5661,0.75921,-0.45981,-1.726,-4.0123,-7.1315,-9.6553,-10.133,-7.0049,-4.715,-2.4097,-0.81962,0.21638,0.6946,0.98695,0.90904,0.60485,-0.11971,-1.2665,-2.9049
2.7037,2.6492,2.4347,2.0731,1.713,1.1154,0.3936,-0.24859,-1.2681,-2.5429,-4.2105,-5.8628,-8.9642,-14.334,-23.644,-18.164,-10.338,-7.1472,-4.2484,-2.2138,-0.72535,0.13661,1.0029,1.6087,1.9239,2.1714,2.2519,2.2286,2.0953,1.8643,1.5552,1.2774,0.87076,0.43184,0.087574,-0.38106,-0.84558,-1.2883,-1.5872,-1.9296,-2.2087,-2.3819,-2.6068,-2.889,-3.1869,-3.749,-4.5398,-5.6435,-6.684,-8.2708,-9.7096,-10.139,-9.3737,-7.6335,-6.2344,-4.5925,-3.2758,-2.2416,-1.6389,-1.0297,-0.59865,-0.36673,-0.15067,-0.016163,0.064045,0.093325,0.098909,0.036444,-0.0895,-0.37446,-0.8289,-1.3133,-2.1472,-3.2185,-4.5451,-5.699,-7.4,-9.1256,-10.281,-11.29,-11.542,-11.334,-10.745,-10.075,-9.4022,-8.8603,-8.1269,-7.3183,-6.66,-5.7388,-4.7928,-3.8689,-3.1998,-2.3707,-1.611,-1.0769,-0.44361,0.0951,0.43995,0.81158,1.0621,1.1615,1.1463,0.99007,0.66859,0.31321,-0.29142,-0.99369,-1.5145,-2.0606,-2.2663,-2.0526,-1.6794,-1.074,-0.50273,-0.15935,0.12882,0.2101,0.077137,-0.15542,-0.63894,-1.2898,-1.8788,-2.7935,-3.8449,-4.7229,-6.0251,-7.4667,-9.0339,-10.227,-11.552,-12.175,-12.035,-11.261,-10.28,-9.5922,-8.8269,-8.2395,-7.8541,-7.6507,-7.4436,-7.2861,-7.2083,-7.058,-6.8177,-6.4839,-6.195,-5.774,-5.3496,-5.0631,-4.7989,-4.691,-4.7237,-4.948,-5.3848,-6.0078,-6.5486,-7.249,-7.7695,-7.9348,-7.8776,-7.6201,-7.4232,-7.2969,-7.3622,-7.5867,-7.7828,-7.8537,-7.424,-6.7032,-5.42,-4.0249,-2.7462,-1.8855,-0.93715,-0.22685,0.15953,0.47838,0.55404,0.448,0.08323,-0.55495,-1.5043,-2.4078,-3.8396,-5.3428,-6.1698,-6.3079,-5.3437,-4.3001,-2.9549,-1.841,-1.0425,-0.63651,-0.3293,-0.28193,-0.40016,-0.72837,-1.2085,-1.7827
1.2697,1.627,1.8901,1.9455,1.8611,1.5889,1.1402,0.69754,-0.028039,-0.90531,-1.9178,-2.7264,-3.7975,-4.6714,-5.016,-4.9023,-4.1959,-3.4337,-2.3471,-1.3156,-0.41496,0.13288,0.70243,1.0998,1.2818,1.3824,1.3304,1.196,0.8897,0.45816,-0.11314,-0.62477,-1.4372,-2.4008,-3.2366,-4.5185,-5.9944,-7.6247,-8.8254,-10.082,-10.455,-10.109,-9.2227,-8.2921,-7.6929,-7.1269,-6.8028,-6.661,-6.6292,-6.6093,-6.4994,-6.3045,-5.8886,-5.2821,-4.7302,-3.9268,-3.1104,-2.3238,-1.7806,-1.1445,-0.62006,-0.30295,0.0040691,0.18812,0.25066,0.21177,0.047824,-0.26378,-0.60757,-1.215,-2.0238,-2.7883,-4.0567,-5.6675,-7.7091,-9.6195,-12.9,-17.589,-23.042,-30.073,-22.828,-19.853,-17.87,-17.097,-17.099,-17.364,-17.573,-17.1,-16.169,-14.471,-12.767,-11.289,-10.366,-9.3175,-8.4015,-7.7566,-6.9244,-6.0898,-5.4601,-4.63,-3.8748,-3.2069,-2.7907,-2.3432,-2.0264,-1.8713,-1.7452,-1.6836,-1.6644,-1.6559,-1.6505,-1.6555,-1.6645,-1.7111,-1.8468,-2.0328,-2.411,-2.9854,-3.771,-4.501,-5.6429,-6.9465,-7.9807,-9.3377,-10.56,-11.422,-12.624,-14.077,-16.199,-18.565,-23.386,-27.195,-22.897,-18.022,-15.007,-13.499,-12.18,-11.441,-11.183,-11.272,-11.687,-12.305,-12.835,-13.346,-13.229,-12.31,-11.31,-9.8473,-8.4732,-7.569,-6.5656,-5.7909,-5.3556,-4.9567,-4.7387,-4.6689,-4.6985,-4.8478,-5.0798,-5.3083,-5.7024,-6.2518,-6.8223,-7.8501,-9.3724,-11.711,-14.416,-21.038,-26.668,-17.672,-11.867,-8.42,-6.0666,-4.7443,-3.4002,-2.4229,-1.886,-1.3839,-1.104,-1.0157,-1.0329,-1.1839,-1.4238,-1.6443,-1.935,-2.1799,-2.2979,-2.3467,-2.2556,-2.1271,-1.9155,-1.715,-1.5776,-1.5422,-1.5976,-1.7655,-1.9733,-2.3432,-2.7892,-3.2715
0.626,1.1165,1.5607,1.784,1.8208,1.7166,1.4577,1.179,0.71555,0.1822,-0.36703,-0.76703,-1.2268,-1.5532,-1.6843,-1.694,-1.5344,-1.3261,-0.96426,-0.57502,-0.22276,7.7938e-05,0.20602,0.28823,0.25827,0.10054,-0.20545,-0.52815,-1.08,-1.7629,-2.5671,-3.2523,-4.2845,-5.4892,-6.5359,-8.2045,-10.342,-13.228,-16.233,-21.831,-22.483,-18.337,-14.401,-11.916,-10.671,-9.5287,-8.8541,-8.4854,-8.3716,-8.3332,-8.2978,-8.212,-7.901,-7.318,-6.7137,-5.7606,-4.7184,-3.706,-3.0051,-2.1775,-1.4989,-1.0983,-0.70466,-0.47318,-0.39774,-0.44668,-0.65773,-1.0184,-1.3854,-2.016,-2.8049,-3.4943,-4.5738,-5.8389,-7.2691,-8.4525,-10.097,-11.736,-12.85,-14.059,-14.97,-15.538,-16.432,-17.75,-19.831,-22.168,-26.528,-27.649,-24.316,-20.51,-18.181,-16.877,-16.435,-16.414,-16.728,-16.957,-16.581,-15.034,-13.488,-11.475,-9.7068,-8.2415,-7.3345,-6.3442,-5.5712,-5.0954,-4.5747,-4.1777,-3.94,-3.7028,-3.5485,-3.4845,-3.5061,-3.6438,-3.9255,-4.2605,-4.8925,-5.7996,-7.0495,-8.2715,-10.405,-13.353,-16.359,-21.886,-24.699,-21.498,-18.048,-16.143,-15.146,-14.746,-14.373,-13.949,-13.514,-12.837,-12.182,-11.788,-11.485,-11.533,-11.957,-12.583,-14.011,-16.205,-18.65,-24.111,-29.349,-21.06,-17.032,-13.372,-10.813,-9.3368,-7.7697,-6.5381,-5.8047,-5.0406,-4.5014,-4.147,-4.0039,-3.9404,-4.0203,-4.1691,-4.4831,-4.9266,-5.3386,-5.9925,-6.7472,-7.5435,-8.0699,-8.5439,-8.5382,-8.1793,-7.3778,-6.4186,-5.4774,-4.8407,-4.1547,-3.6478,-3.3721,-3.1464,-3.0243,-2.9887,-2.978,-2.9937,-3.0041,-3.0116,-3.0113,-3.0018,-2.9851,-2.9709,-2.9534,-2.9501,-2.9621,-3.0275,-3.1524,-3.3007,-3.5962,-4.0255,-4.4389,-5.1484,-6.0561,-7.165
1.7342,2.1036,2.4353,2.5801,2.5661,2.3919,2.0446,1.6796,1.0642,0.33143,-0.46869,-1.0626,-1.7651,-2.2432,-2.405,-2.3356,-1.9959,-1.6379,-1.1208,-0.64324,-0.27789,-0.096397,0.0027286,-0.086268,-0.28081,-0.71708,-1.344,-1.9355,-2.8556,-3.9026,-5.002,-5.8128,-6.8322,-7.7151,-8.2926,-8.9781,-9.5901,-10.166,-10.507,-10.745,-10.616,-10.307,-9.7234,-9.1056,-8.7372,-8.4351,-8.4526,-8.8439,-9.4171,-10.639,-12.517,-14.297,-16.088,-14.792,-12.407,-9.3273,-6.8526,-4.9266,-3.7757,-2.5699,-1.678,-1.1891,-0.746,-0.51985,-0.4984,-0.60122,-0.87453,-1.2903,-1.6837,-2.3044,-3.0022,-3.5576,-4.3296,-5.1172,-5.9163,-6.5132,-7.3101,-8.0952,-8.6705,-9.4168,-10.144,-10.7,-11.494,-12.317,-13.167,-13.76,-14.365,-14.715,-14.818,-14.863,-14.972,-15.404,-16.065,-17.607,-20.276,-23.072,-24.856,-20.928,-17.814,-14.754,-12.624,-11.096,-10.222,-9.3158,-8.5811,-8.0822,-7.4606,-6.8931,-6.5105,-6.0458,-5.6644,-5.374,-5.2375,-5.1607,-5.2103,-5.3496,-5.6845,-6.2168,-6.987,-7.7427,-8.9962,-10.491,-11.676,-12.975,-13.408,-13.062,-12.076,-10.976,-10.027,-9.46,-8.8688,-8.4344,-8.1922,-7.986,-7.9056,-7.9474,-8.1613,-8.5595,-9.1441,-9.6914,-10.548,-11.507,-12.143,-12.745,-12.804,-12.228,-11.488,-10.241,-8.8775,-7.8683,-6.6139,-5.5099,-4.8044,-4.0196,-3.4243,-3.0192,-2.8248,-2.7034,-2.7346,-2.8509,-3.1037,-3.4363,-3.7138,-4.0958,-4.4417,-4.6963,-4.8143,-4.8508,-4.7482,-4.6051,-4.3762,-4.1297,-3.9395,-3.8776,-3.9217,-4.1299,-4.3955,-4.8737,-5.4052,-5.7719,-6.1125,-6.1928,-6.022,-5.7895,-5.4376,-5.1089,-4.929,-4.7688,-4.705,-4.7216,-4.7828,-4.8916,-5.0242,-5.1517,-5.3749,-5.7121,-6.0721,-6.7567,-7.7544,-9.245
3.2125,3.4704,3.6876,3.7342,3.6496,3.3594,2.8424,2.2814,1.2786,-0.076732,-1.8792,-3.5936,-6.4401,-9.4339,-10.197,-8.1253,-5.3683,-3.6922,-2.0037,-0.8349,-0.098208,0.21929,0.34264,0.14596,-0.19993,-0.93917,-1.9956,-3.0085,-4.6808,-6.777,-9.2769,-11.316,-13.483,-13.811,-12.922,-11.374,-10.013,-8.9328,-8.2654,-7.5365,-6.9224,-6.5241,-6.0614,-5.7118,-5.5454,-5.5057,-5.6922,-6.1824,-6.7726,-7.9054,-9.4345,-10.726,-11.849,-11.041,-9.4136,-7.0147,-4.9393,-3.3004,-2.3178,-1.3163,-0.61914,-0.27678,-0.038551,-0.041399,-0.27302,-0.5757,-1.1424,-1.8968,-2.5491,-3.4808,-4.4045,-5.0207,-5.6432,-6.0253,-6.2032,-6.2624,-6.3045,-6.3679,-6.4571,-6.6615,-6.9323,-7.1919,-7.556,-7.9635,-8.3423,-8.6059,-8.9204,-9.1873,-9.3569,-9.5656,-9.8186,-10.155,-10.454,-10.932,-11.382,-11.636,-11.872,-11.821,-11.701,-11.564,-11.501,-11.712,-12.032,-12.477,-12.668,-12.477,-11.767,-10.743,-9.9555,-9.0291,-8.2887,-7.7094,-7.3562,-6.9468,-6.5812,-6.312,-6.0026,-5.7531,-5.5802,-5.5132,-5.4873,-5.5,-5.5006,-5.4639,-5.3189,-5.1374,-4.822,-4.4589,-4.1124,-3.8688,-3.6119,-3.454,-3.4191,-3.4744,-3.6672,-3.9159,-4.3881,-5.035,-5.856,-6.5539,-7.5849,-8.73,-9.5746,-10.485,-10.974,-10.796,-10.221,-9.0336,-7.6578,-6.608,-5.27,-4.1189,-3.3767,-2.5753,-1.9811,-1.5906,-1.4351,-1.415,-1.6067,-1.8771,-2.3993,-3.0701,-3.6373,-4.3858,-4.9539,-5.1874,-5.0925,-4.6621,-4.0578,-3.5971,-3.065,-2.6987,-2.5877,-2.7069,-3.1507,-4.0143,-4.9879,-6.8261,-9.5023,-12.193,-15.916,-15.225,-11.926,-9.9963,-8.2762,-7.3137,-6.974,-6.9018,-7.151,-7.4617,-7.9169,-8.2282,-8.2918,-8.1583,-7.8018,-7.3892,-7.112,-6.8417,-6.7351,-6.7878
2.6568,2.9551,3.2424,3.3902,3.3903,3.2232,2.8392,2.3923,1.5526,0.38799,-1.1494,-2.5772,-4.7784,-6.7302,-7.1648,-5.9371,-3.9609,-2.6171,-1.2101,-0.24977,0.32575,0.51338,0.46561,0.093812,-0.39289,-1.3168,-2.5755,-3.7648,-5.6975,-8.1227,-11.169,-13.846,-17.085,-16.905,-14.931,-12.363,-10.371,-8.8315,-7.8994,-6.8648,-6.006,-5.4505,-4.8103,-4.3062,-3.9965,-3.6915,-3.5028,-3.4299,-3.4477,-3.5309,-3.6017,-3.6197,-3.5146,-3.2118,-2.865,-2.2824,-1.6671,-1.1107,-0.76,-0.40958,-0.222,-0.19458,-0.32983,-0.66968,-1.226,-1.8155,-2.865,-4.2574,-5.5801,-7.7829,-10.575,-12.834,-14.452,-12.997,-10.713,-9.2843,-7.9057,-7.0304,-6.6341,-6.3853,-6.4131,-6.551,-6.8426,-7.1937,-7.5219,-7.6969,-7.8083,-7.7591,-7.6471,-7.4503,-7.243,-7.0869,-7.0221,-7.0139,-7.1048,-7.2523,-7.5224,-7.9172,-8.3563,-9.1886,-10.453,-12.349,-14.389,-18.784,-29.373,-31.37,-19.884,-15.704,-13.956,-12.648,-12.156,-12.167,-12.279,-12.206,-11.518,-10.597,-9.1321,-7.6946,-6.4451,-5.6414,-4.7405,-4.0065,-3.5347,-2.9722,-2.4757,-2.1307,-1.7167,-1.3586,-1.0604,-0.8949,-0.75418,-0.71467,-0.76411,-0.9458,-1.2825,-1.6355,-2.2604,-3.0804,-4.1516,-5.1535,-6.7835,-8.9213,-11.06,-15.25,-23.366,-23.871,-16.91,-11.936,-8.787,-7.0509,-5.2607,-3.9028,-3.0973,-2.2692,-1.6919,-1.3519,-1.2545,-1.3442,-1.7017,-2.1735,-3.137,-4.6013,-6.1425,-9.0707,-13.597,-17.162,-13.823,-9.1184,-6.0383,-4.424,-2.9064,-1.9695,-1.4981,-1.4148,-1.667,-2.341,-3.1313,-4.5918,-6.4755,-7.9963,-9.5484,-9.7272,-8.8374,-8.0862,-7.4383,-7.3523,-7.6859,-8.7161,-10.502,-12.422,-15.981,-19.928,-19.353,-16.688,-13.685,-11.44,-10.054,-8.4802,-7.1183,-5.9183
-0.36023,0.18603,0.83117,1.3454,1.6257,1.8397,1.8716,1.7851,1.5245,1.1392,0.6676,0.30603,-0.11074,-0.37398,-0.43008,-0.30015,0.002635,0.26807,0.59329,0.80766,0.83935,0.71483,0.35054,-0.25221,-0.87336,-1.902,-3.16,-4.2264,-5.7565,-7.3232,-8.7797,-9.7206,-10.619,-11.024,-11.032,-10.711,-10.149,-9.4611,-8.8988,-8.1033,-7.2998,-6.6969,-5.9251,-5.1799,-4.6638,-4.0287,-3.4843,-3.0058,-2.698,-2.3478,-2.062,-1.8669,-1.6361,-1.4318,-1.2943,-1.1607,-1.0802,-1.0579,-1.1022,-1.2344,-1.4578,-1.6855,-2.0691,-2.5519,-3.1597,-3.7307,-4.6891,-5.9066,-7.0712,-9.0195,-11.392,-13.233,-14.339,-12.98,-10.814,-9.4243,-8.0624,-7.2159,-6.8986,-6.848,-7.2109,-7.7446,-8.8351,-10.234,-11.712,-12.487,-12.437,-11.234,-10.074,-8.6194,-7.4283,-6.5135,-6.0175,-5.5584,-5.331,-5.291,-5.3759,-5.6784,-6.025,-6.6705,-7.5698,-8.6293,-9.5341,-10.765,-11.682,-12.026,-12.06,-11.877,-11.875,-12.298,-13.448,-15.8,-18.995,-28.474,-24.24,-17.805,-13.154,-10.25,-8.2373,-7.0825,-5.8548,-4.8535,-4.1947,-3.3995,-2.6793,-2.1909,-1.5948,-1.0856,-0.67872,-0.44748,-0.25601,-0.19964,-0.24025,-0.42627,-0.74673,-1.078,-1.6473,-2.3655,-3.2225,-4.0016,-5.1743,-6.4745,-7.5281,-8.8664,-9.7884,-9.8645,-9.3168,-8.1482,-6.8657,-5.9552,-4.9238,-4.0866,-3.5734,-3.0236,-2.607,-2.317,-2.1762,-2.1029,-2.193,-2.4034,-2.8914,-3.6691,-4.4434,-5.6807,-6.8009,-7.0964,-6.5003,-4.9878,-3.3515,-2.262,-1.0915,-0.26977,0.23897,0.43599,0.46043,0.25818,-0.025257,-0.53051,-1.1136,-1.5653,-2.1262,-2.5999,-3.0319,-3.3734,-3.9492,-4.7714,-5.602,-7.1108,-9.091,-10.913,-13.666,-16.072,-17.165,-17.215,-16.919,-16.184,-14.844,-12.174,-9.3517,-6.8756
-4.69,-3.401,-1.9187,-0.75819,-0.10487,0.52073,0.89418,1.0321,1.0721,1.0216,0.94399,0.90872,0.92544,1.0289,1.1693,1.403,1.6457,1.8055,1.9416,1.9427,1.7582,1.4861,0.91407,0.074296,-0.73648,-2.0511,-3.6332,-4.9631,-6.8988,-8.8485,-10.581,-11.575,-12.402,-12.719,-12.747,-12.686,-12.542,-12.278,-11.983,-11.338,-10.428,-9.5941,-8.4156,-7.2309,-6.4018,-5.3711,-4.4599,-3.6475,-3.1073,-2.4866,-1.9807,-1.6716,-1.3699,-1.2146,-1.1898,-1.2947,-1.5569,-1.9704,-2.3751,-3.0075,-3.6955,-4.2049,-4.7833,-5.2135,-5.4888,-5.6066,-5.7469,-5.9212,-6.1063,-6.3591,-6.5542,-6.6295,-6.5551,-6.2635,-5.8193,-5.4635,-5.0465,-4.8173,-4.8188,-5.1031,-5.7871,-6.6256,-8.2986,-10.847,-14.75,-18.499,-18.154,-13.25,-10.528,-8.0067,-6.2797,-5.0924,-4.4538,-3.8779,-3.5256,-3.3785,-3.3201,-3.414,-3.5412,-3.7747,-4.067,-4.4228,-4.7155,-5.0905,-5.4293,-5.6855,-6.0169,-6.36,-6.6869,-7.2571,-7.9621,-8.7697,-9.367,-9.8653,-9.8487,-9.5089,-8.8525,-8.1904,-7.6597,-7.3473,-6.9763,-6.5114,-6.03,-5.2029,-4.1915,-3.4122,-2.4299,-1.5891,-0.93816,-0.57179,-0.26549,-0.15869,-0.19388,-0.37566,-0.69105,-1.0014,-1.482,-2.0165,-2.5623,-2.9731,-3.5276,-4.0353,-4.3601,-4.696,-4.8946,-4.9647,-4.902,-4.7438,-4.5579,-4.4506,-4.3646,-4.3472,-4.3865,-4.443,-4.4073,-4.1637,-3.845,-3.2434,-2.5909,-2.1224,-1.5832,-1.1655,-0.92118,-0.64856,-0.36421,-0.010569,0.31435,0.82872,1.383,1.7911,2.2647,2.636,2.8928,3.0043,3.0384,2.9721,2.8637,2.6589,2.3977,2.1701,1.837,1.4709,1.0479,0.68345,0.096762,-0.62258,-1.2607,-2.2711,-3.4703,-4.4699,-5.9451,-7.5751,-9.4958,-11.267,-14.313,-17.467,-16.372,-11.693,-7.7617,-4.8608
-7.5713,-5.2092,-2.9211,-1.3531,-0.54489,0.11574,0.35829,0.30312,-0.0059813,-0.49391,-0.93879,-1.0968,-0.90749,-0.27367,0.37527,1.2856,2.0958,2.5841,3.0341,3.2285,3.1588,2.9209,2.3307,1.4109,0.48445,-1.106,-3.172,-5.1174,-8.4513,-13.04,-20.209,-26.302,-20.632,-17.066,-15.932,-15.658,-16.525,-18.438,-20.104,-20.251,-17.181,-14.727,-12.077,-10.031,-8.7623,-7.329,-6.0589,-4.9239,-4.139,-3.1767,-2.3559,-1.871,-1.4145,-1.1939,-1.207,-1.4678,-2.0348,-2.9713,-3.9223,-5.5812,-7.6778,-9.4357,-11.44,-11.756,-10.45,-9.2232,-7.789,-6.6909,-6.0191,-5.3057,-4.7068,-4.2693,-3.7025,-3.1362,-2.5829,-2.2017,-1.7907,-1.5092,-1.4085,-1.4494,-1.7057,-2.0256,-2.5992,-3.2691,-3.8786,-4.1736,-4.2129,-3.8746,-3.4765,-2.8887,-2.3745,-2.0144,-1.8509,-1.7514,-1.7608,-1.8089,-1.9085,-1.9501,-1.9554,-1.9114,-1.8091,-1.7068,-1.6223,-1.5194,-1.4738,-1.4609,-1.4857,-1.5961,-1.7141,-1.9326,-2.2333,-2.5669,-2.83,-3.218,-3.6343,-3.9877,-4.5697,-5.4153,-6.6569,-7.9716,-10.392,-13.237,-13.755,-10.739,-7.2879,-5.23,-3.1604,-1.6954,-0.72141,-0.27175,0.029082,0.018982,-0.17425,-0.63078,-1.2643,-1.8084,-2.5302,-3.1635,-3.6247,-3.8082,-3.9124,-3.8848,-3.8022,-3.6499,-3.4849,-3.3178,-3.2409,-3.2161,-3.3368,-3.5747,-4.1391,-5.1021,-6.1671,-8.1131,-10.456,-11.317,-9.6979,-6.539,-3.7943,-2.1364,-0.38236,0.9647,1.7688,2.6396,3.3166,3.8475,4.1766,4.5256,4.7916,4.9335,5.0495,5.098,5.0822,5.0338,4.9472,4.837,4.7531,4.6412,4.5345,4.4636,4.3683,4.2519,4.1132,3.979,3.7528,3.4561,3.177,2.7391,2.2094,1.7632,1.1142,0.42716,-0.24145,-0.69666,-1.1176,-1.2048,-0.99182,-0.3543,0.53218,1.502
-4.0442,-2.7804,-1.3588,-0.3483,0.13041,0.34497,0.044255,-0.56258,-1.9987,-4.4491,-8.6377,-13.563,-12.556,-6.2584,-3.2301,-0.48063,1.3896,2.3894,3.3099,3.8325,4.0047,3.9129,3.5049,2.7936,2.0441,0.73631,-0.94178,-2.431,-4.722,-7.2407,-9.5942,-10.852,-11.618,-11.857,-12.115,-12.855,-14.225,-16.166,-17.615,-18.031,-16.413,-14.918,-13.33,-12.347,-11.892,-11.361,-10.437,-8.8992,-7.5162,-5.7308,-4.1965,-3.2786,-2.4011,-1.9044,-1.7912,-1.9722,-2.5706,-3.609,-4.6968,-6.6886,-9.4558,-12.184,-16.148,-16.352,-13.217,-11.221,-9.4022,-8.2243,-7.5591,-6.8091,-6.0685,-5.4072,-4.3784,-3.2409,-2.1367,-1.3749,-0.4897,0.21373,0.62029,0.99493,1.2112,1.2731,1.2547,1.1446,0.99474,0.88222,0.74508,0.59941,0.4778,0.26674,-0.055892,-0.51641,-0.9803,-1.756,-2.6861,-3.4194,-4.2453,-4.5843,-4.4612,-3.8755,-3.0331,-2.1451,-1.5332,-0.85012,-0.30619,0.028346,0.36764,0.58501,0.68649,0.74588,0.70495,0.57406,0.4143,0.10039,-0.33086,-0.76265,-1.5006,-2.4857,-3.7882,-5.0173,-6.96,-8.6832,-8.9285,-7.3865,-5.1032,-3.5622,-1.9312,-0.79926,-0.11677,0.11246,0.048765,-0.42416,-1.0698,-2.3169,-4.0285,-5.5839,-7.8917,-9.8335,-10.441,-9.9144,-8.7267,-7.5767,-6.834,-5.9735,-5.1916,-4.4788,-4.0345,-3.5919,-3.3605,-3.3678,-3.6855,-4.4552,-5.3364,-7.0075,-8.933,-9.4951,-8.0872,-5.1492,-2.4491,-0.75952,1.0858,2.5293,3.394,4.3026,4.9641,5.4173,5.6317,5.7587,5.7193,5.5875,5.306,4.924,4.4685,4.1185,3.7067,3.3913,3.2521,3.2013,3.295,3.4461,3.7042,4.0039,4.3109,4.5299,4.8045,5.0322,5.1642,5.2856,5.3544,5.3647,5.3393,5.2801,5.2171,5.1745,5.1453,5.1747,5.2392,5.3591,5.5077,5.6461
-2.3002,-1.497,-0.63194,-0.036701,0.20522,0.23487,-0.089141,-0.57946,-1.5782,-2.8707,-4.2145,-4.8825,-4.7457,-3.5009,-2.2882,-0.73967,0.56806,1.359,2.1684,2.7012,2.9675,2.9957,2.823,2.3924,1.9157,1.0844,0.063751,-0.80397,-2.06,-3.3519,-4.5963,-5.4598,-6.5115,-7.4287,-8.0496,-8.8528,-9.6218,-10.315,-10.743,-11.22,-11.605,-11.961,-12.727,-14.209,-16.257,-21.874,-35.553,-18.039,-13.38,-9.5243,-7.0393,-5.7455,-4.5552,-3.8842,-3.6641,-3.7089,-4.0905,-4.7472,-5.4095,-6.4208,-7.5003,-8.261,-9.0834,-9.6221,-9.8944,-10.049,-10.441,-11.22,-12.228,-13.99,-15.079,-13.979,-10.792,-7.6751,-5.203,-3.7168,-2.1476,-0.98169,-0.32263,0.32359,0.73775,0.9243,1.0429,1.0504,0.97523,0.86934,0.66502,0.39063,0.12069,-0.3631,-1.0393,-1.9765,-2.911,-4.5939,-7.0184,-9.6127,-15.166,-24.426,-17.688,-11.389,-8.0201,-5.8685,-4.7204,-3.5875,-2.7149,-2.1972,-1.6341,-1.1529,-0.86274,-0.55746,-0.33596,-0.23772,-0.23223,-0.31394,-0.50481,-0.72039,-1.0902,-1.5171,-1.976,-2.3041,-2.6422,-2.7908,-2.7314,-2.4264,-1.9234,-1.5022,-0.99201,-0.63865,-0.50825,-0.59614,-1.0147,-1.8379,-2.7534,-4.4602,-6.8609,-9.3,-13.729,-19.453,-19.81,-17.093,-14.981,-13.981,-13.542,-12.746,-11.304,-9.5286,-8.2134,-6.6897,-5.5477,-4.9142,-4.3601,-4.0465,-3.9116,-3.7886,-3.5803,-3.1437,-2.6166,-1.7212,-0.66611,0.15883,1.1955,2.1182,2.7057,3.3247,3.7415,3.9486,3.9476,3.7433,3.2886,2.7827,1.8751,0.6868,-0.72906,-1.8833,-3.3845,-4.4343,-4.7186,-4.4151,-3.6345,-2.9471,-1.9878,-1.0252,-0.081122,0.62272,1.5203,2.3667,2.9576,3.6629,4.2711,4.6596,5.0964,5.4388,5.6941,5.8419,5.9714,6.0306,6.0279,5.9578,5.7982,5.5212
-1.319,-0.65756,0.013518,0.45624,0.63395,0.67719,0.51754,0.28184,-0.14503,-0.63407,-1.0837,-1.3363,-1.4977,-1.4147,-1.2066,-0.76328,-0.21438,0.2184,0.76454,1.233,1.5592,1.6956,1.71,1.5111,1.2386,0.70665,0.01125,-0.61729,-1.5493,-2.5649,-3.6281,-4.421,-5.4368,-6.3647,-6.9815,-7.6353,-8.1184,-8.4497,-8.6296,-8.8121,-8.9955,-9.2058,-9.5748,-10.07,-10.46,-10.793,-10.611,-9.7208,-8.756,-7.4387,-6.2737,-5.6183,-5.0258,-4.7883,-4.8182,-5.1329,-5.6784,-6.3958,-7.0104,-7.7998,-8.4546,-8.8098,-9.1199,-9.2794,-9.4771,-9.7142,-10.255,-11.197,-12.326,-14.24,-15.58,-14.632,-11.478,-8.3734,-5.9507,-4.5298,-3.0705,-2.0163,-1.4554,-0.96994,-0.7421,-0.70349,-0.78679,-0.95552,-1.1673,-1.3219,-1.5094,-1.67,-1.8071,-2.0551,-2.4395,-3.0446,-3.6755,-4.7741,-6.1779,-7.3868,-8.9501,-9.7732,-9.7779,-9.1479,-8.2887,-7.5668,-7.1942,-6.791,-6.4045,-6.0635,-5.4864,-4.7801,-4.2366,-3.5741,-3.0299,-2.6425,-2.4674,-2.3586,-2.3936,-2.4723,-2.6289,-2.7966,-2.9171,-2.9462,-2.8806,-2.6893,-2.4828,-2.1325,-1.7499,-1.4592,-1.1292,-0.90405,-0.85517,-0.95614,-1.2952,-1.9032,-2.5324,-3.636,-5.0209,-6.2032,-7.854,-9.46,-11.008,-12.083,-13.93,-16.989,-21.104,-32.007,-19.896,-13.953,-11.23,-8.6928,-6.974,-6.0649,-5.1953,-4.5902,-4.2826,-3.9413,-3.5945,-3.185,-2.8001,-2.1779,-1.4427,-0.85374,-0.078406,0.6352,1.0956,1.5675,1.8507,1.8974,1.7664,1.3452,0.60468,-0.19293,-1.646,-3.636,-6.3711,-9.1765,-14.816,-28.773,-24.631,-16.1,-12.81,-11.412,-10.032,-8.6521,-7.029,-5.68,-3.8819,-2.1868,-1.0242,0.34321,1.4968,2.2366,3.0617,3.7226,4.2207,4.4997,4.7517,4.8625,4.8509,4.7161,4.426,3.9677
0.51114,0.9796,1.4355,1.7099,1.7969,1.7612,1.5487,1.2809,0.78723,0.13822,-0.62863,-1.253,-2.0771,-2.7765,-3.0901,-3.068,-2.5453,-1.9214,-0.99077,-0.12816,0.54984,0.91431,1.1703,1.202,1.0644,0.6827,0.079155,-0.51732,-1.4656,-2.6038,-3.9124,-4.9932,-6.5076,-7.9657,-8.8682,-9.5531,-9.5013,-8.9183,-8.3314,-7.5402,-6.8525,-6.4273,-5.9701,-5.6144,-5.3864,-5.0807,-4.743,-4.396,-4.1295,-3.8152,-3.5978,-3.5299,-3.6444,-4.0214,-4.5017,-5.4307,-6.7567,-8.4874,-9.9789,-12.02,-13.263,-13.082,-11.801,-10.273,-9.027,-8.3281,-7.64,-7.2107,-6.9441,-6.6319,-6.1736,-5.6714,-4.8316,-3.8944,-2.9775,-2.3675,-1.7342,-1.3456,-1.2276,-1.3157,-1.676,-2.1302,-2.9472,-3.93,-4.8614,-5.3153,-5.384,-4.9206,-4.3868,-3.6855,-3.1564,-2.8749,-2.8318,-2.9934,-3.3376,-3.694,-4.2107,-4.8205,-5.2714,-5.9471,-6.7938,-7.9582,-9.115,-11.035,-13.02,-13.509,-11.983,-9.608,-8.0336,-6.3976,-5.3002,-4.6369,-4.3967,-4.3649,-4.5907,-4.8826,-5.3469,-5.7818,-6.0051,-5.962,-5.6029,-4.957,-4.3597,-3.5015,-2.678,-2.1118,-1.4598,-0.94772,-0.60232,-0.45632,-0.43386,-0.5995,-0.85243,-1.3425,-1.9988,-2.5697,-3.4371,-4.3704,-5.3973,-6.2034,-7.2777,-8.2882,-8.8676,-9.1396,-8.7299,-7.859,-7.0797,-6.1577,-5.4328,-5.074,-4.8314,-4.851,-5.016,-5.3495,-5.6944,-5.8351,-5.6755,-5.023,-3.9905,-3.1207,-1.9575,-0.93275,-0.2948,0.34954,0.74984,0.88134,0.804,0.44964,-0.20256,-0.90923,-2.1415,-3.7192,-5.6549,-7.2821,-9.5749,-11.572,-12.663,-13.746,-15.155,-16.871,-20.985,-23.7,-16.879,-12.81,-8.8865,-5.9927,-4.2575,-2.3501,-0.79288,0.1883,1.274,2.139,2.8069,3.1714,3.5034,3.661,3.6708,3.532,3.2365,2.7892
2.1888,2.424,2.6465,2.7511,2.75,2.6224,2.3307,1.9847,1.3155,0.36933,-0.95863,-2.2875,-4.7247,-8.3506,-12.231,-14.428,-9.1373,-5.997,-3.1218,-1.2201,0.036568,0.64492,1.1128,1.2427,1.1416,0.77836,0.17061,-0.42907,-1.4624,-2.7608,-4.3982,-5.9292,-8.6059,-12.555,-17.338,-27.036,-16.719,-11.404,-8.9375,-6.639,-5.0067,-4.0645,-3.1055,-2.3825,-1.9669,-1.5521,-1.2545,-1.0568,-0.98077,-0.96054,-1.0899,-1.2839,-1.7081,-2.3503,-3.0192,-4.2079,-5.8405,-8.0898,-10.407,-14.662,-18.83,-16.834,-12.301,-9.1367,-6.9653,-5.73,-4.4934,-3.558,-2.9842,-2.3379,-1.7738,-1.3886,-0.91812,-0.51433,-0.18091,-0.011476,0.078791,-0.029082,-0.26811,-0.84151,-1.7824,-2.7955,-4.7223,-7.6558,-12.628,-19.829,-17.925,-10.402,-7.375,-4.7676,-3.0975,-2.0054,-1.4735,-1.0674,-0.95022,-1.0081,-1.2864,-1.7788,-2.2794,-3.1626,-4.3834,-6.0312,-7.6374,-10.477,-13.817,-15.041,-12.817,-9.8133,-8.0805,-6.4798,-5.53,-5.1568,-5.1928,-5.6739,-6.6385,-7.7312,-9.7036,-12.237,-14.633,-14.903,-12.748,-9.9935,-8.1561,-6.1398,-4.4741,-3.4265,-2.2404,-1.2808,-0.50943,-0.056659,0.38225,0.6396,0.71337,0.67442,0.49809,0.27672,-0.10971,-0.57313,-1.0698,-1.4705,-1.9612,-2.3894,-2.6473,-2.8757,-2.974,-2.9713,-2.9522,-2.9594,-3.0983,-3.313,-3.8422,-4.7516,-5.7234,-7.6342,-10.601,-15.109,-17.573,-13.271,-8.7238,-6.3045,-3.9333,-2.2368,-1.2919,-0.37137,0.19948,0.48959,0.52786,0.35896,-0.045671,-0.48243,-1.2492,-2.214,-3.3212,-4.2321,-5.5249,-6.8653,-7.9104,-9.3775,-10.945,-12.167,-13.549,-13.839,-12.651,-11.189,-9.0937,-7.0961,-5.7244,-4.046,-2.5472,-1.5395,-0.37084,0.5772,1.3091,1.7204,2.0672,2.2072,2.1863,2.0022,1.6684,1.2156
1.9561,1.9999,2.0545,2.0933,2.1018,2.0548,1.9195,1.7283,1.3278,0.70202,-0.20036,-1.0978,-2.5826,-4.2546,-5.3176,-5.6247,-4.4534,-3.1584,-1.5495,-0.30668,0.52103,0.87882,1.0617,0.91056,0.63472,0.077247,-0.63992,-1.2521,-2.1575,-3.1537,-4.2636,-5.1952,-6.5273,-7.8852,-8.7228,-9.0708,-8.2659,-6.7467,-5.5176,-4.0092,-2.7492,-1.9696,-1.134,-0.51117,-0.16871,0.1324,0.28496,0.32137,0.27577,0.13574,-0.097277,-0.33301,-0.71839,-1.2066,-1.6547,-2.3691,-3.1913,-4.1043,-4.7632,-5.4697,-5.7751,-5.6622,-5.1015,-4.257,-3.3559,-2.6865,-1.888,-1.1828,-0.74778,-0.25502,0.13525,0.36256,0.59917,0.76307,0.83624,0.82481,0.72446,0.50953,0.24716,-0.26157,-0.99773,-1.7194,-2.8897,-4.2636,-5.5931,-6.2385,-6.1365,-5.0912,-4.0357,-2.6631,-1.5193,-0.6297,-0.13505,0.33255,0.5711,0.61376,0.48988,0.21869,-0.12733,-0.72403,-1.476,-2.3384,-3.0342,-3.8922,-4.5515,-4.8326,-4.865,-4.6634,-4.4314,-4.2145,-4.1923,-4.4456,-4.8719,-5.7832,-7.1629,-8.5762,-11.011,-14.143,-17.246,-17.797,-15.523,-12.703,-10.858,-8.7133,-6.8529,-5.5807,-4.0375,-2.6852,-1.5407,-0.81612,-0.020482,0.5789,0.90786,1.183,1.2898,1.2679,1.1405,0.8971,0.61125,0.35313,-0.0015848,-0.33628,-0.55758,-0.82041,-1.03,-1.2053,-1.3402,-1.5429,-1.8392,-2.147,-2.7417,-3.5843,-4.4286,-5.8719,-7.6019,-9.1721,-9.6129,-8.6938,-6.8682,-5.4672,-3.8663,-2.6164,-1.8913,-1.1792,-0.72848,-0.49537,-0.44843,-0.53667,-0.78098,-1.0418,-1.4974,-2.0415,-2.6678,-3.1988,-3.946,-4.7804,-5.4685,-6.41,-7.3588,-8.0993,-8.9535,-9.6699,-10.188,-10.37,-10.182,-9.4738,-8.5684,-7.0527,-5.4451,-4.2915,-2.939,-1.8395,-1.0385,-0.61716,-0.31125,-0.2893,-0.45531,-0.90309,-1.5889,-2.4426
-0.60849,-0.82882,-0.95107,-0.83362,-0.62057,-0.2362,0.16799,0.43499,0.70258,0.84373,0.86726,0.81762,0.71667,0.61926,0.62269,0.74138,1.0144,1.2726,1.6005,1.7955,1.7772,1.5978,1.0905,0.28298,-0.49794,-1.7435,-3.0726,-3.9906,-4.8791,-5.3125,-5.3865,-5.3218,-5.1565,-4.9314,-4.6842,-4.2326,-3.6125,-2.8694,-2.265,-1.4588,-0.73113,-0.27554,0.20204,0.48192,0.57622,0.56062,0.382,0.082552,-0.19415,-0.59495,-0.942,-1.1624,-1.3824,-1.5561,-1.6556,-1.8053,-1.9825,-2.1789,-2.303,-2.4299,-2.4525,-2.3911,-2.1863,-1.8807,-1.4605,-1.1418,-0.70714,-0.30668,-0.057197,0.19174,0.33228,0.36318,0.32724,0.22057,0.068799,-0.036273,-0.1464,-0.23065,-0.28736,-0.38864,-0.53337,-0.69654,-0.96891,-1.2674,-1.5044,-1.5997,-1.578,-1.3596,-1.0863,-0.63626,-0.12264,0.3615,0.68819,1.0427,1.285,1.3733,1.3666,1.2095,0.98807,0.58601,0.099629,-0.4443,-0.84478,-1.328,-1.7244,-1.9343,-2.1244,-2.2323,-2.3099,-2.4522,-2.736,-3.2069,-3.7363,-4.6595,-5.8647,-6.9181,-8.5088,-10.154,-11.709,-12.672,-13.541,-13.78,-13.423,-12.185,-10.319,-8.7869,-6.7843,-4.9445,-3.3382,-2.3073,-1.1686,-0.29053,0.20445,0.64786,0.86262,0.89551,0.78348,0.51518,0.1239,-0.19908,-0.68514,-1.148,-1.4487,-1.7546,-1.9465,-2.0036,-1.9879,-1.9191,-1.8492,-1.8554,-1.9494,-2.1788,-2.4474,-2.8775,-3.3315,-3.6961,-3.8611,-3.887,-3.7456,-3.5364,-3.2053,-2.8625,-2.6425,-2.4239,-2.2957,-2.3145,-2.4138,-2.6347,-2.9205,-3.1608,-3.4433,-3.6625,-3.8499,-3.98,-4.1982,-4.5364,-4.8619,-5.4648,-6.2866,-7.0379,-8.309,-10.005,-12.289,-14.653,-19.141,-21.183,-17.3,-12.536,-9.2101,-7.3995,-5.5662,-4.2614,-3.3779,-2.988,-2.7689,-2.9169,-3.2834,-4.1449,-5.5011,-7.5449
-6.2213,-7.7446,-8.8242,-7.914,-6.4961,-4.5737,-2.981,-2.0049,-0.94344,-0.06994,0.67205,1.1792,1.7854,2.3369,2.7102,3.1512,3.4994,3.6742,3.76,3.6281,3.2184,2.6911,1.6292,0.097685,-1.4812,-4.3081,-8.3452,-12.529,-16.454,-12.469,-9.0965,-7.4587,-6.0019,-4.9508,-4.2723,-3.4043,-2.5306,-1.655,-1.0288,-0.27628,0.33777,0.67293,0.913,0.90343,0.71244,0.20374,-0.59519,-1.6749,-2.6109,-3.8616,-4.7906,-5.0449,-4.8,-4.1576,-3.6419,-3.0516,-2.6606,-2.4429,-2.4054,-2.442,-2.5269,-2.5697,-2.5495,-2.3828,-2.0666,-1.7532,-1.2962,-0.90567,-0.67576,-0.53423,-0.62773,-0.86068,-1.4139,-2.1915,-3.0007,-3.4629,-3.6563,-3.2983,-2.7887,-2.0461,-1.4234,-1.0817,-0.83781,-0.77376,-0.85355,-0.96104,-1.1228,-1.2163,-1.2148,-1.0627,-0.73485,-0.26969,0.12067,0.60715,1.0078,1.2172,1.3465,1.2405,1.056,0.61331,-0.0019198,-0.72687,-1.2768,-1.9329,-2.3326,-2.4315,-2.3322,-2.073,-1.8916,-1.7384,-1.7777,-2.0777,-2.4718,-3.2702,-4.3661,-5.3783,-7.0157,-9.0137,-11.458,-13.7,-17.679,-24.321,-31.177,-22.179,-16.198,-13.084,-9.8503,-7.2389,-5.0983,-3.7592,-2.3158,-1.2325,-0.65924,-0.1784,-0.012301,-0.085889,-0.44904,-1.0445,-1.8921,-2.6127,-3.6376,-4.671,-5.3804,-6.046,-6.2401,-5.8777,-5.2945,-4.3357,-3.3734,-2.7434,-2.0901,-1.6962,-1.5502,-1.5661,-1.7934,-2.2062,-2.6093,-3.2219,-3.8347,-4.258,-4.6677,-4.8508,-4.8543,-4.7868,-4.8057,-5.0418,-5.4197,-6.2055,-7.1918,-7.8928,-8.3665,-8.0713,-7.2031,-6.4676,-5.6787,-5.1539,-4.9799,-5.0644,-5.4835,-5.9989,-7.0322,-8.3953,-10.096,-11.551,-13.297,-13.785,-12.932,-11.034,-9.1095,-7.8776,-6.5337,-5.5416,-4.882,-4.5912,-4.5026,-4.7259,-5.0923,-5.861,-6.9441,-8.3793
-10.249,-13.636,-17.145,-14.052,-11.157,-8.3813,-6.512,-5.4533,-4.2727,-3.1758,-2.0278,-1.117,0.12485,1.3461,2.1727,3.1306,3.8683,4.2617,4.5496,4.5523,4.2371,3.7623,2.8024,1.4021,0.044769,-2.1985,-4.8436,-6.826,-8.4513,-8.4896,-7.9349,-7.6391,-7.5001,-7.4205,-7.1416,-6.2052,-4.7638,-3.1958,-2.1147,-0.92756,-0.07002,0.34792,0.58849,0.47349,0.12088,-0.75915,-2.1654,-4.2795,-6.5316,-11.134,-21.049,-22.75,-12.74,-8.638,-6.872,-5.4338,-4.6879,-4.4713,-4.597,-5.0855,-5.8927,-6.6079,-7.4492,-7.6261,-6.9307,-5.9542,-4.568,-3.3951,-2.7692,-2.3276,-2.3858,-2.8081,-3.9904,-6.1161,-9.8398,-14.758,-19.658,-11.259,-7.7507,-4.9121,-3.2797,-2.5645,-2.1163,-2.1549,-2.6153,-3.2,-4.2119,-5.3628,-6.0775,-6.3717,-5.7173,-4.4118,-3.3497,-2.0561,-1.0524,-0.50683,-0.08797,-0.0040461,-0.20422,-0.8302,-1.9508,-3.6365,-5.3504,-8.0321,-9.8061,-9.1238,-6.7254,-4.5795,-3.3848,-2.345,-1.8157,-1.7352,-1.9305,-2.5297,-3.4966,-4.4635,-6.0492,-8.009,-10.34,-12.313,-15.151,-17.71,-18.925,-18.932,-17.133,-15.107,-12.139,-9.2963,-6.8672,-5.3254,-3.6832,-2.5056,-1.908,-1.4891,-1.5074,-1.8208,-2.6248,-3.8869,-5.5741,-7.1621,-9.5039,-12.075,-14.107,-17.42,-20.369,-17.115,-13.209,-9.1589,-6.2737,-4.6708,-3.1356,-2.1609,-1.7498,-1.6111,-1.9155,-2.678,-3.5625,-5.2377,-7.5286,-9.61,-12.107,-12.244,-10.936,-9.1975,-8.2177,-8.0373,-8.4715,-9.9446,-12.93,-17.022,-38.74,-18.438,-12.113,-9.5332,-7.3147,-5.9805,-5.4268,-5.0805,-5.1164,-5.3957,-5.9722,-6.7445,-7.6195,-8.2596,-8.9532,-9.36,-9.4486,-9.2467,-8.8211,-8.3857,-7.7946,-7.2654,-6.9268,-6.803,-6.875,-7.1918,-7.5602,-8.1386,-8.6865,-8.9907
-7.4422,-8.3538,-9.2797,-9.7415,-9.8253,-9.8306,-9.9526,-10.204,-10.744,-10.829,-9.4015,-7.4203,-4.4949,-1.9014,-0.261,1.511,2.8497,3.6007,4.2854,4.6265,4.6457,4.46,3.9541,3.1612,2.4236,1.2634,-0.025299,-1.0272,-2.3731,-3.7588,-5.3859,-6.964,-10.031,-15.745,-26.728,-16.552,-9.6058,-5.8652,-3.9788,-2.2086,-1.0636,-0.52343,-0.17979,-0.23796,-0.5224,-1.2329,-2.3086,-3.7394,-5.0073,-6.7684,-8.1471,-8.5521,-8.247,-7.4738,-6.9291,-6.4572,-6.3242,-6.6233,-7.1246,-8.2776,-10.205,-12.518,-18.087,-37.063,-16.907,-12.108,-8.3268,-5.8912,-4.6745,-3.6394,-3.1808,-3.2016,-3.6586,-4.5815,-5.8153,-6.6178,-6.9255,-6.1265,-5.1967,-4.0486,-3.2863,-3.0352,-3.114,-3.6768,-4.7893,-6.0427,-8.4579,-12.324,-17.305,-35.71,-16.22,-10.572,-7.9883,-5.5551,-3.8364,-2.899,-2.0688,-1.6205,-1.618,-1.9898,-2.9053,-4.4759,-6.1583,-9.035,-11.077,-10.098,-7.1782,-4.7732,-3.4698,-2.3318,-1.7486,-1.6259,-1.8043,-2.3577,-3.2496,-4.1274,-5.5636,-7.293,-9.3331,-11.077,-13.774,-17.156,-20.757,-30.702,-28.286,-20.283,-14.644,-10.907,-8.1178,-6.4857,-4.7971,-3.6269,-3.0654,-2.7375,-2.9127,-3.3851,-4.4998,-6.3433,-9.0024,-11.883,-17.393,-25.97,-26.211,-21.704,-18.993,-15.821,-12.869,-9.3689,-6.5385,-4.8964,-3.2953,-2.2577,-1.8149,-1.6603,-1.9703,-2.7729,-3.7301,-5.5606,-8.2141,-10.733,-14.144,-14.118,-12.205,-9.9863,-8.6636,-8.0898,-8.0902,-8.498,-9.2437,-9.8099,-10.092,-9.6147,-8.5168,-7.653,-6.615,-5.9035,-5.5804,-5.4425,-5.6254,-5.9615,-6.5954,-7.4932,-8.5893,-9.4925,-10.763,-11.951,-12.646,-13.131,-12.947,-12.431,-11.593,-10.817,-10.32,-10.206,-10.435,-11.186,-12.12,-13.925,-15.919,-16.226
-8.2472,-9.4203,-10.904,-12.033,-12.53,-12.883,-13.267,-13.969,-16.048,-19.678,-17.481,-12.631,-7.6359,-4.0641,-2.0197,0.12692,1.7285,2.6478,3.5453,4.1106,4.3823,4.4157,4.247,3.8634,3.4447,2.7401,1.8967,1.1686,0.088015,-1.132,-2.5004,-3.6136,-5.1629,-6.4983,-7.0172,-6.7441,-5.6162,-4.2701,-3.3439,-2.3297,-1.6055,-1.2635,-1.0574,-1.1365,-1.3617,-1.8474,-2.5431,-3.3734,-4.0456,-4.9114,-5.7055,-6.1933,-6.6978,-7.0959,-7.3519,-7.6901,-8.0726,-8.5413,-8.9652,-9.6585,-10.431,-11.007,-11.565,-11.416,-10.434,-9.2331,-7.5062,-5.9144,-4.8848,-3.7779,-2.9931,-2.5973,-2.2998,-2.2147,-2.2383,-2.282,-2.3091,-2.2939,-2.2819,-2.3392,-2.5484,-2.8475,-3.4934,-4.4394,-5.673,-6.7771,-8.4535,-10.139,-11.194,-11.867,-11.521,-10.337,-9.2086,-7.6379,-6.1309,-5.1263,-3.9711,-3.1081,-2.6484,-2.293,-2.2076,-2.3437,-2.5248,-2.7637,-2.8098,-2.6851,-2.3145,-1.8671,-1.5684,-1.3202,-1.316,-1.5786,-1.9607,-2.6978,-3.6714,-4.5601,-5.9169,-7.4364,-9.0741,-10.355,-12.04,-13.598,-14.555,-15.233,-14.711,-13.619,-11.662,-9.5996,-7.7319,-6.515,-5.1879,-4.1931,-3.6949,-3.3669,-3.4173,-3.7141,-4.4878,-5.7234,-7.3619,-8.8895,-11.003,-12.589,-12.811,-11.895,-10.349,-8.6301,-7.324,-5.6775,-4.2168,-3.2808,-2.295,-1.6169,-1.3297,-1.2075,-1.3955,-1.8679,-2.4071,-3.3053,-4.3003,-5.0421,-5.8515,-6.3465,-6.5114,-6.5615,-6.5374,-6.572,-6.6549,-6.8126,-6.9658,-7.0422,-7.0232,-6.8847,-6.6453,-6.4421,-6.2332,-6.1638,-6.1946,-6.4472,-6.9486,-7.4692,-8.4451,-9.725,-11.4,-12.946,-15.558,-19.238,-23.135,-29.557,-24.579,-20.566,-17.145,-14.986,-13.613,-13.047,-12.855,-13.35,-14.235,-16.244,-19.159,-19.717
-9.9276,-12.325,-17.146,-25.486,-24.081,-17.371,-13.907,-12.295,-10.745,-9.3649,-7.7892,-6.4272,-4.4775,-2.6028,-1.3153,0.16991,1.3917,2.1308,2.8937,3.4284,3.7487,3.8548,3.8381,3.6575,3.414,2.9689,2.3943,1.8949,1.1422,0.31285,-0.54617,-1.1825,-1.966,-2.5844,-2.9027,-3.0987,-3.0659,-2.8681,-2.6697,-2.4057,-2.2142,-2.1537,-2.2118,-2.4374,-2.7353,-3.2846,-3.9857,-4.7903,-5.4385,-6.3268,-7.1902,-7.8218,-8.6313,-9.4338,-10.035,-10.812,-11.549,-12.086,-12.347,-12.409,-12.183,-11.828,-11.157,-10.301,-9.2091,-8.3164,-7.0516,-5.7787,-4.8781,-3.7775,-2.8492,-2.2638,-1.6582,-1.2283,-0.95938,-0.8622,-0.8545,-0.99433,-1.2014,-1.6334,-2.2665,-2.8772,-3.8915,-5.1398,-6.5921,-7.788,-9.4499,-11.1,-12.222,-13.41,-13.954,-13.663,-12.877,-11.235,-9.3368,-7.9019,-6.1257,-4.6313,-3.6573,-2.6242,-1.8464,-1.2799,-0.97428,-0.67006,-0.47021,-0.36445,-0.29694,-0.31585,-0.41812,-0.68989,-1.1392,-1.7905,-2.4138,-3.4383,-4.6794,-5.736,-7.2985,-8.9785,-10.678,-11.872,-13.159,-13.856,-13.914,-13.418,-12.431,-11.473,-10.044,-8.5823,-7.1881,-6.2439,-5.1719,-4.3262,-3.8449,-3.4142,-3.2167,-3.2228,-3.4182,-3.7669,-4.2354,-4.5866,-5.0125,-5.2373,-5.24,-5.0032,-4.5232,-3.8928,-3.3683,-2.6652,-2.0137,-1.6009,-1.1613,-0.88104,-0.77577,-0.77649,-0.94425,-1.2624,-1.5799,-2.0967,-2.686,-3.1597,-3.789,-4.4186,-4.8831,-5.4857,-6.0815,-6.6559,-7.0332,-7.4525,-7.7032,-7.7668,-7.7395,-7.5746,-7.3998,-7.2748,-7.2115,-7.278,-7.4738,-7.91,-8.5653,-9.2371,-10.377,-11.77,-13.423,-14.845,-16.963,-19.313,-20.852,-22.071,-21.365,-20.002,-18.027,-16.161,-14.628,-13.663,-12.736,-12.141,-11.866,-11.602,-11.209,-10.595
-6.7288,-8.0034,-9.7871,-10.978,-11.018,-9.9845,-8.4929,-7.373,-6.0186,-4.7863,-3.6422,-2.8104,-1.7455,-0.75101,-0.058751,0.76404,1.4671,1.9062,2.3817,2.7277,2.9529,3.0434,3.0632,2.9642,2.8211,2.5246,2.1092,1.7318,1.1361,0.4567,-0.2922,-0.87931,-1.6479,-2.3627,-2.8228,-3.2855,-3.5532,-3.6225,-3.578,-3.4675,-3.3846,-3.3875,-3.5424,-3.909,-4.3395,-5.1473,-6.1714,-7.3807,-8.3403,-9.6063,-10.687,-11.398,-12.283,-13.226,-14.12,-15.694,-17.68,-19.707,-20.354,-19.323,-17.322,-15.854,-14.084,-12.49,-10.928,-9.7553,-8.1623,-6.597,-5.4686,-4.0972,-2.8836,-2.1112,-1.2599,-0.61807,-0.20137,-0.028609,0.0048343,-0.18425,-0.47816,-1.0771,-1.9344,-2.7595,-4.1019,-5.7629,-7.7474,-9.4496,-12.007,-14.845,-17.18,-20.707,-25.292,-28.783,-23.866,-17.635,-13.166,-10.536,-7.7198,-5.4819,-4.1047,-2.6206,-1.4631,-0.58672,-0.090983,0.3867,0.66444,0.75996,0.7317,0.5263,0.25207,-0.28325,-1.0164,-1.9632,-2.8139,-4.1571,-5.752,-7.1029,-9.1682,-11.59,-14.505,-17.114,-21.133,-23.025,-20.814,-17.027,-14.001,-12.16,-10.086,-8.3677,-6.9307,-6.0202,-4.9983,-4.2004,-3.7281,-3.2439,-2.9168,-2.7523,-2.6045,-2.5152,-2.4754,-2.4263,-2.3432,-2.2087,-2.077,-1.8508,-1.5784,-1.2826,-1.0677,-0.80472,-0.60207,-0.50104,-0.44407,-0.482,-0.56169,-0.75009,-1.0026,-1.3172,-1.5831,-1.9897,-2.4763,-2.8887,-3.5403,-4.3115,-4.9934,-6.0636,-7.3436,-8.7888,-9.9132,-11.21,-11.863,-11.753,-11.029,-10.1,-9.2925,-8.8673,-8.5361,-8.5022,-8.6912,-9.1806,-9.9491,-10.71,-11.89,-13.295,-14.84,-16.1,-17.905,-19.565,-20.617,-21.319,-20.87,-19.906,-18.095,-16.133,-14.286,-13.089,-11.674,-10.498,-9.7423,-8.8607,-8.0548,-7.2879
-2.0006,-2.3663,-2.7863,-3.0536,-3.1117,-2.9723,-2.6436,-2.3171,-1.8319,-1.32,-0.833,-0.49117,-0.072457,0.29526,0.53377,0.80358,1.0181,1.1492,1.2955,1.4148,1.5119,1.5718,1.6248,1.6157,1.5698,1.4181,1.1504,0.85675,0.324,-0.37099,-1.2552,-2.0384,-3.2392,-4.587,-5.6125,-6.7835,-7.353,-7.1496,-6.6276,-5.7968,-5.0908,-4.752,-4.6241,-4.9129,-5.4077,-6.5207,-8.2057,-10.593,-12.852,-16.256,-18.295,-17.853,-16.598,-16.028,-16.297,-17.65,-20.343,-24.721,-27.081,-23.782,-20.291,-18.677,-17.372,-16.347,-14.899,-13.314,-10.759,-8.2548,-6.5149,-4.5198,-2.8494,-1.8205,-0.70882,0.11233,0.65553,0.89412,0.98467,0.81402,0.51158,-0.12981,-1.0629,-1.9725,-3.4934,-5.4228,-7.8398,-10.072,-13.764,-18.565,-23.124,-27.846,-26.093,-22.816,-19.946,-15.742,-11.969,-9.5395,-6.8036,-4.5939,-3.2171,-1.7255,-0.54573,0.35095,0.85782,1.3276,1.5851,1.6336,1.5226,1.2014,0.82496,0.12857,-0.79368,-1.9704,-3.0136,-4.6219,-6.4845,-8.0409,-10.286,-12.717,-15.274,-17.277,-19.772,-20.392,-18.864,-15.915,-13.106,-11.302,-9.3013,-7.6763,-6.38,-5.5979,-4.7651,-4.1462,-3.8094,-3.474,-3.2351,-3.0778,-2.8589,-2.6048,-2.2922,-2.0351,-1.6513,-1.2664,-0.9856,-0.63802,-0.35655,-0.14267,-0.044168,-0.012947,-0.096756,-0.23837,-0.52838,-0.92004,-1.2581,-1.7324,-2.1656,-2.5149,-2.7254,-2.9542,-3.1783,-3.4026,-3.85,-4.525,-5.2307,-6.5205,-8.3334,-10.92,-13.742,-20.157,-39.338,-21.728,-15.301,-12.176,-10.342,-9.5387,-8.9982,-8.9667,-9.2113,-9.8902,-10.93,-11.859,-13.3,-14.901,-16.611,-17.984,-20.032,-22.833,-26.141,-35.04,-30.971,-24.496,-19.338,-15.933,-13.345,-11.854,-10.217,-8.8964,-8.0623,-7.1186,-6.3345,-5.6176
1.4362,1.3298,1.176,1.0253,0.93416,0.84629,0.79543,0.77279,0.7577,0.72003,0.66213,0.58413,0.42735,0.21322,0.0029758,-0.31897,-0.67328,-0.93076,-1.2183,-1.3858,-1.394,-1.2927,-1.0463,-0.73905,-0.54277,-0.35394,-0.30262,-0.40678,-0.74155,-1.3524,-2.2741,-3.2301,-4.9608,-7.4238,-10.074,-15.918,-26.297,-15.395,-11.141,-7.8213,-5.8263,-4.8887,-4.2168,-4.1247,-4.4231,-5.3166,-6.8633,-9.1615,-11.487,-15.278,-17.391,-16.267,-14.04,-12.696,-12.254,-12.247,-12.727,-13.364,-13.815,-14.276,-14.919,-15.769,-18.126,-23.841,-33.142,-19.943,-12.962,-8.6884,-6.3435,-3.8814,-1.9754,-0.8315,0.38237,1.2731,1.8802,2.1591,2.3063,2.1976,1.9472,1.3912,0.57039,-0.23276,-1.5535,-3.1694,-5.1509,-6.8891,-9.5537,-12.564,-14.719,-16.252,-15.34,-13.153,-11.376,-9.0932,-6.9429,-5.4593,-3.6846,-2.1333,-1.1485,-0.023079,0.87065,1.551,1.9379,2.2798,2.4393,2.4341,2.2601,1.8812,1.4591,0.68873,-0.34479,-1.6558,-2.8535,-4.7386,-6.9986,-8.9505,-11.817,-14.633,-16.483,-16.762,-15.966,-14.558,-13.322,-11.583,-9.8899,-8.7041,-7.317,-6.1677,-5.2909,-4.8142,-4.4259,-4.2945,-4.3494,-4.5949,-4.913,-5.1092,-5.1522,-4.8354,-4.1292,-3.4889,-2.5833,-1.7405,-1.186,-0.57622,-0.13131,0.12582,0.19929,0.12079,-0.1817,-0.56855,-1.3205,-2.3385,-3.2794,-4.6237,-5.8031,-6.3213,-6.1582,-5.4815,-4.7165,-4.2842,-3.9751,-4.0417,-4.328,-5.0343,-6.0865,-7.4653,-8.6074,-9.9873,-10.67,-10.533,-9.7176,-8.7605,-7.989,-7.6411,-7.5346,-7.8684,-8.4026,-9.5387,-11.183,-12.78,-15.385,-18.17,-20.131,-20.47,-20.086,-19.741,-19.69,-19.327,-18.054,-16.521,-14.209,-12.042,-10.288,-9.1824,-8.005,-7.1103,-6.6003,-6.0462,-5.5831,-5.1623
3.6329,3.5611,3.397,3.187,3.006,2.7326,2.4328,2.191,1.8346,1.4236,0.94432,0.52918,-0.12377,-0.91666,-1.606,-2.6796,-3.9064,-4.9108,-6.236,-7.2221,-7.3863,-6.8776,-5.6865,-4.3329,-3.4325,-2.4631,-1.824,-1.542,-1.4387,-1.6504,-2.1594,-2.7376,-3.7657,-5.0635,-6.1446,-7.4369,-7.8718,-7.0624,-5.9309,-4.3223,-2.9446,-2.1446,-1.4101,-1.0334,-0.99945,-1.2347,-1.7702,-2.5126,-3.142,-3.8994,-4.433,-4.615,-4.6632,-4.6307,-4.6405,-4.7707,-5.0319,-5.4221,-5.7795,-6.3705,-7.0633,-7.6482,-8.4153,-8.9133,-8.6298,-7.7812,-6.052,-4.1607,-2.7977,-1.1652,0.23812,1.1386,2.1375,2.919,3.4827,3.7555,3.9232,3.8699,3.6862,3.2502,2.6108,2.0122,1.0681,-0.016009,-1.1834,-2.0755,-3.2282,-4.191,-4.7207,-5.0638,-4.9266,-4.3959,-3.8051,-2.8743,-1.8807,-1.1466,-0.23562,0.58949,1.1133,1.7332,2.2267,2.6086,2.8196,3.0071,3.0744,3.051,2.8913,2.5759,2.2083,1.5407,0.62153,-0.57688,-1.6988,-3.5663,-5.9318,-8.1745,-12.096,-18.043,-25.11,-20.503,-15.091,-11.888,-10.169,-8.3485,-6.8856,-5.9672,-4.9426,-4.18,-3.6855,-3.5076,-3.584,-4.0774,-4.7599,-6.1989,-8.3979,-10.613,-13.313,-12.101,-8.7468,-6.5231,-4.2957,-2.6688,-1.7436,-0.83288,-0.19253,0.1969,0.33664,0.31312,0.0002612,-0.46287,-1.4616,-3.0482,-4.7751,-8.3454,-15.3,-26.371,-13.982,-8.2426,-5.3174,-3.976,-2.8845,-2.3683,-2.2653,-2.4107,-2.7943,-3.2902,-3.6843,-4.1184,-4.4031,-4.477,-4.4299,-4.3122,-4.2498,-4.285,-4.522,-5.0456,-5.6951,-6.9549,-8.7779,-10.672,-14.094,-19.183,-23.644,-20.64,-16.44,-13.797,-12.361,-10.853,-9.5792,-8.7187,-7.6153,-6.671,-5.9352,-5.535,-5.232,-5.2088,-5.3637,-5.7627,-6.2394,-6.6175
4.9136,4.7588,4.4531,4.0582,3.7139,3.2181,2.6903,2.278,1.6939,1.0786,0.36288,-0.25189,-1.222,-2.4238,-3.4925,-5.2163,-7.3823,-9.4192,-13.211,-20.294,-28.686,-17.244,-11.018,-7.4364,-5.5156,-3.6903,-2.4942,-1.9023,-1.4708,-1.3424,-1.4589,-1.6311,-1.9016,-2.1347,-2.2178,-2.1261,-1.7591,-1.1238,-0.51958,0.38336,1.2881,1.9011,2.5967,3.1182,3.3984,3.6115,3.6761,3.6113,3.5128,3.3541,3.1784,3.0502,2.879,2.6975,2.535,2.2706,1.9511,1.5663,1.2406,0.77309,0.30508,-0.029212,-0.38834,-0.60642,-0.6027,-0.45063,-0.063744,0.51128,1.0281,1.7914,2.5884,3.19,3.9428,4.6088,5.1372,5.4208,5.6245,5.6135,5.4633,5.0753,4.4957,3.9656,3.1622,2.3089,1.5241,1.0198,0.51582,0.22872,0.16357,0.24731,0.48447,0.82581,1.1186,1.5322,1.9221,2.1794,2.4626,2.646,2.7533,2.8141,2.8473,2.8785,2.9064,2.9735,3.0527,3.1015,3.1259,3.0596,2.927,2.6056,2.0966,1.3573,0.64648,-0.526,-1.9259,-3.1055,-4.728,-6.1545,-7.0497,-7.2154,-6.8842,-6.1776,-5.5235,-4.6537,-3.7792,-3.166,-2.4288,-1.8338,-1.4492,-1.3363,-1.4603,-1.9766,-2.6795,-4.1028,-6.1918,-8.138,-10.314,-9.6519,-7.0517,-5.295,-3.4583,-2.1606,-1.4528,-0.73057,-0.17841,0.30727,0.60882,0.90637,1.0339,0.97408,0.6344,-0.050593,-0.78217,-1.9325,-2.9596,-3.2728,-2.8593,-1.8053,-0.73009,-0.077658,0.47467,0.69001,0.64267,0.35783,-0.1091,-0.65016,-1.0304,-1.4239,-1.5963,-1.5723,-1.4007,-1.1415,-0.91562,-0.82118,-0.84085,-1.0726,-1.3999,-2.0452,-2.9187,-3.6736,-4.7588,-5.64,-6.066,-5.9823,-5.448,-4.6323,-3.9906,-3.1744,-2.459,-1.995,-1.5344,-1.2756,-1.2171,-1.3664,-1.8593,-2.7616,-3.7665,-5.7193,-8.695,-13.112
5.7894,5.4235,4.7947,4.0192,3.3778,2.4985,1.6636,1.098,0.45816,-0.1003,-0.66453,-1.184,-2.0859,-3.3003,-4.5041,-6.423,-8.6904,-10.361,-12.122,-12.765,-11.819,-10.273,-7.7326,-5.3255,-3.79,-2.258,-1.1943,-0.74098,-0.52831,-0.68174,-1.089,-1.4593,-1.829,-1.8012,-1.4394,-0.56822,0.54932,1.7744,2.6885,3.8535,4.9189,5.6522,6.5297,7.2619,7.7298,8.2381,8.6256,8.9018,9.047,9.1544,9.1906,9.1633,9.0661,8.8913,8.7107,8.4061,8.019,7.5651,7.1829,6.6404,6.0608,5.6206,5.0339,4.4792,3.9569,3.6059,3.1951,2.9227,2.8455,3.0178,3.5314,4.1117,5.0334,5.951,6.7303,7.1794,7.5482,7.6239,7.4778,7.0137,6.2379,5.4547,4.2049,2.8615,1.6719,1.124,1.0464,1.5574,2.1371,2.9462,3.6548,4.2152,4.5238,4.77,4.8271,4.7424,4.4623,3.9889,3.5392,2.8251,2.1042,1.5247,1.2987,1.3201,1.6816,2.0647,2.632,3.1418,3.4621,3.7333,3.8266,3.7173,3.5055,3.062,2.4249,1.8705,1.0434,0.19686,-0.61467,-1.1596,-1.7726,-2.2016,-2.3631,-2.2364,-1.7336,-1.1489,-0.24964,0.63643,1.3665,1.7537,2.0407,2.0583,1.8937,1.4677,0.90984,0.49896,0.056862,-0.12691,-0.15968,-0.12992,-0.18144,-0.41813,-0.72793,-1.1269,-1.2282,-0.69553,0.089294,1.3383,2.5135,3.2388,3.9503,4.3941,4.5731,4.7046,4.7841,4.8853,4.9995,5.1631,5.2755,5.2804,5.1092,4.6828,4.1697,3.1955,1.8889,0.28527,-0.95452,-2.2167,-2.3262,-1.66,-0.34662,0.93488,1.9672,2.5411,3.0515,3.3049,3.3629,3.2946,3.1142,2.9427,2.7318,2.5988,2.6012,2.6938,2.9361,3.2721,3.5508,3.9133,4.2099,4.3732,4.4571,4.3792,4.0841,3.7013,2.9357,1.8355,0.75487,-1.08,-3.3733,-5.7352
6.3459,5.6276,4.4243,2.9449,1.6574,-0.2546,-2.1303,-3.1271,-3.4659,-2.9996,-2.3403,-2.0532,-2.1131,-2.7925,-3.7847,-5.9647,-9.5831,-14.346,-33.65,-14.255,-8.3294,-5.5418,-2.7943,-0.81033,0.32835,1.382,1.9089,1.9618,1.5487,0.47568,-1.3571,-3.3888,-7.0038,-8.7919,-6.2649,-2.2381,0.86173,3.2161,4.6681,6.3047,7.6897,8.6071,9.6821,10.633,11.256,11.992,12.613,13.133,13.446,13.764,13.967,14.043,14.036,13.901,13.717,13.357,12.87,12.264,11.744,10.966,10.12,9.453,8.5214,7.5367,6.446,5.5114,4.0376,2.1876,0.6246,-0.86986,0.072734,1.9926,4.6551,6.8048,8.382,9.2208,9.9203,10.173,10.071,9.5325,8.4909,7.3129,5.0663,1.6497,-4.1016,-10.651,-5.0837,0.41894,2.8593,4.9903,6.3425,7.1632,7.5032,7.6316,7.4152,7.0256,6.1762,4.9428,3.6727,1.5437,-1.236,-4.3738,-5.853,-4.9291,-2.5246,-0.84833,1.0073,2.5102,3.455,4.5113,5.3144,5.8803,6.1327,6.2429,6.0968,5.8241,5.2498,4.42,3.3219,2.2685,0.51795,-1.7399,-3.7066,-5.4553,-4.1319,-1.9622,0.73562,2.8148,4.3452,5.1925,5.9701,6.4163,6.5805,6.6086,6.4646,6.2692,5.9358,5.5083,4.9256,4.3687,3.302,1.6775,-0.14432,-4.187,-12.815,-8.8717,-2.8182,1.7355,4.6238,6.1652,7.6739,8.7505,9.3494,9.9224,10.314,10.566,10.667,10.691,10.578,10.367,9.9024,9.1548,8.3702,6.9262,4.8582,1.8283,-1.6461,-10.451,-9.7223,-3.237,1.2281,3.8088,5.4577,6.2947,7.0368,7.4616,7.6265,7.7142,7.7299,7.7362,7.8077,7.9511,8.1922,8.4262,8.7867,9.1505,9.412,9.7027,9.9064,9.9712,9.95,9.7756,9.413,9.0311,8.3616,7.5123,6.7727,5.6964,4.6042,3.6341
3.8742,2.8651,1.2635,-0.74765,-2.6743,-6.124,-11.912,-21.658,-16.108,-8.8584,-5.4432,-3.8698,-2.6258,-2.1393,-2.1344,-2.5995,-3.3685,-3.8809,-3.96,-3.0278,-1.4103,-0.13025,1.3992,2.5997,3.2314,3.781,3.8805,3.675,2.9855,1.7777,-0.010715,-1.7286,-4.1869,-5.1391,-4.0406,-1.6017,0.71571,2.6853,3.9708,5.4887,6.8596,7.7896,8.9243,9.9839,10.729,11.654,12.506,13.264,13.762,14.324,14.734,14.938,15.052,14.98,14.793,14.358,13.716,12.859,12.085,10.904,9.6154,8.628,7.3773,6.254,5.216,4.3843,2.9768,0.86812,-1.3703,-4.5624,-2.7706,0.62256,4.31,6.9155,8.7496,9.713,10.549,10.924,10.928,10.567,9.7953,8.9524,7.4627,5.6476,3.8587,3.0652,3.3187,4.563,5.5917,6.7539,7.5635,8.0181,8.1256,7.9865,7.5144,6.9326,5.8208,4.2487,2.7416,0.11882,-3.3487,-7.6654,-10.051,-9.1808,-6.7952,-5.2647,-3.4175,-1.4247,0.11837,2.0811,3.7647,5.0644,5.7811,6.3902,6.6648,6.6341,6.3127,5.6513,4.6233,3.5826,1.728,-0.81507,-3.2541,-5.8205,-4.0232,-1.3089,1.734,3.9888,5.5997,6.4945,7.3279,7.8215,8.0087,8.0678,7.943,7.7514,7.4084,6.9613,6.4583,5.99,5.2313,4.2729,3.4186,2.2518,1.6229,2.2073,3.3938,5.2938,7.0653,8.186,9.4056,10.338,10.894,11.459,11.869,12.147,12.274,12.337,12.26,12.1,11.725,11.151,10.568,9.5867,8.3853,7.0302,6.0518,5.1069,4.9325,5.2946,6.1513,7.0392,7.7531,8.1099,8.3414,8.3124,8.135,7.767,7.3725,7.175,7.1699,7.5561,8.2351,8.8453,9.662,10.396,10.851,11.316,11.614,11.723,11.722,11.543,11.212,10.857,10.256,9.5194,8.886,7.9717,6.9976,5.9866
-2.2007,-3.2515,-4.6612,-6.0836,-7.1187,-8.433,-9.4797,-9.7942,-9.2938,-7.9946,-6.3483,-5.1714,-3.732,-2.6288,-1.9598,-1.2397,-0.66848,-0.26974,0.3315,1.0096,1.7485,2.298,2.9432,3.4727,3.7117,3.8438,3.722,3.4448,2.825,1.9842,0.96865,0.15057,-0.8619,-1.6177,-1.9546,-2.0755,-1.8097,-1.1969,-0.54412,0.46804,1.5686,2.3943,3.4983,4.5873,5.4221,6.577,7.7609,8.9084,9.7147,10.666,11.422,11.839,12.177,12.249,12.109,11.661,10.87,9.7126,8.5598,6.6197,4.1428,1.9873,-0.73278,-1.7974,-0.92506,0.029501,1.0015,1.619,1.9822,2.5404,3.425,4.2863,5.5644,6.7886,7.837,8.4548,9.0385,9.3354,9.3823,9.229,8.8459,8.4457,7.8041,7.1341,6.5369,6.2071,5.9653,5.9283,5.965,6.0503,6.0762,5.9721,5.7843,5.3807,4.7702,4.1725,3.1792,1.9379,0.84466,-0.79704,-2.5886,-4.462,-5.8638,-7.8735,-10.659,-13.944,-18.731,-11.426,-6.9985,-2.8828,-0.064647,1.8746,2.9161,3.8573,4.3637,4.4935,4.3964,4.0341,3.4687,2.9548,2.2112,1.5549,1.2273,1.159,1.5594,2.132,3.077,4.038,4.8527,5.3145,5.7217,5.8722,5.8179,5.5383,5.0768,4.6644,4.1045,3.6297,3.4009,3.3528,3.4633,3.6604,3.8435,4.1469,4.5532,5.0842,5.5536,6.2655,6.9319,7.3803,7.8896,8.277,8.5018,8.764,9.0057,9.2505,9.4336,9.658,9.8005,9.8444,9.7709,9.546,9.2775,8.8127,8.2697,7.7002,7.3205,6.9425,6.7393,6.7022,6.7717,6.8725,6.8886,6.7989,6.4273,5.6944,4.8312,3.1675,0.77422,-1.3282,-2.7976,-0.61364,2.4147,4.2808,6.1739,7.5218,8.2573,8.9298,9.3094,9.4428,9.4256,9.2206,8.8714,8.5011,7.8809,7.1337,6.4846,5.4879,4.3585,3.0432
-10.027,-11.536,-12.985,-13.503,-13.486,-13.313,-12.783,-12.234,-11.1,-9.5426,-7.8081,-6.4677,-4.7775,-3.2086,-2.1649,-0.93708,0.12477,0.81647,1.6237,2.321,2.8972,3.255,3.609,3.8229,3.8882,3.7858,3.5073,3.1661,2.5247,1.6685,0.60224,-0.32249,-1.7596,-3.4802,-4.9738,-7.1551,-9.1073,-9.513,-8.5753,-6.7811,-5.3195,-4.5673,-3.8523,-3.2263,-2.5238,-0.96472,1.0975,3.2494,4.7335,6.4043,7.7279,8.4829,9.1765,9.5181,9.544,9.261,8.5843,7.4725,6.3142,4.2076,1.2672,-1.7155,-6.7818,-8.0997,-4.1964,-1.8215,0.32381,1.7915,2.6177,3.5313,4.3571,4.9396,5.6672,6.3362,6.8926,7.2235,7.5169,7.6482,7.6349,7.4827,7.1953,6.9053,6.4623,5.9905,5.5422,5.2203,4.8231,4.4654,4.2107,3.8576,3.4689,3.0387,2.6876,2.1486,1.5417,1.0054,0.24034,-0.59601,-1.3058,-2.238,-3.2348,-4.2405,-5.0859,-6.2665,-7.5453,-8.3684,-8.4668,-6.8628,-5.0876,-2.69,-0.71696,0.76639,1.5755,2.2813,2.5702,2.5659,2.2998,1.8229,1.2615,0.85502,0.48298,0.40289,0.56199,0.98401,1.6032,2.1134,2.7971,3.3868,3.8261,4.0087,4.0242,3.7591,3.3371,2.4348,1.1178,-0.15352,-2.1313,-3.7535,-3.7719,-2.6556,-0.73187,1.0101,2.0807,3.23,4.1057,4.7724,5.1396,5.462,5.5834,5.5385,5.2999,4.8935,4.5061,4.0711,3.918,4.2059,4.6716,5.4398,6.1621,6.594,6.9632,7.0694,6.995,6.7168,6.2848,5.8006,5.4517,5.0955,4.9162,4.9248,5.0557,5.2421,5.3366,5.3002,4.9939,4.3054,3.4679,1.782,-0.67594,-2.9207,-4.5172,-2.2979,0.72726,2.5258,4.265,5.4393,6.0091,6.4543,6.6034,6.5653,6.3466,5.9956,5.5092,5.0736,4.4087,3.6247,2.9676,1.9597,0.80047,-0.53884
-19.372,-26.522,-33.666,-23.651,-21.429,-20.483,-20.556,-20.121,-17.603,-13.937,-10.624,-8.4383,-5.9209,-3.763,-2.3992,-0.83102,0.48915,1.3201,2.2278,2.9284,3.4462,3.7153,3.9362,3.9664,3.896,3.6637,3.2674,2.8732,2.2168,1.367,0.29329,-0.68578,-2.3083,-4.4282,-6.51,-10.316,-15.747,-17.475,-14.024,-10.666,-9.1563,-8.987,-10.358,-14.661,-23.782,-13.631,-5.9559,-1.4787,0.91937,3.3675,5.1716,6.1969,7.1956,7.8138,8.0525,8.0704,7.7791,7.1724,6.5308,5.4529,4.2108,3.2755,2.2453,1.6867,1.6356,1.8332,2.2575,2.7052,3.0473,3.5078,3.9602,4.3123,4.7735,5.1983,5.5377,5.7152,5.8249,5.7746,5.6267,5.2886,4.834,4.4372,3.8815,3.3321,2.8201,2.4613,1.9896,1.4839,1.0799,0.46565,-0.19879,-0.8721,-1.3539,-1.9621,-2.5207,-2.9318,-3.5037,-4.1103,-4.4699,-4.9225,-5.1091,-5.043,-4.8393,-4.4862,-3.9896,-3.519,-2.7551,-1.7963,-1.0244,-0.00016871,0.90973,1.6026,1.927,2.0542,1.8247,1.3959,0.45148,-0.93091,-2.7106,-4.102,-5.3032,-4.861,-3.6905,-1.8644,-0.24162,0.7543,1.7847,2.5104,2.9409,3.0825,2.9999,2.5809,2.0269,0.91143,-0.79223,-2.6101,-6.2374,-11.681,-11.381,-7.0613,-2.9164,-0.20431,1.2745,2.6991,3.68,4.3068,4.5679,4.6118,4.3387,3.8779,2.8333,1.1671,-0.62343,-4.0917,-7.748,-5.6405,-2.4645,0.69917,2.8029,3.8314,4.6615,4.9601,4.8739,4.3726,3.4701,2.2475,1.2326,0.095259,-0.17057,0.32972,1.5146,2.7685,3.8026,4.342,4.781,4.8926,4.7817,4.4493,4.0215,3.7622,3.6057,3.7786,4.1587,4.4725,4.8064,4.9288,4.856,4.5469,4.0347,3.5355,2.8213,2.106,1.4147,0.94091,0.28827,-0.4614,-1.112,-2.0606,-3.0959,-4.0601
-14.423,-15.856,-17.356,-18.045,-18.686,-20.2,-23.312,-25.013,-20.638,-15.213,-11.071,-8.5799,-5.7996,-3.4934,-1.9876,-0.30539,1.0606,1.8951,2.7876,3.4157,3.8044,3.9459,3.9519,3.7788,3.5326,3.1337,2.6428,2.2468,1.6765,1.0687,0.37706,-0.23832,-1.1939,-2.3129,-3.2426,-4.4763,-5.4993,-6.0602,-6.1611,-6.0762,-6.0188,-6.0879,-6.4358,-6.7379,-6.5436,-5.1968,-2.9852,-0.61521,1.0043,2.86,4.3825,5.3192,6.3135,7.0294,7.395,7.6736,7.7245,7.5693,7.3218,6.865,6.2877,5.8104,5.1553,4.5072,3.9101,3.4696,2.9131,2.4069,2.1149,1.908,1.971,2.2032,2.6869,3.205,3.6406,3.8471,3.922,3.709,3.3587,2.6366,1.6576,0.81919,-0.29825,-1.1786,-1.7153,-1.8996,-2.0726,-2.399,-2.8642,-3.7924,-5.0526,-6.4673,-7.3646,-7.9462,-8.0049,-7.9429,-8.2239,-9.0767,-10.01,-11.217,-10.837,-8.7207,-6.8017,-4.5468,-2.6923,-1.5258,-0.21343,0.86902,1.5666,2.3183,2.8526,3.1446,3.1878,2.9725,2.4203,1.7302,0.37017,-1.6787,-4.7822,-8.2894,-14.934,-11.325,-6.937,-3.2492,-0.90523,0.33041,1.4808,2.2077,2.5969,2.7123,2.6684,2.4083,2.092,1.5167,0.7985,0.20901,-0.50859,-0.86614,-0.67881,-0.14426,0.87228,1.9695,2.7252,3.5563,4.1686,4.5317,4.6447,4.58,4.2291,3.7582,2.8128,1.4055,0.032366,-2.0988,-3.5941,-2.701,-0.9793,1.255,2.9413,3.8044,4.4583,4.5848,4.3263,3.484,1.9744,-0.51217,-3.4248,-10.8,-18.457,-7.5754,-1.8818,1.2908,3.371,4.4668,5.5078,6.1775,6.4915,6.727,6.8056,6.7933,6.7144,6.566,6.3387,6.0852,5.5991,4.8671,4.136,2.8552,1.1995,-0.26113,-2.3163,-3.9922,-4.6194,-4.5757,-4.4514,-4.689,-5.2899,-6.6871,-8.7203,-10.781
-8.4956,-9.0517,-9.761,-10.599,-11.187,-11.936,-12.367,-12.28,-11.471,-9.9807,-8.0457,-6.4134,-4.254,-2.2038,-0.80271,0.82323,2.1368,2.9258,3.6851,4.1401,4.2744,4.1771,3.7812,3.1489,2.5383,1.6229,0.78964,0.30519,-0.063829,-0.16147,-0.13884,-0.13796,-0.22843,-0.44605,-0.66532,-1.01,-1.3483,-1.6151,-1.7539,-1.8764,-1.9145,-1.9187,-1.7749,-1.512,-1.1514,-0.50437,0.37494,1.399,2.2075,3.2797,4.2931,4.9919,5.8162,6.5172,6.9485,7.4037,7.6898,7.8206,7.812,7.6544,7.3385,6.9917,6.3687,5.5515,4.5069,3.5455,1.9454,-0.023192,-1.7129,-3.7423,-4.0457,-2.9747,-1.0359,0.62417,1.7806,2.3095,2.572,2.3327,1.803,0.57294,-1.4144,-3.5453,-7.5313,-11.958,-10.621,-8.0859,-5.9228,-5.0808,-5.2178,-6.3882,-9.0032,-14.069,-22.859,-20.448,-12.971,-10.763,-9.6766,-10.182,-11.896,-15.522,-15.36,-9.6354,-6.2411,-2.9691,-0.59996,0.78296,2.2266,3.3142,3.9503,4.5591,4.9278,5.0644,5.0187,4.7706,4.2807,3.7627,2.8828,1.8298,0.71179,-0.037867,-0.62281,-0.5574,-0.13691,0.65918,1.4558,1.9384,2.3857,2.584,2.5828,2.4685,2.2478,2.033,1.9018,1.7954,1.7957,1.8541,2.0421,2.305,2.6631,2.9981,3.467,3.9392,4.2435,4.5999,4.8424,4.963,4.9746,4.9197,4.7526,4.5798,4.308,4.0138,3.8045,3.6526,3.7311,4.0981,4.5264,5.1959,5.7957,6.1333,6.3485,6.2523,5.963,5.2865,4.2752,3.0202,2.0175,0.9502,0.75898,1.2978,2.5939,4.049,5.3716,6.2398,7.1721,7.8711,8.254,8.5836,8.7306,8.7251,8.5958,8.3038,7.8497,7.3843,6.5518,5.4407,4.3648,2.4826,-0.11217,-2.7885,-8.2609,-21.138,-14.347,-9.4226,-6.5912,-5.6768,-5.8437,-7.1473,-9.7473,-13.542
-3.4935,-3.7784,-4.3481,-5.1223,-5.8141,-6.8984,-8.1142,-9.0807,-10.114,-10.069,-8.2253,-6.2532,-3.5209,-1.1368,0.384,2.0791,3.383,4.1114,4.7426,4.9963,4.8575,4.4785,3.5748,2.1225,0.63744,-2.0255,-5.2525,-7.1044,-6.3342,-3.9432,-2.0263,-1.0202,-0.17655,0.24623,0.36481,0.33607,0.19992,0.029525,-0.085879,-0.1758,-0.19789,-0.17866,-0.098401,0.04298,0.18328,0.42883,0.74124,1.135,1.5093,2.1404,2.8638,3.44,4.2223,4.9908,5.5338,6.1799,6.732,7.1548,7.3866,7.5377,7.4941,7.3145,6.8534,6.1119,4.9976,3.887,1.9164,-0.84671,-3.7251,-8.9178,-10.04,-6.3746,-2.5754,-0.1595,1.3672,2.0692,2.5175,2.4763,2.1064,1.1389,-0.42959,-2.0039,-4.5406,-6.5515,-6.3008,-5.0914,-3.6353,-2.8576,-2.727,-3.1597,-4.1021,-5.2581,-5.9448,-6.0221,-5.2908,-4.6051,-3.8691,-3.4437,-3.2034,-2.8188,-2.0143,-0.80653,0.27415,1.7431,3.0785,3.9413,4.9007,5.6362,6.0331,6.3866,6.5495,6.5328,6.41,6.1197,5.7089,5.3537,4.849,4.3649,3.942,3.7028,3.4975,3.4383,3.4497,3.5013,3.4792,3.3655,3.0358,2.4696,1.6549,0.91102,-0.14642,-0.95178,-1.1476,-0.74402,0.14761,0.92074,1.8813,2.6855,3.3535,3.734,4.1199,4.3515,4.4405,4.4443,4.3341,4.1622,4.0161,3.8313,3.7766,3.8446,4.0876,4.5191,4.9244,5.5235,6.1706,6.8115,7.2623,7.7882,8.1787,8.3579,8.4203,8.2585,7.9956,7.4703,6.8011,6.0865,5.6001,5.1259,4.9698,5.0901,5.5581,6.2777,7.1,7.7183,8.4594,9.053,9.3864,9.6591,9.7433,9.691,9.4673,9.0978,8.5825,8.1073,7.3446,6.4246,5.6027,4.3122,2.7828,1.5187,-0.16044,-1.4483,-1.9008,-1.8232,-1.519,-1.3887,-1.4655,-1.8077,-2.2704,-2.6056
-0.72677,-0.8962,-1.368,-2.0873,-2.8788,-4.3187,-6.4448,-8.8144,-13.965,-20.069,-11.82,-7.4584,-3.5935,-0.8772,0.68753,2.2947,3.461,4.0671,4.5804,4.719,4.4892,4.0468,3.0659,1.5382,-0.032348,-2.8085,-6.3392,-8.4201,-7.4964,-4.8183,-2.7967,-1.828,-1.0992,-0.87449,-0.97754,-1.3529,-1.8939,-2.4378,-2.7377,-2.893,-2.8111,-2.6346,-2.4846,-2.4463,-2.5795,-2.8966,-3.3654,-3.7704,-3.8547,-3.5457,-2.7476,-1.9775,-0.89017,0.13683,0.88102,1.8473,2.8254,3.7436,4.3503,5.0094,5.4269,5.5659,5.5105,5.1553,4.5082,3.8341,2.7342,1.4863,0.54769,-0.4354,-0.83735,-0.73909,-0.23895,0.44005,1.089,1.5103,1.9278,2.1305,2.1362,1.9452,1.5672,1.1897,0.68618,0.32582,0.21991,0.26535,0.42884,0.5445,0.57858,0.53153,0.40596,0.26043,0.21688,0.26622,0.4448,0.6705,0.9991,1.3459,1.6548,2.0457,2.5077,3.0526,3.4729,4.06,4.6102,4.9727,5.3798,5.6664,5.7835,5.8203,5.6912,5.3968,5.0722,4.5166,3.9026,3.4467,2.9316,2.6017,2.5073,2.5628,2.7288,2.9163,3.0198,3.0261,2.8227,2.4985,1.7617,0.59918,-1.1688,-3.043,-6.8144,-13.66,-18.21,-9.7535,-4.9658,-2.7373,-0.73999,0.59916,1.4218,1.7904,2.0169,1.9706,1.7967,1.3393,0.68557,-0.15938,-0.86899,-1.827,-2.3863,-2.2625,-1.236,0.39787,1.7537,3.4324,4.8901,6.0949,6.8313,7.5815,8.0792,8.2781,8.3163,8.093,7.7487,7.0548,6.1253,4.9886,4.0773,2.9668,2.2838,2.286,2.9656,4.1088,5.3422,6.176,7.1074,7.7818,8.1054,8.3078,8.2552,8.0683,7.6373,7.0708,6.4371,5.9724,5.4258,4.9533,4.6372,4.2446,3.8235,3.5035,3.0772,2.7147,2.4297,2.2532,2.04,1.8031,1.5834,1.2526,0.87738,0.50616
-0.43265,-0.33097,-0.39866,-0.73266,-1.1438,-1.9008,-2.8177,-3.5257,-4.2824,-4.4662,-3.8369,-3.0105,-1.7017,-0.41874,0.42985,1.393,2.1442,2.5614,2.9109,3.0262,2.8934,2.6301,2.0574,1.2679,0.56355,-0.448,-1.3786,-1.8895,-2.2427,-2.3055,-2.2802,-2.3447,-2.6543,-3.3274,-4.1209,-5.6379,-7.7603,-10.367,-11.956,-11.937,-10.07,-8.7343,-7.5407,-7.1752,-7.4265,-8.6051,-10.94,-14.962,-18.904,-17.561,-12.968,-10.803,-9.1682,-8.3444,-7.8019,-6.5934,-4.7409,-2.6649,-1.2697,0.26258,1.3558,1.9005,2.2871,2.3195,2.0782,1.7297,1.0918,0.319,-0.28613,-1.0669,-1.7439,-2.1258,-2.4116,-2.3983,-2.1066,-1.7245,-1.1027,-0.48476,-0.070733,0.36673,0.66005,0.78619,0.88162,0.91591,0.92935,0.93263,0.93869,0.96283,0.97496,1.0138,1.0603,1.1423,1.2378,1.3924,1.5843,1.7311,1.9356,2.1366,2.2543,2.4161,2.5281,2.6198,2.6743,2.7204,2.754,2.7758,2.7765,2.7352,2.6693,2.4659,2.0874,1.4745,0.83059,-0.30677,-1.7736,-3.0277,-4.5455,-5.1153,-4.3452,-3.3245,-1.9541,-0.89871,-0.35203,0.037983,0.081334,-0.11401,-0.68279,-1.6151,-2.9192,-4.1336,-5.9286,-7.4711,-7.8785,-7.0554,-5.5269,-4.4104,-3.2164,-2.4463,-2.0784,-2.0237,-2.2589,-2.7694,-3.3416,-4.2871,-5.4831,-7.0541,-8.6779,-11.875,-18.937,-29.809,-13.122,-6.8787,-3.8267,-0.77163,1.498,3.2159,4.2109,5.1971,5.8337,6.092,6.1468,5.8683,5.4263,4.4973,3.0915,1.069,-1.0518,-5.2804,-12.682,-13.288,-5.8142,-1.5607,1.0912,2.4654,3.7463,4.5232,4.8116,4.8486,4.4912,3.962,2.9436,1.5978,0.14297,-0.76576,-1.2881,-0.9253,-0.31987,0.53403,1.2489,1.6387,1.993,2.1796,2.2065,2.1513,1.9577,1.6474,1.3205,0.76394,0.068753,-0.74495
-0.2502,0.17657,0.50519,0.57419,0.50197,0.26553,-0.072016,-0.33616,-0.65562,-0.85223,-0.9097,-0.85623,-0.67494,-0.40382,-0.15974,0.19033,0.53941,0.7908,1.0444,1.2047,1.2307,1.1624,0.94786,0.61071,0.28685,-0.18427,-0.67434,-1.0184,-1.4641,-1.8956,-2.3771,-2.7957,-3.5196,-4.5246,-5.5321,-7.3988,-10.081,-13.88,-16.961,-16.377,-12.686,-10.723,-9.1072,-8.4552,-8.49,-9.2732,-10.791,-12.816,-14.011,-14.225,-13.284,-12.843,-13.41,-16.109,-21.595,-25.646,-13.213,-7.9549,-5.4333,-3.1318,-1.6315,-0.90518,-0.37233,-0.23424,-0.43692,-0.7659,-1.4143,-2.279,-3.047,-4.2636,-5.7307,-6.9766,-8.638,-9.6157,-8.978,-7.7043,-5.7574,-4.0185,-2.9613,-1.8698,-1.1067,-0.69864,-0.35839,-0.20421,-0.19952,-0.24538,-0.35281,-0.43878,-0.46999,-0.44313,-0.30723,-0.066604,0.14682,0.46769,0.78341,0.98252,1.1928,1.3019,1.29,1.1841,0.94229,0.55268,0.20287,-0.32789,-0.8378,-1.1469,-1.4119,-1.5022,-1.5047,-1.546,-1.7457,-2.2467,-2.8961,-4.2787,-6.5478,-9.197,-15.468,-23.154,-12.545,-8.7242,-5.6582,-3.8104,-2.9484,-2.2879,-2.0826,-2.1726,-2.5299,-3.0925,-3.753,-4.2533,-4.8188,-5.1962,-5.2897,-5.1967,-4.9476,-4.7447,-4.5774,-4.6457,-4.9632,-5.4256,-6.342,-7.5913,-8.7296,-10.32,-11.79,-12.739,-13.121,-13.274,-12.938,-12.014,-9.7625,-6.9474,-4.8684,-2.3785,-0.31327,1.3415,2.3275,3.3276,3.9924,4.2826,4.395,4.1908,3.8314,3.0673,1.9508,0.45972,-0.88959,-2.8251,-4.3094,-4.4523,-3.3238,-1.6443,-0.092959,0.83622,1.7441,2.265,2.41,2.2326,1.5944,0.76007,-0.94652,-3.6288,-8.0754,-14.435,-21.226,-9.5486,-6.0251,-3.2113,-1.4544,-0.55808,0.26149,0.75007,0.99853,1.0433,0.92646,0.5922,0.19568,-0.56437,-1.6125,-3.0053
1.1416,1.6419,2.0672,2.2678,2.2845,2.1608,1.873,1.5803,1.1006,0.54061,-0.094172,-0.57844,-1.211,-1.7321,-1.961,-2.0267,-1.8132,-1.5237,-1.075,-0.67238,-0.38806,-0.27266,-0.25077,-0.36437,-0.53548,-0.83388,-1.1945,-1.4876,-1.8941,-2.3115,-2.7291,-3.0539,-3.5287,-4.0771,-4.5604,-5.3116,-6.1051,-6.7797,-7.0677,-7.0685,-6.6885,-6.2623,-5.7807,-5.4874,-5.4261,-5.5853,-5.9544,-6.3962,-6.6937,-7.0457,-7.3526,-7.6148,-8.1077,-8.6327,-8.8304,-8.3356,-6.9087,-5.1405,-3.9354,-2.6739,-1.8222,-1.4725,-1.3467,-1.5742,-2.1289,-2.683,-3.5709,-4.5912,-5.4583,-6.8465,-8.7143,-10.687,-14.909,-22.53,-17.785,-12.642,-8.4113,-5.7002,-4.2565,-2.8938,-2.0128,-1.6023,-1.3713,-1.4158,-1.7177,-2.0683,-2.652,-3.2447,-3.5694,-3.7073,-3.4166,-2.7712,-2.1822,-1.3749,-0.66219,-0.21851,0.18165,0.34685,0.30299,-0.015455,-0.63952,-1.6311,-2.6454,-4.3306,-6.3037,-7.6141,-8.3007,-7.5032,-6.5081,-5.2915,-4.4544,-4.0735,-4.0619,-4.399,-5.0594,-5.6732,-6.3487,-6.464,-5.8303,-5.0671,-4.0338,-3.2348,-2.8604,-2.671,-2.871,-3.2328,-3.948,-4.7989,-5.6105,-6.0554,-6.3295,-6.2124,-5.962,-5.5969,-5.294,-5.1949,-5.2823,-5.6991,-6.4547,-7.3152,-8.8909,-11.134,-13.357,-17.522,-23.775,-24.931,-20.011,-15.482,-12.208,-10.163,-7.667,-5.3801,-3.8041,-1.8917,-0.26459,1.0761,1.8881,2.7298,3.2966,3.5633,3.7083,3.6337,3.4392,3.011,2.4242,1.7128,1.1498,0.44453,-0.072053,-0.27097,-0.26137,-0.0020567,0.41777,0.78762,1.238,1.5543,1.6789,1.5926,1.1778,0.62764,-0.44883,-1.8844,-3.4827,-4.4978,-5.0156,-4.4545,-3.6851,-2.5939,-1.678,-1.1258,-0.54716,-0.1238,0.17298,0.28672,0.2933,0.083375,-0.23631,-0.93726,-2.0041,-3.5384
3.1874,3.5296,3.8213,3.9458,3.9155,3.7139,3.3186,2.8815,2.0934,1.0333,-0.33865,-1.6162,-3.6772,-6.0282,-7.563,-8.1258,-6.8076,-5.501,-3.9607,-2.8825,-2.1935,-1.9064,-1.7719,-1.8558,-2.0299,-2.3871,-2.8416,-3.2217,-3.7023,-4.0912,-4.3267,-4.3889,-4.3457,-4.1938,-4.0489,-3.8259,-3.5937,-3.3686,-3.1717,-2.8767,-2.5695,-2.326,-2.0356,-1.8266,-1.744,-1.6903,-1.7243,-1.8076,-1.9074,-2.0211,-2.1361,-2.2041,-2.2337,-2.1914,-2.0747,-1.7812,-1.3633,-0.91724,-0.62159,-0.36791,-0.37265,-0.60189,-1.2201,-2.2324,-3.6257,-4.8518,-6.5001,-7.6965,-8.1245,-8.2458,-8.2388,-8.3079,-8.4378,-8.2954,-7.4868,-6.5593,-5.1571,-3.855,-3.0499,-2.2434,-1.7495,-1.6171,-1.7357,-2.2247,-3.1161,-4.1028,-5.9272,-8.4462,-10.66,-12.451,-10.623,-7.6269,-5.6979,-3.6837,-2.1974,-1.366,-0.59809,-0.19607,-0.11243,-0.39883,-1.1256,-2.371,-3.7562,-6.4248,-10.615,-15.762,-20.386,-12.919,-9.706,-7.0182,-5.3848,-4.3399,-3.822,-3.3393,-3.0065,-2.8108,-2.5621,-2.2616,-1.9433,-1.6946,-1.4341,-1.348,-1.4468,-1.8774,-2.6966,-3.6196,-5.3803,-7.828,-10.871,-12.758,-12.39,-9.9187,-8.2381,-6.6305,-5.6533,-5.2752,-5.1977,-5.5482,-6.3692,-7.3061,-8.9844,-11.12,-13.011,-15.67,-17.732,-17.83,-16.438,-13.579,-10.595,-8.5237,-6.0082,-3.8208,-2.4175,-0.81064,0.49304,1.4955,2.0689,2.6237,2.9524,3.0923,3.1566,3.1154,3.0275,2.8215,2.5081,2.091,1.6994,1.0956,0.444,-0.042097,-0.57127,-0.82961,-0.71411,-0.36734,0.29681,1.0074,1.4482,1.8587,2.0003,1.9321,1.6202,1.1161,0.51354,0.066712,-0.49357,-0.94271,-1.2103,-1.5187,-1.7536,-1.8506,-1.7898,-1.4857,-1.0352,-0.67418,-0.26485,-0.037799,-0.019134,-0.24184,-0.77104,-1.6164
4.2525,4.4521,4.6362,4.6861,4.6288,4.397,3.9795,3.5121,2.644,1.443,-0.1932,-1.8118,-4.7365,-9.0073,-13.432,-15.199,-10.304,-7.7366,-5.6474,-4.486,-3.954,-3.8363,-3.956,-4.3242,-4.7118,-5.4021,-6.2776,-7.0614,-8.2247,-9.2417,-9.6162,-9.2373,-8.0515,-6.611,-5.567,-4.3245,-3.2825,-2.4057,-1.8485,-1.1975,-0.63721,-0.2999,0.086759,0.37729,0.53352,0.67175,0.75011,0.77157,0.76869,0.76861,0.79138,0.82969,0.92779,1.0753,1.2189,1.4321,1.6317,1.7592,1.777,1.6335,1.2054,0.66346,-0.46348,-2.1736,-4.7023,-7.4688,-13.49,-26.427,-16.936,-10.653,-7.666,-6.3028,-5.0669,-4.2201,-3.5382,-3.0761,-2.5198,-2.0479,-1.7717,-1.5147,-1.4426,-1.5266,-1.8424,-2.4909,-3.5324,-4.6476,-6.6605,-9.4809,-12.046,-14.375,-12.301,-9.0609,-7.055,-4.9057,-3.2168,-2.2127,-1.1602,-0.45596,-0.17233,-0.093691,-0.41788,-1.1381,-1.9139,-3.2289,-4.6841,-5.6343,-6.4056,-6.4938,-6.2506,-5.7729,-5.2309,-4.619,-4.1177,-3.385,-2.632,-2.0758,-1.3942,-0.79829,-0.31405,-0.047565,0.15471,0.14494,-0.036568,-0.56715,-1.4705,-2.4675,-4.331,-6.9748,-10.502,-12.89,-12.289,-9.2376,-7.4072,-5.7079,-4.7265,-4.3519,-4.2756,-4.6239,-5.4192,-6.2836,-7.8096,-9.799,-11.633,-14.551,-17.594,-18.353,-16.197,-12.357,-8.9262,-6.7301,-4.2543,-2.2517,-1.015,0.2436,1.1317,1.659,1.8367,1.8089,1.5852,1.3444,1.0774,0.97671,1.0287,1.1858,1.2788,1.1676,0.87885,0.14416,-1.1016,-2.4372,-4.8155,-7.3001,-7.3878,-5.5135,-2.6745,-0.44539,0.7656,1.9169,2.6148,2.8835,2.9591,2.7544,2.3002,1.8106,0.9639,-0.13145,-1.1385,-2.8092,-4.7929,-6.2731,-7.3122,-6.3939,-4.4975,-3.0988,-1.6075,-0.54432,-0.015882,0.39612,0.51609,0.39038
3.6131,3.8113,4.03,4.1547,4.1818,4.1079,3.878,3.5958,3.0543,2.2929,1.2875,0.3812,-0.9607,-2.3279,-3.2047,-3.9431,-4.1968,-4.2473,-4.3502,-4.6924,-5.3643,-6.0442,-7.0569,-8.0305,-8.6718,-9.4239,-10.415,-11.519,-14.096,-19.41,-37.915,-21.198,-13.749,-9.8181,-7.7615,-5.7077,-4.1457,-2.8576,-2.0516,-1.1305,-0.3703,0.10318,0.58809,0.94017,1.1255,1.2475,1.2715,1.2266,1.1877,1.1298,1.1403,1.2137,1.404,1.7174,2.0023,2.4018,2.7692,3.0496,3.156,3.1137,2.8307,2.4331,1.6004,0.39587,-1.17,-2.5625,-4.3891,-5.4704,-5.4059,-4.5111,-3.4608,-2.7858,-2.1281,-1.7196,-1.5563,-1.5329,-1.6065,-1.7379,-1.8331,-1.9452,-2.0351,-2.0857,-2.235,-2.5235,-3.0394,-3.5888,-4.5227,-5.5882,-6.3624,-7.1374,-7.4884,-7.3071,-6.8138,-5.7299,-4.3117,-3.1607,-1.7406,-0.59798,0.013535,0.5504,0.72199,0.54219,0.20541,-0.46221,-1.3339,-2.097,-3.1863,-4.3854,-5.3258,-6.6447,-7.6917,-7.9066,-7.3122,-5.8865,-4.2868,-3.1722,-1.8842,-0.84933,-0.023737,0.44842,0.89399,1.1277,1.155,0.99342,0.57398,0.1024,-0.68849,-1.6079,-2.4619,-2.9223,-3.2016,-3.1353,-2.9685,-2.7269,-2.6121,-2.6451,-2.8607,-3.3088,-3.9612,-4.604,-5.7365,-7.2852,-8.7507,-11.284,-14.228,-14.923,-12.607,-8.7693,-5.5909,-3.6786,-1.6262,-0.074175,0.80469,1.5989,1.9512,1.8401,1.424,0.37172,-1.2919,-2.9235,-5.0693,-5.4239,-4.1977,-2.1552,-0.61381,0.23078,0.43165,0.11909,-0.89992,-2.1944,-4.7776,-7.9789,-8.2071,-5.6739,-2.3169,0.10668,1.4221,2.6462,3.404,3.7153,3.8454,3.6767,3.2216,2.6877,1.7144,0.36791,-0.97255,-3.3492,-6.79,-10.611,-15.977,-11.174,-6.5431,-4.2644,-2.1737,-0.75429,0.0013661,0.70273,1.1469,1.3965
1.5322,1.8883,2.2806,2.6198,2.8318,3.0704,3.2255,3.2822,3.258,3.0884,2.7789,2.4556,1.9302,1.3149,0.80837,0.10713,-0.67276,-1.3628,-2.5076,-4.0774,-6.245,-8.4492,-12.376,-16.358,-16.429,-13.851,-12.122,-11.634,-11.699,-12.16,-12.268,-11.699,-10.263,-8.683,-7.5816,-6.2422,-4.9584,-3.7249,-2.8113,-1.7008,-0.76765,-0.18893,0.37944,0.71789,0.82613,0.79331,0.55975,0.17796,-0.18169,-0.66997,-1.0218,-1.061,-0.70866,0.070923,0.82115,1.875,2.8508,3.6587,4.1207,4.5333,4.7167,4.6899,4.4711,4.0503,3.4896,3.031,2.4453,1.9703,1.7197,1.5084,1.3637,1.2257,0.92897,0.45997,-0.22372,-0.90039,-1.9865,-3.1698,-3.9572,-4.5683,-4.4356,-3.9905,-3.2824,-2.6911,-2.3937,-2.3913,-2.7238,-3.399,-4.176,-5.6186,-7.6923,-10.589,-12.621,-11.332,-7.2193,-4.5975,-1.9229,0.0090401,1.0618,1.982,2.4756,2.5868,2.4325,1.9381,1.1275,0.29956,-1.1549,-3.1009,-5.0534,-8.7213,-15.399,-32.14,-15.537,-9.2621,-5.9005,-4.166,-2.4344,-1.1194,-0.071806,0.59055,1.3315,1.9055,2.2262,2.5003,2.5866,2.542,2.3529,2.0462,1.6651,1.3498,0.92654,0.47438,0.13076,-0.37669,-0.91492,-1.3324,-1.8593,-2.3067,-2.6267,-2.8197,-3.0561,-3.2739,-3.4448,-3.5743,-3.4895,-2.9803,-2.2945,-1.0834,0.23831,1.2106,2.3452,3.2398,3.7073,4.0573,4.03,3.5766,2.907,1.4753,-0.80485,-3.2928,-7.672,-8.5421,-5.3826,-1.8164,0.46136,1.8184,2.3945,2.707,2.6318,2.3993,2.0076,1.7385,1.8461,2.1747,2.844,3.5735,4.078,4.5902,4.8984,4.9925,4.9318,4.6705,4.2221,3.7621,2.9784,2.0024,1.1535,-0.069961,-1.315,-2.0882,-2.6637,-2.569,-1.9601,-1.3702,-0.58936,0.059796,0.46818,0.91311,1.2717,1.5804
-1.8008,-1.3596,-0.9335,-0.49517,-0.097036,0.5483,1.2934,1.8419,2.4875,2.9973,3.3375,3.4722,3.4722,3.2969,3.0516,2.5522,1.8449,1.1565,-0.033301,-1.6164,-3.6849,-5.6636,-8.8313,-11.512,-11.678,-9.8616,-8.1531,-7.3088,-6.6706,-6.4357,-6.4883,-6.6558,-7.0386,-7.6264,-8.1563,-8.5525,-7.8915,-6.2415,-4.7608,-2.9894,-1.597,-0.86057,-0.19841,0.075656,0.047208,-0.24932,-0.87135,-1.8744,-2.955,-4.9113,-7.5601,-9.3831,-8.5105,-4.9331,-2.4108,0.2859,2.3313,3.8684,4.7664,5.6783,6.2964,6.5964,6.8148,6.8566,6.7425,6.5932,6.3189,5.9804,5.686,5.2328,4.6983,4.2072,3.3911,2.3108,0.90495,-0.46546,-2.9138,-6.5403,-10.786,-19.105,-11.986,-7.7805,-4.4332,-2.425,-1.2145,-0.70595,-0.46407,-0.70643,-1.2041,-2.3481,-4.0945,-6.4141,-7.7822,-6.9062,-3.8601,-1.6367,0.72668,2.4677,3.4419,4.3323,4.8259,4.9735,4.8736,4.4666,3.7582,3.0413,1.815,0.28871,-1.0375,-2.9343,-4.6778,-5.6316,-5.5932,-4.9094,-4.0246,-3.4066,-2.6442,-1.8609,-0.97613,-0.22105,0.84916,1.8897,2.5867,3.3426,3.8987,4.166,4.3186,4.2727,4.0245,3.7105,3.1325,2.3597,1.6336,0.45782,-0.93681,-2.0638,-3.4604,-4.1992,-3.9521,-3.2484,-2.0342,-0.83132,-0.02954,0.93065,1.8186,2.6824,3.3249,4.1623,4.9648,5.5145,6.1416,6.6187,6.8577,6.9919,6.91,6.5979,6.2153,5.523,4.6956,4.083,3.4891,3.366,3.6028,4.2063,4.8964,5.4816,5.8059,6.0806,6.1919,6.1975,6.1518,6.0953,6.0669,6.0778,6.11,6.1404,6.1351,6.0731,5.9203,5.746,5.4272,5.0238,4.5539,4.165,3.6032,3.008,2.5654,1.9857,1.4568,1.1299,0.78679,0.55406,0.41255,0.32183,0.19639,0.027379,-0.11939,-0.25495,-0.23061,0.044873
-5.7957,-6.4012,-7.3701,-7.8816,-7.3642,-5.6184,-3.4484,-1.9272,-0.19096,1.1936,2.2231,2.7836,3.2727,3.497,3.5117,3.3309,2.9509,2.5551,1.8713,1.0553,0.13394,-0.56454,-1.425,-2.0269,-2.2517,-2.2797,-2.1399,-2.0316,-2.0301,-2.2719,-2.8185,-3.5148,-5.0009,-7.4449,-10.418,-18.677,-19.625,-10.218,-6.8489,-4.0945,-2.4856,-1.7678,-1.3552,-1.3937,-1.6535,-2.2516,-3.0338,-4.0321,-4.9905,-6.7015,-8.9992,-10.545,-9.4623,-5.7381,-3.1167,-0.28159,1.9013,3.586,4.6021,5.6798,6.4824,6.9439,7.3723,7.6283,7.73,7.7074,7.5639,7.3013,7.0251,6.5438,5.9146,5.3435,4.4331,3.3158,1.9419,0.74472,-1.0941,-3.1513,-4.6194,-5.7096,-5.0758,-3.8912,-2.1309,-0.62062,0.53516,1.1704,1.7487,2.0206,2.0635,1.9558,1.7498,1.6187,1.6835,2.0834,2.8137,3.4926,4.42,5.2361,5.7306,6.219,6.4714,6.484,6.3445,5.9637,5.3657,4.7806,3.8617,2.8035,1.9581,0.81699,-0.2527,-1.2151,-1.8792,-2.7235,-3.663,-4.523,-5.8477,-6.842,-6.2946,-4.7555,-2.271,-0.031418,1.339,2.7746,3.796,4.3164,4.7246,4.8263,4.6494,4.3405,3.673,2.7065,1.7355,0.051346,-2.3089,-4.8088,-10.198,-26.623,-12.086,-6.8279,-2.7737,-0.12276,1.3835,2.9663,4.2358,5.267,5.9241,6.6668,7.2769,7.6434,8.0256,8.2774,8.3911,8.4358,8.3803,8.2371,8.0842,7.8459,7.6054,7.4552,7.3099,7.2613,7.2845,7.3716,7.4794,7.5761,7.6183,7.6213,7.5563,7.4726,7.323,7.1442,6.9183,6.7293,6.432,6.0707,5.7369,5.2259,4.6407,4.1613,3.507,2.8727,2.2877,1.9079,1.4912,1.1789,0.99145,0.77523,0.60992,0.4817,0.30855,0.086475,-0.27081,-0.66673,-1.4603,-2.6054,-3.7649,-5.6033,-7.0007,-6.4384
-8.5655,-10.956,-15.876,-25.808,-22.387,-13.644,-8.774,-6.126,-3.4056,-1.3478,0.15591,0.98577,1.7619,2.188,2.3178,2.3129,2.1549,1.9772,1.7232,1.4901,1.297,1.2024,1.1355,1.1248,1.1619,1.2115,1.2586,1.2501,1.1377,0.8581,0.36886,-0.16328,-1.0957,-2.2425,-3.1392,-4.0799,-4.2169,-3.5932,-2.9485,-2.2141,-1.8872,-1.9478,-2.525,-3.6182,-4.7171,-6.3526,-7.5507,-7.6893,-7.2379,-6.4365,-5.6112,-4.929,-3.8027,-2.4588,-1.3652,0.073004,1.4078,2.6008,3.3853,4.2919,5.0541,5.5279,6.0277,6.3697,6.5696,6.6147,6.5493,6.3402,6.0952,5.6508,5.064,4.5387,3.721,2.7916,1.7587,0.95029,-0.084745,-0.96946,-1.4522,-1.7198,-1.5306,-1.1342,-0.33252,0.58893,1.5,2.1278,2.8334,3.3992,3.7277,4.068,4.3274,4.5672,4.7485,5.0288,5.3598,5.6177,5.9653,6.2776,6.4556,6.6001,6.6166,6.4776,6.2608,5.8229,5.2198,4.6619,3.799,2.8398,2.0765,1.0452,0.026,-0.97514,-1.761,-2.943,-4.4741,-6.0603,-9.2894,-14.887,-14.966,-9.5962,-4.7322,-1.5701,0.14783,1.8345,2.9707,3.5429,3.994,4.1138,3.9496,3.6558,3.0393,2.1858,1.4085,0.17102,-1.2572,-2.404,-3.7778,-4.3428,-3.6156,-2.4117,-0.51899,1.2559,2.4471,3.8174,4.9439,5.8517,6.4017,6.972,7.3639,7.5556,7.6861,7.6938,7.6355,7.515,7.3727,7.2548,7.1987,7.1786,7.2104,7.2524,7.313,7.353,7.3606,7.3187,7.2032,7.0146,6.8289,6.5329,6.2135,5.9705,5.6483,5.3219,4.9741,4.6604,4.1535,3.4931,2.8927,1.9058,0.73077,-0.24422,-1.5834,-2.8061,-3.7179,-4.1181,-4.3047,-4.2165,-4.0673,-3.7717,-3.424,-3.1636,-2.8505,-2.6661,-2.7133,-2.9611,-3.6895,-5.0313,-6.6071,-9.9245,-14.813,-13.136
-7.5701,-9.9302,-13.161,-15.483,-15.512,-13.137,-9.7557,-7.3421,-4.5981,-2.4901,-0.96432,-0.16685,0.47929,0.70914,0.64705,0.33734,-0.10545,-0.41833,-0.60616,-0.44514,0.051017,0.53715,1.2399,1.895,2.3237,2.8028,3.152,3.3268,3.4515,3.4452,3.2983,3.1137,2.7901,2.4039,2.1098,1.782,1.525,1.3322,1.1629,0.82177,0.22964,-0.49905,-1.9359,-4.1768,-6.6752,-12.1,-28.167,-15.341,-10.371,-6.8064,-4.7112,-3.6121,-2.5148,-1.6784,-1.1511,-0.52885,0.065632,0.70009,1.2063,1.9185,2.6486,3.1487,3.7341,4.1715,4.4332,4.5283,4.5093,4.333,4.1064,3.6919,3.1635,2.6805,1.9164,1.0227,0.029892,-0.77483,-1.859,-2.788,-3.2442,-3.3783,-2.9235,-2.2352,-1.0981,0.13099,1.3134,2.1202,3.0522,3.8186,4.2819,4.7627,5.1165,5.3595,5.491,5.6185,5.711,5.7715,5.8408,5.9021,5.934,5.9227,5.8323,5.6278,5.3733,4.8737,4.1767,3.5278,2.4825,1.2766,0.32468,-0.9217,-1.9693,-2.6909,-3.0056,-3.2985,-3.5647,-3.7899,-4.0653,-4.0551,-3.4856,-2.6501,-1.249,0.16956,1.1153,2.1178,2.8241,3.1611,3.3504,3.2824,2.9671,2.587,1.942,1.1729,0.5673,-0.20452,-0.82729,-1.1226,-1.2271,-0.95357,-0.31143,0.36699,1.4163,2.5225,3.3267,4.3062,5.1323,5.7836,6.1419,6.4471,6.5452,6.4854,6.223,5.7829,5.3555,4.7379,4.1893,3.8804,3.8803,4.169,4.6559,5.0435,5.501,5.7986,5.8878,5.8118,5.5111,4.9845,4.468,3.6819,2.9015,2.4027,1.9349,1.6709,1.5083,1.3383,0.92898,0.22152,-0.54756,-1.9636,-3.9275,-5.8314,-9.0278,-12.898,-15.559,-15.206,-13.515,-12.268,-11.584,-10.687,-9.5951,-8.5554,-7.1613,-5.9519,-5.0237,-4.5673,-4.251,-4.2833,-4.4351,-4.6928,-4.6644,-4.1401
-4.6649,-7.059,-11.303,-17.191,-18.316,-12.425,-8.0304,-5.6634,-3.2882,-1.6263,-0.5139,-0.031458,0.15208,-0.18179,-0.80021,-2.2072,-4.3386,-6.3186,-8.2431,-6.8623,-3.9338,-1.9927,0.043268,1.5778,2.463,3.3944,4.0804,4.4724,4.8552,5.1077,5.2535,5.3034,5.2985,5.2332,5.1544,5.0124,4.81,4.5356,4.2675,3.7739,3.0894,2.4097,1.2718,-0.15164,-1.3541,-2.9194,-3.9559,-4.0083,-3.5556,-2.7593,-2.0857,-1.7675,-1.6345,-1.8077,-2.1366,-2.7519,-3.3722,-3.617,-3.3209,-2.3547,-1.1334,-0.26609,0.66766,1.3088,1.6447,1.7261,1.6422,1.4029,1.1483,0.74338,0.28018,-0.12897,-0.78789,-1.6598,-2.8289,-3.9622,-5.9612,-8.6277,-10.891,-12.209,-9.4777,-6.8315,-3.8808,-1.5381,0.30612,1.4256,2.6399,3.5547,4.0721,4.5451,4.799,4.8531,4.7904,4.5958,4.3279,4.1354,3.935,3.8452,3.8641,3.9563,4.0327,4.0036,3.8665,3.4702,2.7657,1.9964,0.60711,-1.2954,-3.114,-6.048,-8.7656,-8.879,-7.3446,-5.1446,-3.4491,-2.4868,-1.4821,-0.65732,0.095926,0.63596,1.3237,1.9365,2.3126,2.6772,2.863,2.8635,2.6669,2.2478,1.5963,0.95364,-0.077156,-1.2779,-2.231,-3.3431,-3.971,-3.9447,-3.2686,-2.1517,-0.85104,0.12374,1.3447,2.4673,3.2107,4.0595,4.7279,5.1948,5.4045,5.4814,5.3061,4.9799,4.2539,3.1329,1.993,-0.029381,-2.5185,-4.4737,-4.1993,-1.9791,0.36135,1.751,3.0804,3.8758,4.1432,4.0846,3.5445,2.4907,1.3283,-0.7505,-3.3175,-5.0546,-5.6614,-4.4051,-3.0441,-2.3639,-2.0369,-2.3165,-2.954,-4.3024,-6.2841,-8.2978,-11.815,-16.315,-19.737,-19.389,-18.129,-18.338,-19.805,-23.382,-20.458,-15.968,-11.634,-8.696,-6.6139,-5.4675,-4.3178,-3.4798,-3.0008,-2.4374,-1.8844,-1.3242
