-2.3316,-2.9706,-3.8037,-4.4897,-4.9015,-5.2105,-5.1983,-5.0368,-4.5979,-4.005,-3.2957,-2.7682,-2.0659,-1.429,-0.98538,-0.41879,0.075883,0.42022,0.82034,1.1617,1.4769,1.6825,1.9241,2.1293,2.2567,2.3951,2.4856,2.5373,2.5938,2.5831,2.5418,2.4884,2.3641,2.2066,2.0412,1.794,1.5024,1.1483,0.8537,0.41199,-0.049276,-0.41227,-0.8865,-1.3227,-1.6203,-1.924,-2.0542,-1.9622,-1.7637,-1.3177,-0.80257,-0.34424,0.25518,0.85148,1.2706,1.7521,2.1698,2.493,2.6709,2.8198,2.8595,2.8116,2.6255,2.3139,1.875,1.4284,0.67207,-0.30273,-1.2424,-2.8524,-5.0835,-7.385,-11.887,-16.916,-11.992,-7.9458,-4.2191,-1.5047,0.099374,1.8322,3.2647,4.1751,5.2284,6.1264,6.9044,7.4138,8.0192,8.5252,8.8642,9.2489,9.5735,9.8308,9.985,10.141,10.235,10.269,10.265,10.211,10.132,9.9847,9.7948,9.555,9.345,9.0431,8.7111,8.4575,8.1258,7.8158,7.6063,7.3835,7.2315,7.1518,7.14,7.1749,7.2442,7.3093,7.398,7.4698,7.5141,7.5277,7.5134,7.4601,7.3828,7.2378,7.0373,6.8567,6.5801,6.2559,5.9209,5.6528,5.2908,4.9413,4.693,4.3884,4.1276,3.9569,3.7743,3.632,3.5153,3.449,3.3911,3.3474,3.3178,3.2787,3.2109,3.1148,3.0122,2.8257,2.5794,2.3581,1.9964,1.5521,1.1618,0.59087,-0.044138,-0.69534,-1.1656,-1.7689,-2.2662,-2.5744,-2.9182,-3.1694,-3.3012,-3.435,-3.5728,-3.7459,-3.9228,-4.2869,-4.823,-5.3544,-6.2811,-7.4562,-9.0165,-10.448,-12.645,-14.43,-14.458,-12.59,-10.075,-8.3701,-6.5044,-5.0061,-3.8845,-3.203,-2.5079,-2.0715,-1.8596,-1.788,-1.8908,-2.1324,-2.6656,-3.4579,-4.6089,-5.7802,-7.9179,-11.03,-14.205,-16.798,-12.662,-8.3974
-9.5941,-9.9236,-10.151,-10.833,-12.013,-15.085,-21.654,-21.474,-13.254,-8.4268,-5.2723,-3.5178,-1.7637,-0.49823,0.2083,0.82271,1.1644,1.2645,1.2689,1.1784,1.0884,1.0871,1.2335,1.5651,1.9392,2.4882,3.0452,3.4109,3.7997,4.0714,4.1948,4.2049,4.1378,3.9797,3.8368,3.6442,3.4518,3.2937,3.176,3.0146,2.7858,2.5255,2.0222,1.2774,0.55905,-0.63598,-1.8806,-2.5261,-2.0912,-0.41559,1.7082,3.2422,5.0723,6.6309,7.6179,8.7527,9.6764,10.427,10.891,11.385,11.756,11.96,12.137,12.221,12.217,12.165,12.04,11.86,11.694,11.459,11.226,11.071,10.924,10.874,10.935,11.057,11.307,11.616,11.872,12.211,12.512,12.709,12.911,13.052,13.134,13.168,13.199,13.24,13.3,13.435,13.654,13.945,14.204,14.565,14.917,15.15,15.393,15.532,15.553,15.459,15.199,14.75,14.27,13.409,12.246,11.115,9.1585,6.4448,3.621,-1.7622,-3.51,1.9557,5.0186,7.8711,9.8579,10.977,12.114,12.945,13.533,13.845,14.113,14.24,14.252,14.173,14.003,13.822,13.526,13.183,12.809,12.52,12.144,11.792,11.56,11.31,11.139,11.072,11.063,11.146,11.308,11.473,11.734,12.023,12.245,12.536,12.802,13.035,13.183,13.339,13.44,13.481,13.481,13.427,13.352,13.208,13.022,12.806,12.623,12.361,12.08,11.859,11.56,11.246,11.006,10.68,10.344,9.9916,9.7145,9.3296,8.9279,8.614,8.1966,7.7831,7.3922,7.1449,6.9024,6.7772,6.7848,6.9394,7.2415,7.5461,8.0115,8.5093,9.005,9.3496,9.7681,10.119,10.331,10.553,10.699,10.764,10.79,10.755,10.676,10.597,10.498,10.426,10.416,10.48,10.654,10.94
-0.91409,-0.76313,-0.55936,-0.40064,-0.32678,-0.27459,-0.20543,-0.14209,0.034492,0.31872,0.6506,0.87748,1.1738,1.3497,1.3703,1.2253,0.8326,0.32407,-0.63316,-1.9707,-3.6553,-4.9099,-5.7021,-4.6147,-3.1283,-1.1608,0.39872,1.2821,2.0669,2.431,2.3615,2.0221,1.1133,-0.39002,-2.0269,-5.1186,-8.6944,-8.0195,-5.0739,-1.6594,0.81946,2.2058,3.6265,4.6737,5.2902,5.9436,6.4726,6.9381,7.2699,7.7003,8.124,8.44,8.8373,9.2033,9.4525,9.725,9.9311,10.072,10.128,10.18,10.183,10.175,10.16,10.16,10.194,10.252,10.366,10.528,10.682,10.91,11.163,11.367,11.645,11.913,12.168,12.337,12.519,12.651,12.696,12.675,12.534,12.331,11.91,11.269,10.339,9.401,7.6845,5.1682,2.3631,-4.0176,-7.3807,0.987,4.6683,7.959,10.248,11.553,12.9,13.898,14.463,15.005,15.337,15.485,15.493,15.379,15.151,14.924,14.577,14.219,13.968,13.698,13.522,13.438,13.425,13.448,13.477,13.486,13.442,13.329,13.122,12.903,12.528,12.045,11.615,10.944,10.164,9.506,8.5364,7.4623,6.2853,5.3336,3.9749,2.5543,1.4401,-0.050549,-1.397,-2.0791,-2.1158,-0.97527,0.8496,2.3444,4.2664,6.0013,7.1633,8.5234,9.6834,10.657,11.27,11.95,12.474,12.769,13.044,13.187,13.205,13.13,12.937,12.638,12.347,11.875,11.32,10.853,10.184,9.4807,8.9549,8.2905,7.7119,7.2584,7.0239,6.8321,6.7955,6.8541,6.9821,7.1467,7.3314,7.4704,7.6488,7.8193,7.939,8.0989,8.2562,8.3743,8.5251,8.6782,8.8421,8.9801,9.1868,9.4195,9.6156,9.9027,10.213,10.459,10.79,11.118,11.433,11.657,11.935,12.184,12.35,12.546,12.71,12.835
1.8854,1.6866,1.3825,1.0144,0.69971,0.2219,-0.33041,-0.78461,-1.4216,-2.0474,-2.6596,-3.0574,-3.4301,-3.5642,-3.515,-3.2403,-2.8055,-2.4501,-1.9352,-1.4376,-0.95885,-0.6127,-0.13767,0.35622,0.74391,1.2392,1.695,2.0058,2.345,2.5839,2.7269,2.7589,2.7364,2.6711,2.6103,2.5456,2.5552,2.6518,2.7818,3.0268,3.3263,3.5769,3.8965,4.1845,4.3687,4.5574,4.6857,4.7476,4.7526,4.7001,4.5741,4.4323,4.1632,3.8073,3.4712,2.9218,2.2508,1.4486,0.75848,-0.26742,-1.4088,-2.3294,-3.5578,-4.6608,-5.2932,-5.3106,-4.7129,-3.5963,-2.5964,-1.2202,0.105,1.0501,2.2011,3.2238,4.1185,4.7045,5.373,5.9223,6.2561,6.5942,6.8165,6.9115,6.9442,6.8825,6.7374,6.5791,6.3503,6.1284,6.011,5.972,6.1001,6.4188,6.7621,7.3146,7.9245,8.3823,8.9603,9.4705,9.7985,10.158,10.418,10.586,10.655,10.674,10.618,10.531,10.364,10.137,9.9393,9.636,9.2907,8.8946,8.5645,8.076,7.5266,7.0721,6.4011,5.6636,4.8497,4.2049,3.2991,2.3412,1.5875,0.51579,-0.65257,-1.634,-3.1329,-4.9749,-7.3328,-9.6279,-13.824,-20.477,-26.673,-21.249,-17.282,-15.839,-14.789,-13.378,-10.805,-8.4053,-5.3003,-2.5844,-0.82591,1.1657,2.8172,4.1438,4.9658,5.8424,6.4921,6.8424,7.1371,7.2526,7.2154,7.0097,6.6248,6.0432,5.4782,4.5401,3.3631,2.2985,0.57615,-1.5785,-3.6309,-7.2762,-13.095,-23.405,-16.777,-10.37,-6.9695,-5.2748,-3.6527,-2.509,-1.6891,-1.2333,-0.78481,-0.51027,-0.39268,-0.34626,-0.43647,-0.58812,-0.93679,-1.4601,-2.146,-2.7572,-3.6202,-4.3124,-4.5028,-4.0397,-2.87,-1.7477,-0.20169,1.2242,2.4444,3.2266,4.0948,4.7722,5.1566,5.526,5.7287,5.781
2.8899,2.6267,2.1992,1.6595,1.1658,0.37275,-0.61935,-1.5216,-2.9923,-4.8761,-7.4052,-9.9677,-14.746,-18.013,-14.534,-9.8964,-6.7821,-5.0533,-3.2615,-1.8735,-0.774,-0.092082,0.66642,1.2963,1.6914,2.1358,2.4925,2.7129,2.9423,3.1068,3.2054,3.2457,3.2609,3.2477,3.2208,3.1692,3.1114,3.0567,3.0052,2.9501,2.8983,2.8609,2.8024,2.7297,2.6673,2.5564,2.3982,2.1865,1.9857,1.6462,1.2118,0.81845,0.18982,-0.58059,-1.2654,-2.3486,-3.6393,-5.1921,-6.551,-8.6842,-11.264,-13.609,-17.452,-22.196,-27.862,-28.679,-24.06,-19.256,-16.144,-12.59,-9.5991,-7.6542,-5.4493,-3.5834,-2.0428,-1.076,0.00018492,0.86004,1.3848,1.9315,2.3286,2.5392,2.7308,2.8438,2.9088,2.943,2.9892,3.0677,3.1593,3.3349,3.5662,3.8489,4.0874,4.4147,4.7439,4.9826,5.2759,5.5194,5.6708,5.8279,5.9248,5.9718,5.9758,5.9421,5.8691,5.7914,5.6494,5.4575,5.2737,4.9743,4.5816,4.0778,3.614,2.8598,1.9338,1.0972,-0.23359,-1.8536,-3.8137,-5.5315,-8.099,-10.505,-11.544,-11.294,-10.154,-9.3259,-8.5152,-8.0646,-7.9327,-7.9404,-7.9916,-7.9209,-7.7124,-7.2254,-6.5381,-5.9421,-5.0497,-4.1114,-3.1283,-2.3669,-1.309,-0.25587,0.49984,1.4564,2.3094,3.0408,3.5004,3.9893,4.3249,4.4706,4.5338,4.4455,4.2766,3.9213,3.4182,2.7639,2.1762,1.2758,0.23734,-0.62979,-1.8757,-3.1879,-4.1869,-5.4331,-6.4695,-7.1603,-7.4401,-7.5804,-7.5324,-7.4453,-7.3436,-7.2879,-7.3001,-7.3348,-7.3812,-7.3942,-7.367,-7.2675,-7.1331,-7.0535,-7.04,-7.2053,-7.6309,-8.1595,-9.145,-10.32,-10.985,-10.714,-8.9311,-7.2016,-4.9745,-3.0859,-1.5542,-0.62897,0.36469,1.0661,1.4257,1.692,1.7165,1.5072
1.5882,1.5214,1.3799,1.1692,0.96642,0.63169,0.21599,-0.13228,-0.64421,-1.1792,-1.6915,-2.027,-2.3461,-2.4717,-2.4226,-2.2011,-1.8315,-1.496,-1.0386,-0.59537,-0.19429,0.073728,0.36569,0.60046,0.73394,0.86136,0.93283,0.95074,0.93458,0.87579,0.76406,0.65582,0.46889,0.24202,0.048959,-0.24422,-0.56212,-0.88705,-1.13,-1.4391,-1.7186,-1.8968,-2.09,-2.2319,-2.3095,-2.3942,-2.478,-2.6022,-2.743,-2.9919,-3.3532,-3.7015,-4.2821,-5.0071,-5.6365,-6.623,-7.774,-9.1128,-10.237,-11.912,-13.751,-15.212,-17.209,-19.078,-20.628,-21.358,-21.118,-19.484,-17.71,-15.087,-12.579,-10.849,-8.8452,-7.1473,-5.7512,-4.8922,-3.9736,-3.2984,-2.9436,-2.6744,-2.6202,-2.7299,-3.0436,-3.5344,-4.1459,-4.6143,-5.1485,-5.3808,-5.276,-4.7746,-4.0008,-3.1327,-2.502,-1.7558,-1.1576,-0.82231,-0.52881,-0.40747,-0.42951,-0.59482,-0.881,-1.2339,-1.5007,-1.7972,-1.944,-1.939,-1.7904,-1.5507,-1.3593,-1.1534,-1.0634,-1.1245,-1.2905,-1.7,-2.326,-2.9361,-3.965,-5.2335,-6.7254,-7.9511,-9.5669,-10.739,-11.04,-10.634,-9.6522,-8.8263,-7.7827,-6.8606,-6.0629,-5.526,-4.903,-4.3233,-3.9099,-3.3668,-2.8179,-2.4117,-1.8706,-1.3374,-0.81565,-0.43794,0.046926,0.50647,0.81517,1.1822,1.4808,1.7003,1.8119,1.8781,1.8498,1.7625,1.5448,1.2214,0.90354,0.38284,-0.23986,-0.9798,-1.6005,-2.5046,-3.4965,-4.2823,-5.3539,-6.4212,-7.1887,-8.131,-8.9826,-9.6641,-10.092,-10.59,-11.06,-11.436,-12.08,-12.999,-14.326,-15.741,-18.438,-22.492,-25.101,-21.7,-17.146,-14.645,-12.154,-10.325,-8.9502,-8.1296,-7.2288,-6.464,-5.9236,-5.2056,-4.4703,-3.9117,-3.1544,-2.4357,-1.7906,-1.3758,-0.94082,-0.65272,-0.53731,-0.53024,-0.70178,-1.052
-0.49018,-0.16977,0.20613,0.51196,0.6931,0.87012,0.96917,0.99263,0.96927,0.90194,0.80486,0.72048,0.60701,0.49615,0.42009,0.32665,0.24837,0.19068,0.11401,0.024298,-0.093962,-0.20125,-0.37094,-0.5819,-0.76446,-1.0319,-1.3205,-1.5507,-1.8592,-2.1594,-2.4612,-2.6924,-3.029,-3.4192,-3.77,-4.3446,-5.0534,-5.9422,-6.7073,-7.8441,-8.9917,-9.6853,-10.139,-9.8835,-9.3669,-8.5109,-7.7003,-7.0817,-6.7865,-6.6069,-6.6686,-6.8655,-7.3152,-7.9448,-8.5113,-9.3519,-10.221,-11.069,-11.632,-12.246,-12.678,-12.899,-13.037,-13.03,-12.822,-12.56,-12.061,-11.386,-10.777,-9.8684,-8.9136,-8.1592,-7.1854,-6.2939,-5.5315,-5.0502,-4.541,-4.22,-4.1096,-4.17,-4.4956,-4.9363,-5.8338,-7.1853,-9.1698,-11.284,-15.58,-23.204,-22.156,-14.813,-10.67,-8.0323,-6.6141,-5.2395,-4.3215,-3.8903,-3.6402,-3.7452,-4.0769,-4.8833,-6.2121,-8.2622,-10.489,-15.058,-20.667,-17.52,-12.033,-8.6376,-6.9163,-5.3108,-4.2674,-3.6432,-3.397,-3.3033,-3.443,-3.6778,-4.1148,-4.6319,-5.1851,-5.5722,-5.9966,-6.2705,-6.3526,-6.2899,-6.0205,-5.7272,-5.2565,-4.7355,-4.1897,-3.7706,-3.2233,-2.7002,-2.3269,-1.8553,-1.4128,-1.1069,-0.7275,-0.38356,-0.077769,0.12052,0.33412,0.50043,0.58226,0.63119,0.6025,0.49924,0.36769,0.12638,-0.19862,-0.48644,-0.9354,-1.4602,-1.9006,-2.562,-3.3103,-4.1639,-4.8802,-5.9535,-7.1958,-8.2575,-9.8606,-11.708,-13.267,-15.428,-17.22,-17.708,-17.213,-15.984,-14.797,-14.079,-13.405,-13.078,-13.031,-13.135,-13.334,-13.457,-13.311,-12.634,-11.488,-10.475,-9.1128,-7.8193,-6.6804,-5.9372,-5.0582,-4.3019,-3.7972,-3.1938,-2.6534,-2.2961,-1.8722,-1.5124,-1.2163,-1.0478,-0.90128,-0.85279,-0.89208,-1.041,-1.3053,-1.6878
-2.7672,-1.8087,-0.70123,0.21436,0.78397,1.3902,1.8352,2.0719,2.2642,2.3339,2.2834,2.1886,1.9914,1.7332,1.5156,1.1818,0.83342,0.57098,0.20649,-0.17598,-0.59607,-0.93888,-1.484,-2.1405,-2.7087,-3.5681,-4.5213,-5.2421,-6.0988,-6.6893,-6.8805,-6.8114,-6.5819,-6.3774,-6.3225,-6.4677,-6.9656,-7.8828,-8.922,-10.934,-13.901,-16.938,-19.854,-16.541,-13.521,-10.624,-8.7014,-7.4717,-6.899,-6.553,-6.6169,-6.932,-7.7066,-8.9323,-10.134,-12.183,-14.76,-17.446,-18.58,-17.798,-15.738,-14.284,-12.696,-11.442,-10.409,-9.7798,-8.9862,-8.2662,-7.7345,-7.0278,-6.3093,-5.7831,-5.0989,-4.4417,-3.8528,-3.4593,-3.0186,-2.7194,-2.5932,-2.5764,-2.7188,-2.9271,-3.3518,-3.9111,-4.5661,-5.0537,-5.6121,-5.9238,-5.932,-5.6593,-5.1125,-4.4404,-3.9249,-3.2873,-2.7798,-2.5034,-2.2852,-2.2714,-2.401,-2.7694,-3.3636,-4.1305,-4.7383,-5.4499,-5.7442,-5.5803,-4.9319,-4.0619,-3.4123,-2.6814,-2.1811,-1.9175,-1.8776,-2.035,-2.4222,-2.8449,-3.5852,-4.5004,-5.5328,-6.3218,-7.2457,-7.8261,-7.8996,-7.5293,-6.7616,-6.0556,-5.0925,-4.2045,-3.4139,-2.8986,-2.3079,-1.8056,-1.48,-1.0924,-0.75085,-0.51061,-0.21664,0.043117,0.26833,0.39562,0.50507,0.51702,0.45526,0.28069,-0.012571,-0.42524,-0.8175,-1.4347,-2.1332,-2.6862,-3.4383,-4.154,-4.6615,-5.2761,-5.8363,-6.3991,-6.8557,-7.5465,-8.4174,-9.2044,-10.497,-12.145,-13.622,-15.815,-17.668,-17.715,-16.529,-14.443,-12.507,-11.294,-9.9846,-8.9195,-8.0565,-7.5223,-6.8838,-6.2875,-5.8552,-5.2969,-4.7331,-4.3094,-3.7602,-3.2495,-2.7889,-2.4792,-2.1221,-1.8144,-1.618,-1.3884,-1.186,-1.0436,-0.85646,-0.68289,-0.53663,-0.44938,-0.37704,-0.38408,-0.4441,-0.62596,-0.94609,-1.4175
-3.8468,-2.3513,-0.64997,0.74451,1.6,2.4895,3.1211,3.4362,3.6463,3.6256,3.3772,3.0518,2.4328,1.6432,0.9729,0.056175,-0.7856,-1.2963,-1.7426,-1.9419,-2.0565,-2.1786,-2.5067,-3.1271,-3.8661,-5.317,-7.5175,-9.9254,-15.272,-32.672,-18.34,-13.107,-9.405,-7.2401,-6.1977,-5.285,-4.7941,-4.6273,-4.6432,-4.7747,-4.9177,-4.9692,-4.8419,-4.5115,-4.1358,-3.5723,-3.0253,-2.6249,-2.4409,-2.4076,-2.6426,-3.0119,-3.776,-4.8839,-5.949,-7.6803,-9.6104,-11.346,-12.02,-11.696,-10.641,-9.8096,-8.8873,-8.2204,-7.7915,-7.6042,-7.4439,-7.3039,-7.1168,-6.7298,-6.1165,-5.5131,-4.6271,-3.7092,-2.8196,-2.2166,-1.5301,-0.9942,-0.6926,-0.42704,-0.31215,-0.33048,-0.47018,-0.72555,-1.069,-1.3694,-1.7813,-2.1608,-2.3907,-2.5848,-2.6085,-2.4208,-2.1547,-1.6668,-1.0962,-0.64906,-0.098555,0.38595,0.67434,0.965,1.1591,1.2675,1.3263,1.3835,1.4428,1.5053,1.6032,1.6947,1.7471,1.7594,1.6824,1.4675,1.1994,0.69831,-0.017326,-0.71173,-1.911,-3.5085,-5.6773,-7.9021,-12.354,-21.265,-22.319,-12.944,-8.5259,-6.4517,-4.5119,-3.2123,-2.3574,-1.9646,-1.7003,-1.6649,-1.7392,-1.8705,-1.9268,-1.8449,-1.5253,-1.0422,-0.49934,-0.13103,0.23803,0.4155,0.39547,0.13684,-0.39506,-1.2191,-2.031,-3.3891,-5.0913,-6.5601,-8.6798,-10.543,-11.315,-11.262,-10.451,-9.515,-8.9439,-8.3936,-8.062,-7.9509,-7.9627,-8.0403,-8.1065,-8.1504,-8.0913,-7.8631,-7.532,-6.9556,-6.2343,-5.6419,-4.8369,-4.0422,-3.2754,-2.7408,-2.0934,-1.5097,-1.1141,-0.66139,-0.2979,-0.090335,0.099047,0.17174,0.12244,0.0053837,-0.24786,-0.61893,-0.94684,-1.4097,-1.8098,-2.0054,-2.0701,-1.8888,-1.506,-1.1591,-0.69645,-0.31352,-0.12303,-0.032817,-0.13744,-0.47022
-4.2603,-2.4065,-0.32179,1.341,2.3448,3.3614,4.0473,4.3557,4.4883,4.2938,3.7584,3.114,1.8731,0.086775,-1.7076,-5.061,-10.454,-16.427,-13.488,-8.0705,-5.1128,-3.7802,-2.7485,-2.3326,-2.327,-2.6657,-3.2957,-3.8548,-4.573,-5.0214,-5.0113,-4.7609,-4.2566,-3.7258,-3.3908,-3.0461,-2.7823,-2.5445,-2.3543,-2.0678,-1.7197,-1.4245,-0.95694,-0.45344,-0.064212,0.41011,0.83321,1.1464,1.3012,1.3811,1.3168,1.1694,0.85758,0.40772,-0.011178,-0.60756,-1.2291,-1.8172,-2.2314,-2.7163,-3.205,-3.5798,-4.1677,-4.9483,-6.0603,-7.2123,-9.1862,-11.969,-14.565,-16.649,-13.799,-11.032,-7.9876,-5.7136,-3.9583,-2.9085,-1.8063,-0.97711,-0.48608,-0.0086384,0.26618,0.34173,0.26291,-0.0177,-0.52323,-1.0713,-2.0459,-3.3365,-4.5402,-6.4284,-8.1986,-8.6334,-7.6594,-5.4637,-3.3445,-1.9613,-0.43389,0.76648,1.4832,2.2423,2.8015,3.2139,3.4437,3.6503,3.7745,3.8214,3.8279,3.76,3.6632,3.47,3.2038,2.8683,2.5686,2.0796,1.5168,1.0565,0.38034,-0.34807,-1.1008,-1.6462,-2.2391,-2.5357,-2.5173,-2.1564,-1.5355,-1.041,-0.50521,-0.18666,-0.17786,-0.42986,-1.1738,-2.5115,-4.0459,-7.1806,-12.346,-15.724,-10.605,-5.9844,-3.1566,-1.7511,-0.53371,0.11028,0.26612,0.096544,-0.50611,-1.5188,-2.5665,-4.3843,-6.748,-8.9739,-12.623,-16.623,-18.041,-16.22,-13.711,-11.814,-10.719,-9.5967,-8.7507,-8.2315,-7.6998,-7.3086,-7.1041,-6.862,-6.652,-6.3937,-6.1286,-5.6836,-5.086,-4.5392,-3.7283,-2.831,-1.9206,-1.2639,-0.44573,0.26506,0.71602,1.1928,1.515,1.6505,1.651,1.4503,1.0187,0.51443,-0.42767,-1.7633,-3.0728,-5.409,-8.6525,-11.777,-13.989,-10.6,-7.0397,-5.0408,-3.0894,-1.7338,-0.99971,-0.33935,-0.0080324,0.052475
-3.7697,-2.209,-0.46759,0.90416,1.7297,2.571,3.1371,3.3786,3.4567,3.2782,2.8429,2.3505,1.452,0.29252,-0.72811,-2.1688,-3.4378,-4.0584,-4.2108,-3.7685,-3.0965,-2.5984,-2.0804,-1.7384,-1.6141,-1.6028,-1.7178,-1.8526,-2.0929,-2.3849,-2.7219,-3.0152,-3.4876,-4.0644,-4.6292,-5.5186,-6.4866,-7.3123,-7.5827,-7.2025,-6.1062,-5.0597,-3.6501,-2.3974,-1.582,-0.68639,0.03664,0.56757,0.87442,1.1438,1.2838,1.3031,1.2476,1.1052,0.95076,0.67389,0.32849,-0.063651,-0.39809,-0.91782,-1.53,-2.0686,-2.9356,-4.0002,-5.2901,-6.4173,-8.0929,-9.9253,-11.173,-11.981,-11.501,-10.633,-9.2374,-7.868,-6.6768,-5.8856,-4.9744,-4.1648,-3.6305,-3.0448,-2.6227,-2.413,-2.302,-2.3826,-2.7176,-3.148,-3.9986,-5.248,-6.4685,-8.4624,-10.53,-11.178,-10.029,-7.627,-5.3671,-3.9474,-2.4524,-1.3145,-0.67275,-0.018745,0.44542,0.72845,0.86632,0.96362,0.98555,0.95356,0.85244,0.69331,0.5158,0.19204,-0.21095,-0.71876,-1.1431,-1.6944,-2.1862,-2.4507,-2.6277,-2.533,-2.2298,-1.9096,-1.4078,-0.86691,-0.45767,0.050765,0.48403,0.76293,1.0459,1.1458,1.0258,0.78008,0.23048,-0.58386,-1.342,-2.4347,-3.3243,-3.5911,-3.2698,-2.4485,-1.5242,-0.96358,-0.45422,-0.26338,-0.326,-0.6988,-1.3724,-2.3674,-3.3098,-4.7808,-6.4828,-7.8877,-9.818,-11.745,-13.08,-14.57,-15.532,-15.705,-15.241,-14.181,-12.971,-12.181,-11.388,-10.898,-10.796,-10.933,-11.387,-12.08,-12.613,-13.006,-12.563,-11.546,-9.6916,-7.7465,-5.9514,-4.7564,-3.3614,-2.2128,-1.5216,-0.79756,-0.30423,-0.091467,-0.01524,-0.18102,-0.60788,-1.1132,-2.0216,-3.2086,-4.283,-5.9293,-7.6752,-8.7733,-9.3547,-8.7587,-7.4918,-6.4406,-5.1403,-4.0697,-3.433,-2.7862,-2.3452,-2.1442
-0.70737,-0.1075,0.62476,1.2496,1.6247,2.0027,2.2424,2.3288,2.3227,2.1802,1.9173,1.6384,1.205,0.67551,0.26038,-0.29278,-0.80484,-1.1404,-1.4958,-1.7371,-1.9067,-1.9902,-2.0747,-2.1448,-2.1906,-2.2572,-2.3392,-2.4293,-2.5765,-2.7959,-3.128,-3.481,-4.1509,-5.135,-6.1117,-7.965,-10.748,-15.269,-19.807,-17.491,-11.92,-9.0825,-6.4109,-4.5389,-3.4901,-2.4295,-1.6853,-1.1842,-0.93222,-0.71567,-0.60841,-0.57554,-0.58149,-0.61105,-0.63854,-0.67697,-0.75155,-0.85945,-0.99867,-1.2553,-1.6239,-1.9895,-2.6236,-3.3795,-4.2637,-5.0295,-6.1356,-7.2434,-8.0488,-9.0509,-9.9306,-10.439,-10.91,-11.089,-10.954,-10.648,-10.002,-9.1383,-8.4585,-7.5832,-6.7561,-6.2001,-5.5645,-5.0959,-4.7945,-4.6806,-4.6635,-4.7914,-4.9246,-5.1041,-5.1976,-5.1325,-4.9516,-4.6151,-4.1622,-3.8083,-3.4037,-3.131,-3.0204,-3.0102,-3.1701,-3.4402,-3.7072,-4.0774,-4.3654,-4.5043,-4.5697,-4.5613,-4.584,-4.7454,-5.2044,-6.0627,-6.9962,-8.8297,-11.386,-13.482,-13.982,-11.08,-7.9331,-6.0029,-3.9582,-2.3784,-1.411,-0.34714,0.46798,0.95132,1.4403,1.7781,1.9643,2.0202,1.99,1.8675,1.7346,1.5393,1.3443,1.2255,1.1085,1.0133,0.89682,0.77973,0.53819,0.15067,-0.24787,-0.9156,-1.7558,-2.7818,-3.6743,-5.0315,-6.5833,-7.918,-9.9194,-12.281,-14.469,-18.299,-23.981,-27.12,-22.825,-18.489,-15.83,-14.497,-13.425,-12.967,-13.013,-13.548,-14.677,-16.649,-18.839,-23.025,-24.191,-20.357,-15.686,-12.261,-9.6798,-8.0948,-6.3374,-4.907,-4.0263,-3.0906,-2.4146,-2.0721,-1.8402,-1.8605,-2.1181,-2.4682,-3.1307,-4.0008,-4.7535,-5.8415,-6.911,-7.6123,-8.314,-8.617,-8.4485,-8.0707,-7.3739,-6.5971,-6.0387,-5.4551,-5.0673,-4.9179
2.0603,2.1257,2.1633,2.1595,2.1312,2.0508,1.9273,1.8228,1.6786,1.5214,1.3259,1.1571,0.88465,0.57974,0.32089,-0.085217,-0.52977,-0.88866,-1.3951,-1.9128,-2.437,-2.812,-3.2881,-3.7112,-3.9197,-4.0325,-3.9438,-3.7492,-3.3969,-3.0214,-2.7123,-2.5646,-2.5276,-2.6857,-2.9403,-3.39,-3.9173,-4.3533,-4.5314,-4.4501,-4.0315,-3.6052,-2.9949,-2.4721,-2.1674,-1.8974,-1.7925,-1.8548,-2.0058,-2.3271,-2.7362,-3.0376,-3.36,-3.4652,-3.3443,-2.9671,-2.4151,-1.8679,-1.5112,-1.1779,-1.0424,-1.0829,-1.3335,-1.8235,-2.5708,-3.2885,-4.4643,-5.9288,-7.2243,-9.297,-11.787,-13.959,-17.241,-20.076,-20.54,-19.505,-17.61,-15.681,-14.287,-12.405,-10.559,-9.2749,-7.8025,-6.5999,-5.6565,-5.1147,-4.5772,-4.1961,-4.0178,-3.8755,-3.7847,-3.7335,-3.704,-3.6276,-3.5769,-3.5869,-3.6801,-3.8965,-4.1829,-4.791,-5.7536,-7.1998,-8.6725,-11.187,-13.8,-14.284,-12.304,-9.8592,-8.4364,-7.1639,-6.5509,-6.5195,-6.8606,-7.7669,-8.987,-9.7439,-9.712,-8.1348,-5.9825,-4.4439,-2.6531,-1.1967,-0.3002,0.69871,1.5267,2.0397,2.6022,3.0466,3.4082,3.6253,3.8407,3.9824,4.039,4.0514,3.9964,3.9015,3.7064,3.4208,3.0427,2.6828,2.1082,1.4029,0.79503,-0.12419,-1.1249,-2.1844,-3.0207,-4.1516,-5.2852,-6.1162,-7.2372,-8.3485,-9.1555,-10.108,-10.799,-11.128,-11.113,-10.847,-10.473,-10.272,-10.107,-10.195,-10.371,-10.827,-11.492,-12.27,-12.835,-13.298,-13.379,-13.097,-12.268,-11.04,-9.5562,-8.3818,-6.8237,-5.4226,-4.4716,-3.3908,-2.5549,-2.0907,-1.6868,-1.5514,-1.6878,-1.975,-2.6171,-3.5824,-4.5359,-6.1658,-8.3241,-10.467,-14.213,-18.165,-16.742,-13.711,-10.584,-8.4132,-7.2578,-6.231,-5.687,-5.5536
4.6075,4.257,3.6917,3.0232,2.4775,1.7416,1.0844,0.71499,0.43401,0.3867,0.50401,0.61165,0.69471,0.64584,0.49598,0.13256,-0.39639,-0.88174,-1.6388,-2.5178,-3.4907,-4.3488,-5.6573,-7.2133,-8.5372,-9.8616,-9.2195,-7.5229,-4.9919,-2.7921,-1.0626,-0.061719,0.95672,1.6251,1.9588,2.2129,2.2953,2.2523,2.1608,1.9878,1.7685,1.5675,1.2465,0.86093,0.53384,0.047872,-0.53679,-1.2485,-1.9197,-3.0726,-4.7342,-6.4631,-9.6699,-12.821,-11.701,-7.497,-4.1236,-1.7355,-0.42502,0.83093,1.6256,1.9663,2.112,1.919,1.4039,0.80436,-0.29409,-1.7747,-3.1597,-5.4338,-8.3009,-10.9,-14.934,-18.665,-20.547,-21.269,-23.741,-28.711,-23.685,-16.67,-12.162,-9.73,-7.3064,-5.5637,-4.3208,-3.6457,-3.0405,-2.7015,-2.6078,-2.6281,-2.7873,-3.0081,-3.1684,-3.3076,-3.3368,-3.2864,-3.1533,-3.0677,-3.1013,-3.3872,-4.0111,-5.0124,-6.0844,-7.8587,-9.4059,-9.6155,-8.2121,-6.1309,-4.7443,-3.2991,-2.2604,-1.5654,-1.2222,-0.91821,-0.68449,-0.49142,-0.16213,0.29715,0.84366,1.2798,1.8441,2.3838,2.7435,3.1528,3.5252,3.8063,4.1933,4.6167,5.0655,5.4053,5.8366,6.2267,6.4659,6.6903,6.7957,6.781,6.6296,6.3184,5.8137,5.311,4.4669,3.4408,2.537,1.1593,-0.36051,-1.9288,-3.0286,-4.1994,-4.8864,-5.1126,-5.1126,-4.9532,-4.7916,-4.6154,-4.4628,-4.3369,-4.268,-4.2206,-4.2581,-4.3482,-4.5907,-5.0082,-5.4339,-6.2009,-7.1707,-8.3333,-9.3457,-10.91,-12.598,-13.721,-14.278,-12.999,-10.631,-8.7332,-6.3633,-4.3413,-3.0377,-1.5803,-0.44314,0.21703,0.85211,1.1992,1.2753,1.163,0.76181,0.091902,-0.59699,-1.7917,-3.2886,-4.5715,-6.2755,-7.3893,-7.2351,-6.4358,-5.101,-3.9239,-3.256,-2.6783,-2.4554,-2.5896
6.4261,5.7639,4.6112,3.0684,1.5793,-0.93746,-4.1459,-6.5585,-6.9558,-4.3801,-1.9483,-0.61336,0.47852,0.95861,0.95507,0.52429,-0.39782,-1.3948,-3.004,-4.5975,-5.6711,-6.0137,-6.3159,-6.9919,-7.966,-9.2715,-7.9638,-5.3308,-1.7692,1.1006,3.2914,4.5695,5.8613,6.7907,7.2595,7.6305,7.7304,7.5938,7.3298,6.7836,6.0004,5.2633,4.0891,2.7534,1.7124,0.41568,-0.50018,-0.94964,-1.1038,-1.322,-1.7815,-2.3267,-3.1419,-3.4334,-2.8208,-0.96889,1.1461,3.0204,4.1842,5.4088,6.2718,6.7126,7.0367,7.0692,6.8389,6.5002,5.81,4.8413,3.9735,2.6365,1.1,-0.13815,-1.8435,-3.4977,-5.0445,-6.1106,-7.234,-7.6081,-7.2727,-6.2356,-4.8042,-3.7579,-2.6073,-1.6995,-1.04,-0.73323,-0.54873,-0.65042,-0.92244,-1.5916,-2.7058,-4.2638,-5.7201,-7.4662,-7.5933,-6.3238,-4.1231,-2.2749,-1.236,-0.23635,0.38995,0.72678,0.87071,0.98468,1.1294,1.3105,1.6667,2.1509,2.5766,3.128,3.614,4.0593,4.3496,4.673,4.9149,5.0673,5.2328,5.3312,5.3568,5.3156,5.1475,4.8472,4.5486,4.0537,3.5283,3.1983,3.1043,3.5491,4.434,5.2524,6.3902,7.4177,8.0727,8.755,9.1972,9.3743,9.3997,9.1674,8.6782,8.1314,7.1372,5.8057,4.5633,2.5004,-0.20446,-3.9258,-7.8827,-16.245,-13.756,-8.9074,-5.2286,-2.9989,-1.7962,-0.65859,0.13898,0.68094,0.94966,1.1511,1.1578,1.0417,0.73927,0.20818,-0.35818,-1.3036,-2.5083,-4.024,-5.4198,-7.6163,-10.417,-12.909,-15.354,-13.342,-9.3653,-6.6975,-3.831,-1.5087,-0.039786,1.5645,2.8369,3.5877,4.3327,4.8241,5.0779,5.1328,5.0494,4.8227,4.5627,4.134,3.6848,3.3662,3.0059,2.7585,2.6724,2.685,2.7765,2.8823,2.8968,2.8074,2.5354,2.0752
3.9251,3.332,2.2995,0.9076,-0.38952,-2.4508,-4.6848,-5.9799,-6.1485,-4.6267,-2.7805,-1.6738,-0.64195,-0.13605,-0.13517,-0.69665,-1.9815,-3.5633,-6.8545,-12.477,-15.964,-11.07,-6.4453,-3.6564,-2.1518,-0.52881,0.958,2.0772,3.5396,4.9186,6.1368,6.9225,7.7707,8.3663,8.6495,8.8162,8.7325,8.3868,7.9498,7.0979,5.8907,4.715,2.664,-0.22308,-3.2653,-10.139,-26.451,-9.0952,-5.1483,-2.1988,-0.40448,0.52044,1.4786,2.3064,2.9123,3.7333,4.5847,5.4151,5.9914,6.6736,7.2401,7.5703,7.8814,8.0427,8.0427,7.935,7.6548,7.2298,6.8062,6.1188,5.3139,4.6646,3.7571,2.8249,1.9169,1.2717,0.51277,-0.133,-0.55936,-1.0067,-1.3394,-1.5849,-1.8587,-2.0666,-2.1978,-2.225,-2.2334,-2.3291,-2.5307,-3.1086,-4.1314,-5.7989,-7.493,-9.8598,-9.9634,-7.9964,-5.0007,-2.6706,-1.3378,0.024389,0.99283,1.6373,1.9763,2.3068,2.5284,2.668,2.8249,2.9519,3.0421,3.1854,3.3633,3.5335,3.6654,3.8547,4.0347,4.1347,4.2109,4.165,3.9824,3.7136,3.1489,2.2306,1.2521,-0.55888,-3.3964,-6.7512,-15.129,-11.305,-4.1767,-0.9993,1.9586,4.0571,5.243,6.4385,7.2554,7.6421,7.8868,7.822,7.4814,7.0396,6.186,5.0286,3.9714,2.3314,0.40779,-1.6384,-3.0724,-4.4308,-4.7548,-4.3839,-3.455,-2.3775,-1.6206,-0.69414,0.07218,0.69283,1.0532,1.3805,1.5189,1.4818,1.2394,0.78502,0.28698,-0.61539,-1.7911,-3.2335,-4.4445,-6.2151,-7.8255,-8.6956,-8.9827,-8.1993,-6.6099,-5.1751,-3.1689,-1.3038,-0.066236,1.3181,2.4004,3.0209,3.6058,3.9511,4.091,4.0777,3.9723,3.8018,3.6803,3.5579,3.5086,3.5071,3.5551,3.6451,3.7192,3.7605,3.7451,3.6386,3.4877,3.1823,2.7465,2.1653
-1.3764,-1.7317,-2.4066,-3.1869,-3.7992,-4.5227,-4.9713,-5.0515,-4.83,-4.2121,-3.381,-2.7415,-1.9731,-1.4118,-1.1444,-1.0356,-1.1711,-1.4101,-1.7974,-2.0543,-1.942,-1.5613,-0.76812,0.19164,0.94757,1.9271,2.8452,3.4952,4.3061,5.0394,5.6716,6.0721,6.4975,6.7647,6.8645,6.8423,6.6387,6.2336,5.7989,5.044,4.0697,3.1985,1.8612,0.39099,-0.69997,-1.9346,-2.5279,-2.3466,-1.8343,-0.96366,-0.11535,0.46009,1.1007,1.626,1.9603,2.3337,2.6616,2.961,3.1904,3.5045,3.8537,4.1401,4.5266,4.9027,5.2161,5.3822,5.5018,5.4907,5.3913,5.1302,4.7453,4.3757,3.7926,3.1138,2.3517,1.7286,0.81068,-0.20305,-1.0486,-2.3157,-3.8623,-5.2218,-7.2927,-9.5317,-10.957,-10.752,-9.2391,-7.5849,-6.5798,-5.6615,-5.1047,-4.8413,-4.7122,-4.5122,-4.216,-3.8495,-3.2492,-2.63,-2.1844,-1.6809,-1.341,-1.1174,-1.0435,-1.0682,-1.2141,-1.3864,-1.6733,-2.0108,-2.282,-2.6116,-2.8382,-2.9143,-2.8336,-2.5588,-2.1443,-1.811,-1.4247,-1.1435,-1.0596,-1.1438,-1.4655,-2.0583,-2.7035,-3.7586,-4.9263,-5.7675,-6.3772,-5.9649,-4.6822,-3.4318,-1.7028,-0.14338,0.87596,2.0022,2.8607,3.3259,3.6955,3.7911,3.5861,3.2481,2.5749,1.6452,0.78983,-0.50601,-1.9104,-3.3381,-4.3551,-5.5023,-6.2992,-6.5775,-6.5531,-6.1429,-5.6833,-4.9391,-4.1179,-3.3275,-2.795,-2.2103,-1.7583,-1.5489,-1.484,-1.6606,-1.9739,-2.6704,-3.7275,-5.1986,-6.6781,-9.3826,-13.468,-18.951,-32.302,-16.037,-10.554,-7.9404,-5.3955,-3.5059,-2.4266,-1.3394,-0.61149,-0.30394,-0.16541,-0.35051,-0.82468,-1.3461,-2.2079,-3.0818,-3.5684,-3.7183,-3.305,-2.7256,-1.8471,-1.048,-0.44083,-0.13445,0.060529,-0.0081685,-0.20739,-0.69304,-1.3858,-2.2547
-5.8011,-6.3299,-7.4035,-8.7978,-10.004,-11.558,-12.272,-11.798,-10.065,-7.9682,-6.0144,-4.7123,-3.2333,-2.0297,-1.2936,-0.50903,0.085096,0.43707,0.79576,1.1023,1.4004,1.6287,1.9458,2.282,2.5421,2.8749,3.2091,3.4408,3.739,4.0231,4.2828,4.4475,4.6229,4.7246,4.7264,4.6294,4.393,4.0202,3.6453,3.0438,2.3519,1.7999,1.0593,0.38242,-0.050498,-0.46533,-0.68613,-0.72376,-0.64719,-0.47896,-0.28837,-0.15923,-0.065587,-0.11502,-0.24732,-0.55814,-1.0346,-1.6031,-2.01,-2.3386,-2.1904,-1.7252,-0.73238,0.37115,1.3982,2.0599,2.7436,3.1877,3.3808,3.4559,3.3334,3.1234,2.702,2.1315,1.4395,0.83823,-0.078961,-1.1301,-2.0212,-3.4419,-5.1527,-6.7198,-9.3824,-12.699,-15.269,-14.478,-11.47,-8.8933,-7.4478,-6.0352,-5.072,-4.45,-4.1262,-3.8624,-3.6925,-3.6326,-3.622,-3.6654,-3.7372,-3.9042,-4.1737,-4.52,-4.8366,-5.3537,-5.9801,-6.576,-7.521,-8.6151,-9.601,-11.167,-12.907,-14.053,-13.918,-12.425,-10.429,-9.039,-7.5158,-6.4205,-5.7365,-5.4618,-5.3854,-5.5672,-5.872,-6.4368,-7.0121,-7.3801,-7.683,-7.6234,-7.0992,-6.3991,-5.2027,-3.8939,-2.9151,-1.7401,-0.7717,-0.20958,0.3044,0.52779,0.45215,0.18798,-0.42049,-1.3388,-2.2638,-3.7657,-5.6078,-7.8585,-9.8294,-12.709,-15.413,-16.5,-15.989,-14.371,-13.067,-11.41,-9.8755,-8.4399,-7.4055,-6.1436,-5.0682,-4.4146,-3.7391,-3.3573,-3.2498,-3.3589,-3.7145,-4.3481,-4.968,-5.9299,-6.8872,-7.4207,-7.6157,-7.102,-6.1723,-5.3511,-4.31,-3.4282,-2.9385,-2.5047,-2.3522,-2.4265,-2.8142,-3.5723,-4.7931,-6.1246,-8.6603,-12.856,-18.732,-26.456,-14.209,-10.386,-7.2535,-5.2936,-4.0598,-3.4817,-3.1052,-3.1132,-3.3869,-4.1187,-5.3134,-7.0717
-7.7571,-8.5827,-10.034,-12.027,-13.993,-17.683,-21.305,-19.13,-13.911,-9.8893,-6.8884,-5.0879,-3.0833,-1.4677,-0.47462,0.61147,1.4599,1.9604,2.4748,2.8376,3.0462,3.1248,3.1256,3.0258,2.885,2.6396,2.3499,2.1433,1.9254,1.8234,1.872,1.9921,2.2042,2.4035,2.4976,2.4884,2.3004,1.9101,1.4865,0.74488,-0.12317,-0.80968,-1.6538,-2.2841,-2.5447,-2.5872,-2.3676,-2.0111,-1.7316,-1.4025,-1.1854,-1.1288,-1.2176,-1.5405,-1.976,-2.8925,-4.3169,-6.5403,-9.0996,-15.11,-20.485,-12.893,-7.1405,-3.7261,-1.4294,-0.17421,1.039,1.829,2.1863,2.3966,2.3338,2.1322,1.6831,1.0617,0.3135,-0.29461,-1.1273,-1.9448,-2.5366,-3.2603,-3.9383,-4.4295,-5.0121,-5.4294,-5.584,-5.4973,-5.1409,-4.6242,-4.236,-3.7803,-3.482,-3.3476,-3.3748,-3.5595,-3.8838,-4.2255,-4.7806,-5.4109,-5.9434,-6.6894,-7.4343,-8.2465,-8.8961,-9.8169,-10.806,-11.607,-12.789,-14.152,-15.302,-17.312,-20.155,-23.661,-23.567,-19.045,-14.996,-12.766,-10.586,-9.1073,-8.1933,-7.8195,-7.7244,-8.0227,-8.4765,-9.4473,-10.888,-12.271,-14.512,-16.56,-16.097,-14.002,-10.849,-8.1116,-6.4134,-4.5523,-3.1182,-2.3029,-1.5417,-1.1251,-1.0318,-1.1842,-1.6925,-2.5455,-3.4162,-4.9494,-6.9443,-9.5124,-11.914,-15.91,-20.533,-22.628,-21.733,-20.29,-19.656,-18.901,-17.147,-14.344,-12.149,-9.5285,-7.4082,-6.109,-4.7351,-3.7094,-3.1527,-2.643,-2.3729,-2.2981,-2.322,-2.4199,-2.5639,-2.6473,-2.6998,-2.6633,-2.5451,-2.4468,-2.3217,-2.2554,-2.2607,-2.3807,-2.6341,-2.9211,-3.4559,-4.164,-5.0627,-5.8532,-7.0168,-8.1631,-8.7815,-8.9297,-8.2817,-7.4616,-6.2784,-5.2574,-4.4945,-4.1137,-3.8775,-3.9414,-4.2018,-4.8198,-5.7752,-7.0782
-8.6014,-9.5524,-10.739,-11.687,-12.047,-11.958,-11.2,-10.202,-8.4266,-6.4344,-4.4392,-3.0173,-1.3155,0.14692,1.0876,2.1413,2.9485,3.4109,3.8469,4.0589,4.0702,3.9351,3.5621,2.9406,2.3063,1.201,-0.20981,-1.4357,-3.0783,-4.1358,-3.9225,-3.0707,-1.7091,-0.54865,0.081766,0.56011,0.60691,0.21991,-0.36981,-1.5984,-3.4077,-5.2289,-8.3153,-11.329,-11.575,-9.1702,-6.6396,-4.7879,-3.7922,-2.8651,-2.3011,-2.0792,-1.9983,-2.1288,-2.3777,-2.8963,-3.6417,-4.5768,-5.3216,-6.0688,-5.9894,-5.2512,-3.6953,-2.0326,-0.56189,0.33772,1.2435,1.8291,2.0576,2.092,1.8157,1.4098,0.59446,-0.51169,-1.8727,-2.9898,-4.398,-5.3458,-5.5719,-5.239,-4.5963,-4.0672,-3.4143,-2.8736,-2.4382,-2.168,-1.896,-1.7088,-1.6437,-1.6884,-1.9017,-2.2913,-2.7221,-3.4861,-4.5012,-5.4117,-6.8044,-8.3872,-9.5938,-11.1,-12.36,-13.333,-13.97,-14.937,-16.255,-17.414,-19.118,-20.388,-20.365,-19.252,-17.825,-16.344,-15.176,-13.539,-11.91,-10.783,-9.5309,-8.6255,-8.1048,-7.9595,-8.0933,-8.6659,-9.3112,-10.504,-12.141,-13.613,-15.913,-17.978,-17.63,-15.393,-12.038,-9.1103,-7.2889,-5.2953,-3.735,-2.8229,-1.9228,-1.3834,-1.1662,-1.1992,-1.5156,-2.1193,-2.7404,-3.8229,-5.1725,-6.7329,-8.0154,-9.7994,-11.579,-12.865,-14.62,-16.693,-18.813,-22.342,-21.325,-16.196,-12.986,-9.6834,-7.1825,-5.6867,-4.1187,-2.9133,-2.2113,-1.4967,-1.0237,-0.71922,-0.59686,-0.53717,-0.54969,-0.60475,-0.72324,-0.88928,-1.0797,-1.2584,-1.5469,-1.9102,-2.2257,-2.701,-3.2437,-3.6766,-4.2572,-4.7893,-5.2398,-5.4937,-5.7277,-5.8038,-5.7563,-5.5824,-5.2581,-4.9541,-4.5422,-4.1585,-3.8478,-3.7033,-3.6358,-3.722,-3.8835,-4.2197,-4.6811,-5.2263
-11.009,-13.098,-16.65,-20.387,-20,-15.825,-12.049,-9.733,-7.0999,-4.8459,-2.9003,-1.5908,-0.052102,1.2502,2.073,2.974,3.6574,4.0229,4.3141,4.3846,4.2289,3.9529,3.3602,2.4696,1.573,-0.0027197,-2.1913,-4.4335,-8.768,-14.651,-11.807,-7.8487,-4.3655,-2.201,-1.149,-0.30309,-0.0029744,-0.19903,-0.6679,-1.728,-3.353,-4.9548,-7.5019,-9.7096,-9.9987,-8.563,-6.7691,-5.3957,-4.6876,-4.1015,-3.8081,-3.7161,-3.6908,-3.7093,-3.6996,-3.6357,-3.5095,-3.3077,-3.0942,-2.6914,-2.1431,-1.6372,-0.89068,-0.10012,0.64939,1.1319,1.6269,1.9169,1.9715,1.8073,1.3319,0.74158,-0.40946,-2.0797,-4.4894,-7.057,-12.545,-29.692,-18.822,-10.571,-6.8181,-5.0022,-3.317,-2.1726,-1.3887,-0.98679,-0.65394,-0.54706,-0.60063,-0.85894,-1.3336,-2.0602,-2.7827,-4.0253,-5.6265,-7.1301,-9.6637,-13.021,-16.361,-22.516,-25.79,-21.893,-19.939,-18.926,-19.391,-20.621,-23.669,-27.818,-25.994,-20.753,-16.89,-14.112,-12.513,-10.77,-9.4043,-8.5847,-7.7893,-7.3229,-7.1768,-7.3139,-7.7911,-8.6559,-9.5549,-10.986,-12.544,-13.62,-14.441,-14.258,-13.064,-11.772,-9.8377,-7.8816,-6.5136,-4.9142,-3.6142,-2.8288,-2.0467,-1.5491,-1.3309,-1.3337,-1.5333,-1.9432,-2.3822,-3.088,-3.9172,-4.8309,-5.5441,-6.5156,-7.4745,-8.1644,-8.9821,-9.6304,-9.9535,-10.002,-9.5626,-8.6223,-7.7114,-6.375,-5.0609,-4.1508,-3.0823,-2.2169,-1.6973,-1.1834,-0.84148,-0.66353,-0.62678,-0.68439,-0.84767,-1.0164,-1.2956,-1.6315,-2.0367,-2.3789,-2.9288,-3.5947,-4.2017,-5.1581,-6.2801,-7.1846,-8.3439,-9.1951,-9.4251,-9.2014,-8.5441,-7.7331,-7.148,-6.4544,-5.8779,-5.5266,-5.1724,-4.9211,-4.7871,-4.7452,-4.7715,-4.8714,-4.9877,-5.1999,-5.4566,-5.7509
-11.205,-12.698,-14.606,-15.754,-15.311,-13.115,-10.381,-8.4009,-6.0128,-3.9625,-2.1697,-1.0114,0.31112,1.4121,2.0922,2.8114,3.3246,3.5751,3.7357,3.7053,3.4764,3.1824,2.6326,1.9195,1.2747,0.31196,-0.72378,-1.4862,-2.3349,-2.7888,-2.6902,-2.2868,-1.5351,-0.74993,-0.23341,0.2638,0.5276,0.52246,0.34494,-0.090098,-0.73199,-1.2978,-2.0788,-2.7777,-3.2023,-3.6456,-4.0293,-4.4717,-4.9119,-5.6735,-6.6458,-7.434,-8.3723,-8.8581,-8.7409,-8.0397,-6.9769,-5.831,-4.9958,-3.9425,-2.9631,-2.2731,-1.4085,-0.61922,0.06526,0.49764,0.95607,1.2365,1.3201,1.234,0.91475,0.50887,-0.25972,-1.2908,-2.541,-3.5628,-4.8099,-5.5576,-5.5621,-4.9289,-3.9681,-3.2059,-2.3112,-1.5929,-1.0661,-0.79909,-0.60564,-0.60705,-0.73419,-1.0784,-1.6364,-2.4322,-3.1929,-4.4306,-5.9661,-7.3359,-9.4379,-11.859,-13.8,-16.097,-17.262,-17.084,-16.543,-15.87,-15.415,-15.26,-14.974,-14.54,-13.93,-12.767,-11.42,-10.072,-9.133,-8.0176,-7.1138,-6.5896,-6.1128,-5.9158,-6.0197,-6.3317,-7.0832,-8.231,-9.486,-11.778,-15.224,-19.428,-35.821,-22.545,-15.5,-12.462,-9.5873,-7.4156,-6.1251,-4.7293,-3.6713,-3.0843,-2.5425,-2.2564,-2.2194,-2.3413,-2.6673,-3.1579,-3.6014,-4.2374,-4.8909,-5.517,-5.9501,-6.4717,-6.9184,-7.1967,-7.4797,-7.6416,-7.6456,-7.4814,-7.1169,-6.5657,-6.0532,-5.2843,-4.4838,-3.9228,-3.2369,-2.6933,-2.3973,-2.1677,-2.1267,-2.2865,-2.5169,-2.9472,-3.4888,-3.9264,-4.4794,-4.9601,-5.3752,-5.6731,-6.1248,-6.7608,-7.4347,-8.7141,-10.611,-12.639,-16.811,-25.07,-24.923,-18.544,-14.083,-11.492,-10.211,-9.033,-8.2968,-7.9848,-7.7554,-7.714,-7.8119,-7.9368,-8.1422,-8.3915,-8.5833,-8.8161,-9.0057,-9.1328
-11.398,-12.025,-12.012,-11.164,-10.162,-8.5396,-6.7806,-5.4637,-3.7778,-2.2523,-0.89911,-0.013755,0.99319,1.8136,2.3067,2.7968,3.1031,3.2136,3.2076,3.0194,2.6731,2.3144,1.7298,1.0611,0.54878,-0.096494,-0.61588,-0.88869,-1.0506,-0.97082,-0.68703,-0.36912,0.14139,0.6726,1.0449,1.4656,1.7615,1.9176,1.9334,1.8137,1.555,1.271,0.78553,0.18493,-0.34831,-1.1734,-2.1842,-3.4465,-4.6104,-6.5772,-9.2441,-12.008,-17.765,-31.571,-22.426,-15.149,-11.501,-9.1073,-7.7244,-6.2039,-4.9124,-4.0301,-2.9455,-1.9606,-1.0992,-0.52666,0.11616,0.5964,0.8519,1.0356,1.0455,0.94007,0.66264,0.25698,-0.22763,-0.6014,-1.0642,-1.4149,-1.5711,-1.6563,-1.5822,-1.4558,-1.2365,-0.99403,-0.77984,-0.66468,-0.59413,-0.64695,-0.78594,-1.1247,-1.6548,-2.3679,-3.0246,-4.0514,-5.2237,-6.1683,-7.4647,-8.7313,-9.5914,-10.533,-11.136,-11.403,-11.435,-11.291,-10.965,-10.639,-10.13,-9.4643,-8.9133,-8.1093,-7.2533,-6.3916,-5.7623,-5.009,-4.3788,-4.0121,-3.6797,-3.5492,-3.6553,-3.8779,-4.4119,-5.1827,-5.9198,-7.0898,-8.3207,-9.1434,-9.7107,-9.4358,-8.43,-7.4843,-6.1863,-5.0021,-4.2404,-3.4183,-2.8167,-2.5233,-2.3437,-2.4319,-2.7799,-3.2147,-4.0251,-5.0353,-5.8855,-7.0147,-7.9485,-8.5223,-8.7009,-8.7289,-8.6597,-8.6438,-8.6864,-8.775,-8.8073,-8.7227,-8.3518,-7.672,-7.0056,-6.0217,-5.0596,-4.4119,-3.7118,-3.2303,-3.032,-3.0071,-3.2961,-3.91,-4.6007,-5.8498,-7.4206,-8.7419,-10.371,-11.14,-10.797,-10.181,-9.3862,-8.9432,-8.8894,-9.218,-9.9815,-10.818,-12.058,-13.032,-13.125,-12.61,-11.594,-10.651,-10.154,-9.7913,-9.7794,-9.9769,-10.456,-11.12,-11.824,-12.354,-12.989,-13.566,-13.97,-14.44,-14.746,-14.7
-18.451,-30.726,-17.559,-11.4,-8.596,-5.8728,-3.796,-2.517,-1.0991,0.078946,1.031,1.6242,2.2749,2.7603,3.0296,3.2665,3.3578,3.3254,3.1296,2.7445,2.1523,1.5618,0.57689,-0.60829,-1.5557,-2.7529,-3.528,-3.6325,-3.1503,-2.2218,-1.1494,-0.36662,0.60253,1.4659,2.032,2.6873,3.209,3.5977,3.7981,3.9299,3.906,3.7803,3.4628,2.9594,2.4583,1.6073,0.5281,-0.80112,-1.9778,-3.7935,-5.8621,-7.5269,-9.629,-11.085,-11.485,-11.246,-10.561,-9.7364,-9.0872,-8.1424,-7.0433,-6.1394,-4.849,-3.5484,-2.2966,-1.4399,-0.4529,0.36676,0.85101,1.3328,1.6179,1.7129,1.6902,1.5173,1.2116,0.91657,0.458,-0.032771,-0.40978,-0.86152,-1.2057,-1.375,-1.421,-1.2844,-1.0225,-0.79434,-0.53632,-0.39816,-0.41168,-0.61206,-1.0363,-1.6938,-2.3331,-3.3744,-4.5685,-5.5229,-6.8135,-7.9541,-8.6569,-9.2949,-9.5809,-9.5648,-9.4008,-9.0332,-8.5558,-8.1001,-7.4291,-6.6619,-6.0363,-5.1623,-4.2625,-3.3746,-2.7517,-1.9998,-1.3672,-0.98468,-0.60862,-0.39351,-0.33899,-0.40263,-0.61257,-0.97179,-1.2895,-1.7673,-2.235,-2.5333,-2.8141,-2.9062,-2.8104,-2.6321,-2.2876,-1.8974,-1.5988,-1.2491,-1.0108,-0.93291,-1.0246,-1.3822,-2.0645,-2.8343,-4.2913,-6.3707,-8.4896,-12.406,-17.361,-17.382,-14.514,-11.746,-10.317,-9.8948,-10.069,-11.021,-12.245,-14.126,-14.526,-12.202,-9.9744,-7.4,-5.4285,-4.3042,-3.2227,-2.5595,-2.3197,-2.3338,-2.7343,-3.5525,-4.4971,-6.2908,-8.9506,-11.833,-18.026,-23.02,-15.688,-12.344,-9.667,-8.074,-7.3405,-6.7894,-6.5853,-6.5813,-6.6783,-6.8217,-6.9574,-7.0396,-7.1804,-7.4505,-7.7679,-8.4684,-9.5527,-10.639,-12.583,-15.016,-17.66,-19.131,-19.767,-19.612,-19.845,-21.337,-24.7,-27.833
-5.145,-5.465,-4.9575,-3.7189,-2.6395,-1.2588,-0.081726,0.65713,1.4262,1.9851,2.3532,2.5199,2.6396,2.6802,2.6842,2.6873,2.6676,2.6156,2.4472,2.0886,1.444,0.71329,-0.69106,-2.7704,-5.0099,-9.6658,-19.57,-18.479,-9.6414,-5.4866,-2.9292,-1.5396,-0.10405,1.0643,1.8255,2.742,3.5681,4.2754,4.7213,5.1819,5.4579,5.5358,5.4569,5.1588,4.7888,4.0888,3.1623,2.0088,0.9978,-0.52627,-2.1967,-3.5165,-5.2972,-7.0165,-8.2597,-9.8272,-11.253,-12.613,-13.475,-13.972,-13.045,-11.512,-9.0082,-6.5964,-4.4581,-3.0873,-1.5511,-0.33149,0.3876,1.1102,1.5806,1.7783,1.8457,1.6998,1.3422,0.93567,0.2011,-0.77839,-1.6724,-3.0473,-4.5375,-5.4482,-5.8318,-5.0508,-3.6629,-2.6151,-1.4664,-0.6877,-0.35278,-0.24599,-0.51322,-1.1701,-1.9132,-3.2636,-5.0393,-6.696,-9.2542,-11.955,-13.481,-13.809,-12.743,-11.514,-10.735,-9.892,-9.2127,-8.6998,-7.8459,-6.8076,-5.8866,-4.5508,-3.225,-1.9883,-1.1441,-0.1661,0.64426,1.1377,1.6489,1.9885,2.1768,2.2086,2.1413,1.934,1.7075,1.3214,0.85342,0.47879,-0.033424,-0.50974,-0.89785,-1.0771,-1.1293,-0.97373,-0.74113,-0.35549,0.014359,0.20683,0.30258,0.15793,-0.30586,-0.87828,-1.9922,-3.5598,-5.0331,-7.2828,-9.1709,-9.5341,-8.8461,-7.708,-6.9859,-6.8523,-7.2914,-8.5035,-9.9632,-12.39,-13.217,-10.591,-8.1845,-5.5476,-3.621,-2.5671,-1.5557,-0.95525,-0.73823,-0.72724,-1.0038,-1.5523,-2.1439,-3.1125,-4.2469,-5.0888,-6.0441,-6.4775,-6.317,-5.9264,-5.2668,-4.6277,-4.2282,-3.8396,-3.5811,-3.4579,-3.4016,-3.4317,-3.5517,-3.72,-4.0661,-4.5912,-5.1479,-6.1683,-7.5805,-9.0116,-11.548,-15.116,-20.061,-23.175,-21.448,-18.765,-17.727,-17.397,-17.632,-17.302
0.82867,0.87492,1.0572,1.3821,1.6681,2.031,2.3121,2.4156,2.3921,2.126,1.6103,1.0617,0.15841,-0.75094,-1.2665,-1.4865,-1.146,-0.68921,-0.080527,0.2941,0.32737,0.089719,-0.58244,-1.6686,-2.7203,-4.1924,-5.306,-5.5163,-5.005,-4.147,-3.3926,-2.9511,-2.4242,-1.8128,-1.1656,-0.021827,1.3087,2.6354,3.5245,4.5183,5.2473,5.6112,5.8512,5.8189,5.6121,5.0978,4.3105,3.2505,2.2769,0.73843,-1.0802,-2.6312,-4.9611,-7.5802,-9.7338,-12.72,-15.736,-18.805,-21.577,-27.778,-25.527,-19.218,-13.721,-9.9374,-7.072,-5.3757,-3.5342,-2.1181,-1.3006,-0.48059,0.054366,0.27752,0.34934,0.18184,-0.21711,-0.67917,-1.5288,-2.7421,-3.9636,-6.2762,-9.9146,-14.588,-20.866,-11.834,-6.8662,-4.5415,-2.4408,-1.1176,-0.52215,-0.18166,-0.31643,-0.90241,-1.6476,-3.0731,-5.0787,-7.025,-10.492,-15.215,-18.849,-18.196,-15.028,-13.183,-12.578,-12.647,-13.483,-14.398,-14.695,-12.545,-10.173,-7.1921,-4.718,-2.754,-1.5555,-0.2722,0.71783,1.2962,1.8761,2.2707,2.4976,2.5714,2.5385,2.3685,2.1221,1.6457,0.95694,0.28098,-0.85126,-2.2763,-3.8938,-5.035,-5.837,-5.2428,-4.1774,-2.5934,-1.2246,-0.41514,0.36421,0.81732,0.97782,0.92638,0.66526,0.22428,-0.16455,-0.69347,-1.129,-1.4004,-1.5063,-1.5677,-1.6275,-1.7284,-1.9584,-2.2778,-2.5133,-2.7314,-2.6988,-2.3691,-1.9689,-1.3747,-0.8217,-0.4758,-0.17925,-0.053069,-0.062089,-0.20217,-0.46567,-0.83126,-1.1341,-1.5929,-2.0572,-2.383,-2.7563,-3.0486,-3.2243,-3.296,-3.3292,-3.3062,-3.2742,-3.1841,-3.0718,-2.9857,-2.872,-2.7861,-2.7547,-2.795,-2.9372,-3.2199,-3.549,-4.1382,-4.9359,-5.6445,-6.7222,-7.8631,-8.8585,-9.392,-9.7425,-9.7276,-9.5832,-9.2821,-8.8916,-8.3892
2.1021,2.3423,2.6516,2.9098,3.0527,3.1353,3.052,2.8457,2.3338,1.4755,0.15207,-1.2473,-3.9215,-8.2762,-14.04,-17.669,-9.041,-5.7157,-3.015,-1.3837,-0.43348,-0.046341,0.12708,0.0069805,-0.22301,-0.64367,-1.1344,-1.5332,-2.1413,-2.9541,-4.1593,-5.5221,-8.2796,-12.054,-12.219,-7.4228,-3.2327,-0.24091,1.4441,3.1327,4.3334,4.9653,5.4903,5.6827,5.6229,5.2858,4.6468,3.705,2.7909,1.2805,-0.61913,-2.323,-5.0877,-8.5806,-11.905,-18.085,-30.119,-27.024,-21.924,-18.579,-16.206,-14.478,-12.202,-10.061,-8.1427,-6.8656,-5.3925,-4.1871,-3.4598,-2.7495,-2.3377,-2.2113,-2.2662,-2.5414,-2.9717,-3.3517,-3.8784,-4.3858,-4.768,-5.2411,-5.6327,-5.725,-5.3778,-4.4399,-3.1477,-2.1501,-0.9981,-0.14404,0.26894,0.50888,0.39473,-0.056835,-0.6151,-1.6266,-2.9102,-4.0086,-5.5488,-7.0011,-7.9064,-8.7538,-9.3265,-9.8162,-10.349,-11.511,-13.411,-15.356,-17.013,-14.214,-11.127,-7.7088,-5.1422,-3.2321,-2.1421,-1.0302,-0.25375,0.15457,0.52449,0.76193,0.91162,1.0002,1.062,1.0438,0.94227,0.62223,0.027318,-0.67505,-2.0532,-4.1331,-7.3868,-11.198,-17.853,-12.269,-8.1171,-4.5994,-2.3396,-1.1313,0.02588,0.81202,1.3388,1.5944,1.799,1.8921,1.9086,1.8967,1.8559,1.8082,1.7675,1.7044,1.6206,1.541,1.4114,1.2622,1.1428,0.99653,0.86717,0.74713,0.6531,0.5019,0.28611,0.063764,-0.32895,-0.81148,-1.2145,-1.758,-2.2498,-2.6262,-2.8225,-2.9993,-3.118,-3.2306,-3.401,-3.6625,-4.0212,-4.3442,-4.8247,-5.3072,-5.5972,-5.8049,-5.7656,-5.5824,-5.1788,-4.7168,-4.2822,-3.9911,-3.6948,-3.5114,-3.4398,-3.4442,-3.5545,-3.6905,-3.927,-4.1832,-4.4333,-4.5884,-4.7208,-4.7717,-4.7593,-4.6704,-4.5124,-4.2943
0.31691,0.94969,1.6581,2.1744,2.4333,2.6083,2.5666,2.3942,1.9363,1.2168,0.18792,-0.78132,-2.3198,-3.9444,-4.9132,-5.2926,-4.5394,-3.6058,-2.3476,-1.3111,-0.54326,-0.13108,0.21531,0.3653,0.36961,0.22023,-0.076288,-0.40875,-1.0196,-1.8639,-3.0009,-4.0812,-5.7338,-6.9959,-6.8654,-5.0473,-2.6161,-0.41075,0.96841,2.4537,3.5721,4.1921,4.7562,5.0345,5.0677,4.8783,4.4293,3.7129,2.996,1.7862,0.27583,-1.0636,-3.1366,-5.5279,-7.4703,-10.043,-12.135,-13.193,-13.319,-13.057,-12.614,-12.267,-11.75,-11.008,-10.065,-9.1953,-7.9752,-6.8601,-6.1605,-5.5358,-5.3055,-5.4127,-5.935,-6.8772,-8.1235,-9.0347,-9.695,-9.2139,-8.2921,-6.8218,-5.4239,-4.4414,-3.2407,-2.1357,-1.1376,-0.47759,0.26055,0.78431,1.0207,1.1134,0.9472,0.51862,0.043452,-0.77506,-1.7559,-2.5687,-3.6667,-4.7224,-5.4184,-6.201,-6.7737,-7.1918,-7.4257,-7.6463,-7.7599,-7.6899,-7.3319,-6.5857,-5.8397,-4.7477,-3.7308,-2.9019,-2.4578,-2.1313,-2.1197,-2.3031,-2.7313,-3.2179,-3.4765,-3.3932,-2.8772,-2.16,-1.6329,-1.1306,-0.93258,-0.99973,-1.3787,-2.0346,-2.827,-3.3575,-3.7497,-3.5729,-3.1543,-2.4095,-1.6582,-1.1622,-0.60932,-0.15104,0.23428,0.50208,0.83908,1.1616,1.3825,1.6444,1.8592,2.0149,2.096,2.1503,2.1449,2.1077,2.0136,1.874,1.7375,1.5167,1.2392,0.88907,0.5576,0.0077915,-0.70912,-1.3918,-2.4953,-3.8718,-5.078,-6.7959,-8.244,-8.8046,-8.5641,-7.7138,-6.8649,-6.401,-6.1333,-6.2558,-6.831,-7.5694,-8.9937,-10.92,-12.533,-14.176,-13.867,-12.592,-10.736,-9.1922,-8.0034,-7.2908,-6.5047,-5.8306,-5.3728,-4.8348,-4.3663,-4.0905,-3.8043,-3.6129,-3.5069,-3.4749,-3.4804,-3.5239,-3.5644,-3.6251,-3.6698,-3.6801
-2.1372,-1.0232,0.085365,0.86525,1.2719,1.6147,1.7578,1.7419,1.5755,1.2491,0.7888,0.37711,-0.22209,-0.78949,-1.1418,-1.4501,-1.56,-1.5157,-1.3322,-1.0768,-0.76732,-0.54467,-0.27026,-0.058758,0.047576,0.10769,0.063595,-0.037251,-0.25574,-0.55252,-0.89361,-1.131,-1.3422,-1.3323,-1.1273,-0.59076,0.16677,1.0358,1.6919,2.5167,3.2239,3.6609,4.1035,4.3791,4.4701,4.4278,4.1978,3.7763,3.3308,2.5713,1.6235,0.79641,-0.43428,-1.7853,-2.8344,-4.2365,-5.5868,-6.8801,-7.8484,-9.2019,-10.807,-12.306,-14.837,-17.391,-16.906,-14.569,-11.52,-9.2665,-8.0974,-7.1598,-6.8528,-7.05,-7.9351,-9.6763,-12.75,-16.707,-27.026,-17.768,-12.789,-8.6935,-5.9572,-4.3598,-2.6522,-1.2749,-0.17437,0.48542,1.1588,1.5953,1.7611,1.7591,1.497,0.96915,0.40262,-0.58234,-1.812,-2.8594,-4.3771,-5.882,-6.845,-7.6623,-7.798,-7.4469,-6.9934,-6.2958,-5.6113,-5.1089,-4.4621,-3.8387,-3.3903,-2.8729,-2.4777,-2.2811,-2.3035,-2.6534,-3.4644,-4.4887,-6.6446,-10.3,-16.42,-16.655,-10.123,-6.0244,-4.0224,-2.2074,-1.0822,-0.55992,-0.19464,-0.11053,-0.20918,-0.36423,-0.61479,-0.88449,-1.0977,-1.4159,-1.7809,-2.0795,-2.4697,-2.7466,-2.7966,-2.619,-2.1267,-1.4702,-0.94586,-0.30144,0.23509,0.62695,0.82759,0.97479,1.0114,0.97563,0.86589,0.70814,0.56749,0.33741,0.058441,-0.30316,-0.65082,-1.2703,-2.1196,-2.9596,-4.4297,-6.4678,-8.5527,-12.614,-20.269,-25.129,-17.014,-12.126,-9.5737,-8.4234,-7.6408,-7.5279,-8.0345,-8.859,-10.629,-13.387,-16.34,-20.544,-19.435,-16.688,-14.066,-12.586,-11.769,-11.378,-10.778,-9.8599,-8.9702,-7.6926,-6.4836,-5.7159,-4.9136,-4.3807,-4.0797,-3.9975,-4.0465,-4.2519,-4.4651,-4.8184,-5.1839,-5.5168
-1.7304,-0.92457,-0.10688,0.47665,0.80099,1.1158,1.3308,1.4266,1.4866,1.4351,1.2882,1.0962,0.74946,0.30306,-0.088434,-0.64981,-1.2091,-1.5855,-1.9647,-2.0876,-1.9549,-1.7062,-1.2585,-0.79308,-0.47436,-0.13028,0.084325,0.17283,0.20975,0.18437,0.13811,0.12867,0.16695,0.30593,0.47867,0.7984,1.2248,1.6958,2.0754,2.5724,3.0463,3.3787,3.7693,4.0893,4.2743,4.43,4.4654,4.3711,4.2123,3.8774,3.4094,2.9704,2.2899,1.5058,0.85605,-0.080622,-1.105,-2.2354,-3.1863,-4.6551,-6.4636,-8.1137,-10.746,-13.2,-13.09,-11.287,-8.7628,-6.8371,-5.8416,-5.0131,-4.6944,-4.7553,-5.1931,-5.9421,-6.8467,-7.4276,-7.7156,-7.2091,-6.3692,-4.9152,-3.3306,-2.1692,-0.73962,0.52756,1.5911,2.2502,2.9161,3.3346,3.4798,3.4381,3.1173,2.5007,1.8237,0.60274,-1.0442,-2.6353,-5.3946,-9.3193,-13.617,-19.487,-14.1,-9.6803,-7.5496,-5.5859,-4.1908,-3.3991,-2.5511,-1.8854,-1.4733,-1.0304,-0.71313,-0.55935,-0.57598,-0.80977,-1.348,-1.9803,-3.1515,-4.5285,-5.4814,-5.3521,-4.0022,-2.2075,-0.96781,0.3536,1.2968,1.7703,2.1367,2.2437,2.1247,1.9004,1.4477,0.78898,0.16389,-0.90014,-2.2987,-3.6171,-5.8582,-8.5564,-10.456,-9.9094,-7.4154,-4.9724,-3.5266,-2.0923,-1.1257,-0.53972,-0.31388,-0.24789,-0.39773,-0.61048,-0.94903,-1.2603,-1.4331,-1.5483,-1.5695,-1.5799,-1.6306,-1.8353,-2.2355,-2.6992,-3.5505,-4.6456,-5.5824,-6.8708,-7.8979,-8.2385,-8.0138,-7.2877,-6.4737,-5.9559,-5.4781,-5.3249,-5.4991,-5.8293,-6.5296,-7.4177,-8.1151,-8.9524,-9.5505,-9.9155,-10.547,-11.681,-13.85,-16.611,-21.96,-18.565,-14.06,-10.031,-7.4524,-6.1038,-4.889,-4.2096,-3.963,-4.0363,-4.4259,-5.1055,-5.7958,-6.8636,-7.9899,-9.0005
0.64501,0.71332,0.69956,0.60121,0.53322,0.53855,0.71626,0.97234,1.3756,1.7596,1.988,2.0187,1.8258,1.3206,0.71667,-0.42673,-1.9863,-3.4208,-5.4281,-6.5923,-5.9547,-4.6872,-2.9561,-1.5492,-0.77249,-0.072242,0.32431,0.45205,0.45318,0.3353,0.19315,0.11043,0.096474,0.21821,0.39607,0.7172,1.0822,1.4569,1.7236,2.0741,2.4489,2.758,3.2253,3.7341,4.1195,4.6051,5.0124,5.3044,5.4386,5.4971,5.4292,5.3044,5.0441,4.6963,4.3803,3.8941,3.3389,2.7118,2.1961,1.4518,0.66126,0.080359,-0.59391,-1.0239,-1.1155,-0.97988,-0.61491,-0.20961,0.036057,0.22355,0.18604,0.012395,-0.40097,-0.98737,-1.6585,-2.1541,-2.6664,-2.8572,-2.6624,-1.9406,-0.74227,0.31524,1.7836,3.1526,4.3373,5.0696,5.8256,6.3133,6.5022,6.5173,6.2586,5.7193,5.1266,4.0735,2.7011,1.4443,-0.53945,-2.7679,-4.3387,-5.5519,-5.1895,-3.9679,-3.0067,-1.9334,-1.1438,-0.6961,-0.23723,0.15556,0.44228,0.88065,1.3649,1.8673,2.2136,2.6027,2.871,2.9972,3.0982,3.1878,3.3585,3.5684,3.9808,4.4716,4.8391,5.2618,5.5571,5.671,5.668,5.4877,5.1321,4.7617,4.1072,3.27,2.4945,1.2315,-0.37803,-1.8985,-4.4498,-7.6875,-10.266,-9.5735,-6.61,-4.0003,-2.5439,-1.1818,-0.36541,-0.020113,-0.05212,-0.47177,-1.3333,-2.2453,-3.7285,-5.1453,-5.6844,-5.26,-4.056,-2.8198,-2.0963,-1.4391,-1.1385,-1.1046,-1.2762,-1.6186,-1.9327,-2.3481,-2.6542,-2.7847,-2.7341,-2.519,-2.1795,-1.8963,-1.5411,-1.2602,-1.1069,-1.0826,-1.1757,-1.4004,-1.6444,-2.0581,-2.5763,-3.072,-3.9192,-5.0356,-6.4432,-7.5413,-8.4525,-7.8691,-6.6509,-4.8382,-3.3343,-2.5048,-1.8131,-1.5623,-1.7597,-2.1876,-3.1631,-4.6352,-6.1211,-8.7272,-12.234,-16.475
2.3542,1.7369,0.57319,-1.033,-2.4679,-4.0309,-3.7403,-2.3203,-0.17782,1.5603,2.7194,3.234,3.4526,3.1564,2.5852,1.2773,-0.80234,-3.0555,-7.4173,-12.023,-8.7514,-5.4963,-2.5939,-0.85474,-0.050936,0.51024,0.60711,0.40999,-0.17051,-1.0544,-2.0971,-2.8155,-3.2786,-2.9667,-2.354,-1.4229,-0.72009,-0.31998,-0.25467,-0.36151,-0.48651,-0.38109,0.26254,1.4043,2.3843,3.631,4.6665,5.4464,5.8668,6.2488,6.4624,6.548,6.5883,6.5824,6.5635,6.5181,6.4522,6.3589,6.2705,6.1348,5.9897,5.8829,5.7606,5.6736,5.6365,5.6306,5.636,5.6153,5.5602,5.3821,5.0523,4.6776,3.9803,3,1.6705,0.36879,-1.9196,-4.8535,-6.6724,-5.3637,-1.6204,0.88116,3.5629,5.6043,7.1554,8.0453,8.9227,9.4843,9.7153,9.7929,9.6256,9.2364,8.8155,8.1055,7.2494,6.5529,5.5812,4.6603,4.0466,3.4044,2.9691,2.6987,2.5263,2.2533,1.8256,1.3902,0.68048,0.019966,-0.20135,0.17307,1.3042,2.785,3.8935,5.2101,6.3019,6.9727,7.7047,8.276,8.7147,8.9822,9.2489,9.4283,9.4868,9.4649,9.3027,9.0918,8.6891,8.1558,7.5183,6.9847,6.2165,5.4116,4.7763,3.8942,2.9763,2.26,1.3473,0.59458,0.18172,0.13265,0.401,0.8703,1.2601,1.6981,1.9307,1.8657,1.5763,0.7801,-0.61626,-2.2134,-5.5033,-11.482,-18.169,-10.75,-5.4611,-2.5659,-1.2089,-0.090048,0.45936,0.59872,0.51299,0.19241,-0.14533,-0.61749,-0.99956,-1.1738,-1.0974,-0.72226,-0.08803,0.4724,1.2371,1.9579,2.576,2.9442,3.3199,3.5503,3.6326,3.6395,3.5166,3.3567,3.0694,2.7225,2.3903,2.199,2.0646,2.1184,2.2628,2.5374,2.7746,2.8653,2.7983,2.4659,1.8238,1.1176,-0.15844,-1.876,-3.4766,-6.0918,-9.2748,-12.562
1.127,0.45665,-0.92986,-3.1274,-5.5485,-9.4828,-8.8074,-5.4153,-1.7601,0.68118,2.2723,3.0386,3.5799,3.6659,3.4455,2.8352,1.9324,1.163,0.17381,-0.53415,-0.79763,-0.75253,-0.56705,-0.468,-0.48816,-0.74898,-1.3324,-2.0204,-3.3666,-5.4706,-8.9006,-13.387,-31.036,-14.075,-9.4472,-6.2019,-4.6072,-4.2311,-4.6875,-6.5247,-10.689,-16.762,-13.123,-6.1201,-3.0315,-0.35349,1.3298,2.3468,2.7895,3.0816,3.1483,3.1452,3.1902,3.3754,3.6177,4.0578,4.549,5.032,5.3621,5.7478,6.0683,6.2659,6.4844,6.651,6.7716,6.8283,6.8561,6.8079,6.7182,6.498,6.1528,5.7908,5.1367,4.2408,3.0245,1.8474,-0.17073,-2.5327,-3.7805,-2.8508,0.051526,2.1711,4.5292,6.3401,7.6969,8.4566,9.1707,9.5831,9.7135,9.6819,9.4423,9.034,8.6422,8.0414,7.4024,6.9174,6.3024,5.7428,5.359,4.8872,4.4253,3.9091,3.4357,2.6031,1.4049,0.13843,-2.3911,-6.8612,-13.945,-14.112,-4.568,0.0038806,2.3245,4.6051,6.2909,7.2703,8.2854,9.032,9.5474,9.8116,9.9846,9.9781,9.8495,9.5086,8.9628,8.4228,7.528,6.4662,5.3012,4.4091,3.3467,2.5319,2.1128,1.767,1.5335,1.3955,1.1954,0.97864,0.78955,0.69646,0.65114,0.73065,0.84027,1.0308,1.2069,1.2783,1.2136,0.92796,0.38229,-0.19066,-1.0727,-1.8442,-2.1275,-1.972,-1.4033,-0.76449,-0.38769,-0.13145,-0.18373,-0.45393,-1.1044,-2.086,-3.0474,-4.6173,-6.3932,-7.7432,-7.7985,-6.2841,-4.0937,-2.4867,-0.61521,0.90507,2.1384,2.8939,3.6992,4.3205,4.673,5.0144,5.2268,5.3249,5.3861,5.3873,5.351,5.3151,5.2707,5.2262,5.1783,5.0771,4.8997,4.6905,4.2698,3.6511,2.8165,2.0127,0.73701,-0.77391,-2.0345,-3.794,-5.5038,-6.8775
-1.4334,-1.28,-1.3041,-1.4669,-1.5945,-1.5641,-1.1404,-0.55806,0.40681,1.3881,2.1983,2.654,3.0358,3.1565,3.0856,2.816,2.3622,1.9323,1.2841,0.57886,-0.13149,-0.68535,-1.4796,-2.3006,-2.9742,-3.8647,-4.7378,-5.3355,-6.1411,-7.0063,-7.9637,-8.5795,-8.8342,-8.1379,-7.2138,-6.0258,-5.1851,-4.8788,-5.0014,-5.6405,-6.497,-6.8303,-6.2582,-4.7598,-3.5602,-2.2883,-1.5242,-1.329,-1.5407,-2.3435,-3.6289,-4.7723,-5.8569,-5.5624,-4.4876,-2.7224,-1.1089,0.20219,1.0094,1.8923,2.5939,3.0332,3.5153,3.9057,4.1975,4.3651,4.5049,4.5712,4.5636,4.4961,4.3623,4.219,3.9657,3.6568,3.2977,3.0226,2.7157,2.5756,2.6636,3.0955,3.8472,4.5317,5.4673,6.3155,6.9821,7.3432,7.6142,7.6392,7.499,7.1074,6.5101,5.7482,5.1033,4.2174,3.4119,2.9174,2.4705,2.2317,2.1666,2.1425,2.1027,1.9617,1.7629,1.3145,0.65078,-0.0154,-1.0553,-2.0735,-2.5145,-2.2039,-0.86183,0.90979,2.2156,3.7672,5.0615,5.8675,6.7274,7.3644,7.7948,7.9801,8.0499,7.892,7.6225,7.0347,6.1619,5.2899,3.7905,1.8232,-0.6985,-2.9661,-6.1,-7.5386,-6.745,-5.0208,-3.6919,-3.0712,-2.7189,-2.7688,-3.1536,-3.5498,-4.0809,-4.3452,-4.2309,-3.6585,-2.7977,-1.9035,-1.3172,-0.73671,-0.38525,-0.25496,-0.21601,-0.26612,-0.33784,-0.46458,-0.6354,-0.89813,-1.18,-1.7037,-2.433,-3.1443,-4.3292,-5.8228,-7.2139,-9.6347,-13.118,-18.513,-19.655,-13.57,-8.9261,-6.4188,-3.8847,-1.9568,-0.45619,0.46594,1.469,2.2559,2.7362,3.2435,3.6388,3.8601,4.0773,4.2269,4.3164,4.3505,4.3651,4.3341,4.2826,4.1381,3.904,3.6437,3.1773,2.5306,1.6756,0.87912,-0.4164,-1.9985,-3.3817,-5.5336,-7.9814,-10.473
-3.0747,-2.2563,-1.4349,-0.80049,-0.37067,0.17777,0.75358,1.191,1.7688,2.2923,2.7145,2.9332,3.0956,3.0847,2.981,2.7024,2.2805,1.8644,1.1811,0.35419,-0.67804,-1.6108,-3.1236,-4.9961,-6.6899,-9.1104,-10.794,-10.855,-9.6365,-8.1324,-6.9053,-6.1418,-5.276,-4.4949,-3.9678,-3.335,-2.8457,-2.4955,-2.3358,-2.1935,-2.0755,-1.9746,-1.7759,-1.5313,-1.3729,-1.3154,-1.5476,-2.2017,-3.0664,-4.8799,-7.7647,-11.081,-17.867,-16.05,-11.527,-7.8146,-5.5647,-4.0321,-3.1496,-2.1817,-1.3415,-0.77967,-0.11685,0.43804,0.87155,1.1131,1.3352,1.4645,1.5177,1.5688,1.6252,1.6973,1.8601,2.098,2.4127,2.6874,3.1106,3.5793,3.9607,4.513,5.0745,5.49,5.9803,6.3631,6.5909,6.6352,6.5007,6.1156,5.6476,4.7568,3.5412,1.9741,0.57472,-1.5349,-3.6353,-4.7047,-4.8574,-3.8552,-2.8966,-1.7412,-0.84668,-0.20808,0.11615,0.38348,0.49735,0.51637,0.52247,0.57456,0.71767,1.0596,1.5939,2.2727,2.8297,3.5889,4.3055,4.7937,5.3598,5.8063,6.1203,6.2458,6.2705,6.0965,5.8192,5.2264,4.3442,3.4538,1.9099,-0.1503,-2.9043,-5.5496,-9.6888,-11.552,-9.8875,-7.3455,-5.7293,-5.134,-4.9647,-5.497,-6.7801,-8.3813,-11.729,-16.773,-17.126,-11.633,-7.5482,-4.842,-3.378,-1.9544,-0.99081,-0.49987,-0.10231,0.042352,0.00066874,-0.23897,-0.68114,-1.3373,-1.9869,-3.0625,-4.3715,-5.4552,-6.9864,-8.4589,-9.3997,-10.341,-10.833,-10.74,-10.272,-9.0589,-7.5268,-6.3,-4.7785,-3.4151,-2.2808,-1.5424,-0.69414,0.010693,0.46558,0.97478,1.3821,1.6211,1.8628,2.0339,2.1615,2.2384,2.3184,2.3849,2.4217,2.441,2.3836,2.2715,1.9967,1.5561,0.90418,0.27137,-0.82256,-2.2427,-3.5847,-5.8535,-8.9229,-13.328
-2.7363,-2.311,-1.7381,-1.0825,-0.51737,0.29482,1.0977,1.65,2.2769,2.7331,3.0294,3.137,3.1282,2.9707,2.7628,2.3808,1.9204,1.5293,0.92541,0.19317,-0.75256,-1.654,-3.2085,-5.3685,-7.5912,-11.788,-16.755,-15.363,-10.536,-7.2456,-5.0594,-3.8849,-2.7149,-1.866,-1.3791,-0.86605,-0.48033,-0.18283,-0.0024099,0.22227,0.42484,0.56159,0.71366,0.78999,0.77398,0.619,0.23994,-0.39962,-1.076,-2.201,-3.5501,-4.5914,-5.7784,-6.5066,-6.7635,-6.9414,-7.1026,-7.2797,-7.2938,-6.9132,-6.0563,-5.2537,-4.1869,-3.3169,-2.6908,-2.408,-2.2421,-2.3121,-2.4534,-2.6984,-2.8231,-2.7145,-2.1945,-1.2967,-0.17454,0.71016,1.8424,2.8968,3.6111,4.4571,5.1636,5.6017,6.0497,6.3212,6.4009,6.3134,5.9814,5.3744,4.7146,3.5284,1.9149,-0.22613,-2.3036,-6.0235,-11.806,-18.769,-15.189,-9.3377,-6.8176,-4.5459,-3.0063,-1.896,-1.2768,-0.63795,-0.17411,0.11229,0.42332,0.71028,0.92025,1.2318,1.5647,1.9145,2.1868,2.558,2.9349,3.2177,3.6013,3.9725,4.294,4.4927,4.6474,4.6676,4.5654,4.2583,3.7339,3.1967,2.2888,1.1909,-0.021128,-0.93199,-1.9842,-2.6987,-2.9767,-3.1293,-3.2367,-3.3966,-3.8213,-4.5939,-5.729,-6.8585,-8.5669,-9.8895,-9.7885,-8.1057,-5.8719,-3.8717,-2.6465,-1.342,-0.39302,0.10836,0.51871,0.64351,0.5614,0.21724,-0.41478,-1.349,-2.2727,-3.8511,-5.9145,-7.8231,-10.958,-14.595,-16.48,-15.527,-13.001,-10.749,-9.3891,-7.9277,-6.7271,-6.0079,-5.1921,-4.5607,-4.0199,-3.6647,-3.1875,-2.661,-2.2704,-1.7668,-1.3778,-1.1677,-1.0239,-1.0214,-1.0815,-1.1005,-1.0123,-0.74164,-0.45261,0.0032756,0.41754,0.65867,0.82556,0.80447,0.59052,0.29752,-0.25588,-0.9879,-1.6453,-2.6092,-3.6044,-4.4075
-3.0781,-4.1395,-4.9391,-4.2181,-2.9259,-1.0147,0.59314,1.5343,2.4227,2.9419,3.11,3.0451,2.72,2.1924,1.6988,1.0302,0.44623,0.12898,-0.12213,-0.28882,-0.44651,-0.64374,-1.0614,-1.6732,-2.181,-2.8149,-3.0948,-2.9769,-2.396,-1.5875,-0.79401,-0.27304,0.25246,0.59211,0.74324,0.82645,0.84942,0.87124,0.94417,1.1178,1.3948,1.6589,2.0175,2.3216,2.4707,2.5342,2.4166,2.0941,1.7218,1.05,0.19171,-0.54947,-1.6756,-2.9847,-4.1541,-6.1279,-8.8526,-13.042,-17.793,-19.18,-13.296,-10.401,-7.9742,-6.5392,-5.7674,-5.5317,-5.6557,-6.2927,-7.1751,-9.0007,-11.565,-13.105,-11.488,-7.6128,-4.2988,-2.3077,-0.1526,1.552,2.6058,3.7547,4.6796,5.2204,5.7697,6.1096,6.2289,6.1676,5.8646,5.2898,4.6695,3.5802,2.1798,0.47476,-0.97974,-3.007,-4.8856,-5.8995,-6.5215,-6.3055,-5.8066,-4.9183,-4.0046,-3.1887,-2.6666,-2.1184,-1.6846,-1.4232,-1.1144,-0.82205,-0.62766,-0.38995,-0.2033,-0.091978,-0.059908,-0.077069,-0.076613,0.00075776,0.27627,0.78174,1.434,1.9495,2.5557,2.9965,3.2002,3.2931,3.1894,3.0038,2.631,2.1586,1.6279,1.2307,0.70152,0.21613,-0.12131,-0.5431,-0.97668,-1.3043,-1.8056,-2.3461,-2.8999,-3.2663,-3.6046,-3.6924,-3.515,-2.9704,-2.1792,-1.2699,-0.59456,0.21129,0.87155,1.236,1.5293,1.5932,1.4789,1.0955,0.42855,-0.5416,-1.4775,-3.0468,-5.0593,-6.9224,-9.9222,-13.338,-14.99,-13.883,-11.273,-9.0995,-7.8618,-6.6872,-5.9775,-5.7423,-5.8036,-6.2795,-7.0131,-7.5713,-7.8675,-7.2975,-6.4621,-5.2929,-4.4409,-4.1332,-4.2221,-4.9071,-6.1484,-7.2133,-7.8886,-6.8639,-5.4117,-3.5294,-2.0382,-1.2278,-0.48418,-0.069458,0.11345,0.13211,0.069014,-0.062656,-0.17078,-0.3202,-0.42763,-0.47033
-2.9892,-6.5774,-13.396,-9.3061,-4.9763,-1.3966,0.7845,1.8377,2.6756,2.9887,2.8138,2.374,1.3847,-0.1096,-1.5504,-3.7692,-5.6936,-6.0433,-4.852,-3.0819,-1.5772,-0.71549,0.10961,0.65592,0.9508,1.2461,1.4963,1.68,1.9204,2.1249,2.2493,2.2494,2.0884,1.708,1.2619,0.45656,-0.51428,-1.4201,-1.8223,-1.6968,-0.85235,0.0025917,1.1418,2.1112,2.68,3.2004,3.4717,3.4981,3.3661,2.9837,2.3912,1.8026,0.80582,-0.45175,-1.5968,-3.4457,-5.6726,-8.1396,-9.7851,-10.717,-10.127,-9.4125,-8.6472,-8.2176,-8.1161,-8.1793,-8.4703,-9.0033,-9.6947,-11.105,-13.013,-14.012,-12.522,-9.0931,-5.9294,-3.9801,-1.8631,-0.17913,0.88319,2.0651,3.052,3.6669,4.3338,4.8195,5.0993,5.1674,5.0491,4.6714,4.2068,3.3302,2.1731,0.72266,-0.53852,-2.4361,-4.4826,-6.0317,-7.8024,-8.6926,-8.5493,-7.7267,-6.6765,-5.867,-5.4551,-5.1935,-5.1677,-5.2313,-5.2113,-4.9763,-4.6404,-4.1746,-3.8589,-3.8775,-4.2058,-5.1293,-6.5999,-7.7532,-8.1198,-6.3603,-3.9248,-2.3649,-0.77167,0.27458,0.7745,1.1339,1.2436,1.2104,1.0859,0.91822,0.72846,0.56902,0.34435,0.07304,-0.17155,-0.56476,-1.0229,-1.4243,-1.9985,-2.5532,-3.0478,-3.3044,-3.4573,-3.3022,-3.0243,-2.4565,-1.7376,-0.9627,-0.37915,0.33999,0.94259,1.2948,1.6038,1.7073,1.6324,1.3171,0.76452,-0.033574,-0.7819,-1.9414,-3.1946,-4.1645,-5.3458,-6.2155,-6.5621,-6.5654,-6.1696,-5.6007,-5.2034,-4.8454,-4.8326,-5.0816,-5.9541,-7.6133,-10.681,-14.801,-33.745,-16.609,-11.464,-7.9482,-6.1095,-5.4959,-5.5511,-6.6396,-9.0781,-12.227,-17.028,-12.556,-8.7905,-5.5655,-3.6342,-2.758,-2.1015,-1.8681,-1.8746,-1.9025,-1.8583,-1.6327,-1.3557,-0.91334,-0.44664,-0.027936
1.9629,1.148,0.4312,0.33589,0.61441,1.1854,1.7159,1.9739,2.0706,1.8236,1.2247,0.50265,-0.88397,-2.8733,-4.907,-8.7074,-13.853,-14.673,-9.9808,-6.2823,-3.8405,-2.5094,-1.1667,-0.16551,0.40522,1.0146,1.4594,1.7099,1.9216,1.9952,1.9032,1.6879,1.17,0.30314,-0.65375,-2.4735,-5.3121,-10.181,-17.471,-16.264,-8.191,-5.023,-2.2862,-0.50338,0.44157,1.3176,1.849,2.1118,2.1533,2.0318,1.715,1.3422,0.68481,-0.16366,-0.91667,-2.0731,-3.3701,-4.7145,-5.7026,-6.9744,-8.2395,-9.2241,-10.658,-12.233,-13.637,-14.222,-14.021,-13.2,-12.491,-11.698,-10.988,-10.398,-9.439,-8.2949,-7.1063,-6.2354,-5.1966,-4.242,-3.578,-2.6831,-1.8114,-1.1224,-0.25604,0.51717,1.1333,1.4553,1.6731,1.6268,1.4009,0.82417,-0.094837,-1.3827,-2.6397,-4.8156,-7.7849,-10.871,-17.619,-38.904,-19.858,-13.812,-11.177,-10.03,-9.8826,-10.483,-12.099,-13.962,-16.644,-16.158,-13.817,-11.023,-9.2719,-8.512,-8.5729,-9.5526,-11.846,-14.559,-16.539,-12.329,-8.4083,-6.4053,-4.7066,-3.7842,-3.5212,-3.5873,-3.9731,-4.3407,-4.714,-4.7956,-4.5872,-4.3645,-4.0912,-3.9815,-4.0458,-4.3504,-4.9035,-5.5015,-6.4874,-7.6755,-8.8889,-9.6411,-10.05,-9.5524,-8.7454,-7.4379,-6.1087,-4.8813,-4.0511,-3.0617,-2.2415,-1.7335,-1.2227,-0.94251,-0.89432,-1.0638,-1.5183,-2.2611,-3.0006,-4.1788,-5.4705,-6.407,-7.3883,-7.8092,-7.7319,-7.2236,-6.4947,-5.7885,-5.3528,-4.9799,-4.883,-5.0267,-5.5046,-6.2964,-7.3056,-8.0395,-8.5207,-8.1263,-7.3896,-6.2954,-5.4067,-4.9825,-4.7687,-4.9229,-5.2912,-5.5835,-5.7383,-5.4793,-5.0914,-4.5982,-4.3759,-4.474,-5.0986,-6.3136,-8.0892,-9.498,-10.339,-9.1141,-7.6258,-5.7795,-4.4034,-3.442
4.1742,3.7573,3.2497,2.8274,2.5605,2.2436,1.9139,1.6241,1.1547,0.53089,-0.24019,-0.92722,-2.0107,-3.2301,-4.1952,-5.3875,-6.1948,-6.4291,-6.1618,-5.4198,-4.4855,-3.7743,-2.8735,-2.0728,-1.5316,-0.91052,-0.40995,-0.10621,0.19725,0.3614,0.36563,0.24415,-0.11176,-0.74641,-1.4255,-2.6113,-4.083,-5.6313,-6.4396,-6.4947,-5.4761,-4.463,-3.1702,-2.1441,-1.5643,-0.98831,-0.60926,-0.38082,-0.28745,-0.24263,-0.31015,-0.44041,-0.71737,-1.1461,-1.5748,-2.2805,-3.1698,-4.2391,-5.1716,-6.6572,-8.4703,-10.149,-13.016,-17.244,-24.845,-38.36,-23.052,-17.887,-15.715,-13.799,-12.493,-11.73,-10.92,-10.365,-10.038,-9.9583,-10.081,-10.411,-10.66,-10.559,-9.6761,-8.523,-6.8118,-5.2164,-3.9033,-3.1396,-2.4012,-1.9926,-1.8792,-1.9913,-2.4299,-3.171,-3.9375,-5.2299,-6.8195,-8.1222,-9.7738,-10.804,-10.963,-10.719,-10.434,-10.459,-10.861,-11.955,-13.837,-15.712,-18.037,-17.598,-15.586,-12.991,-11.017,-9.7028,-9.0757,-8.6263,-8.4347,-8.3158,-7.9875,-7.3814,-6.6513,-6.2335,-5.9769,-6.2108,-6.8203,-8.2997,-10.774,-13.392,-17.016,-16.167,-12.941,-11.174,-9.6668,-8.9395,-8.7773,-8.9714,-9.6052,-10.385,-11.835,-14.11,-17.707,-22.375,-34.37,-22.095,-17.712,-14.31,-12.089,-10.434,-9.3721,-8.0972,-6.8864,-6.0569,-5.1188,-4.4316,-4.1181,-4.01,-4.3154,-5.0551,-5.9604,-7.7245,-10.341,-13.06,-17.646,-18.149,-14.961,-11.404,-8.9993,-7.3754,-6.5267,-5.7393,-5.2768,-5.1264,-5.0895,-5.1865,-5.3176,-5.3764,-5.3628,-5.2157,-5.0096,-4.6546,-4.2817,-4.0339,-3.7669,-3.588,-3.4771,-3.4318,-3.4043,-3.4374,-3.5206,-3.7784,-4.3129,-4.9642,-6.3221,-8.4468,-11.699,-15.134,-18.511,-14.7,-11.815,-9.2858,-7.8426,-7.128
5.4761,5.0877,4.5058,3.8564,3.3335,2.6013,1.8332,1.2482,0.45654,-0.32703,-1.1306,-1.7496,-2.5914,-3.4645,-4.1223,-4.9411,-5.6108,-5.9537,-6.1646,-6.0501,-5.653,-5.2243,-4.5805,-3.902,-3.4154,-2.8334,-2.2806,-1.8855,-1.3838,-0.92881,-0.57249,-0.38157,-0.26923,-0.31362,-0.46448,-0.7983,-1.2305,-1.658,-1.9477,-2.2094,-2.3278,-2.3747,-2.4276,-2.5099,-2.6078,-2.7564,-2.8814,-2.9079,-2.8273,-2.6119,-2.3217,-2.0858,-1.8457,-1.7463,-1.788,-2.0194,-2.4688,-3.1623,-3.8584,-5.0122,-6.4548,-7.7241,-9.6748,-11.692,-13.49,-14.419,-14.77,-14.48,-14.043,-13.42,-12.755,-12.312,-11.867,-11.644,-11.784,-12.222,-13.495,-16.01,-19.443,-32.288,-22.573,-16.548,-12.062,-9.2377,-7.2649,-6.1489,-5.0234,-4.2234,-3.7983,-3.4529,-3.318,-3.4177,-3.6132,-4.0206,-4.5438,-4.9798,-5.5338,-6.0331,-6.349,-6.7552,-7.1762,-7.7126,-8.195,-8.9939,-9.822,-10.37,-10.869,-10.913,-10.592,-9.8295,-8.8518,-7.8264,-7.0844,-6.1932,-5.4444,-4.9756,-4.4563,-4.0768,-3.8728,-3.9044,-4.1889,-4.9006,-5.7629,-7.4437,-9.8211,-11.999,-14.494,-14.538,-12.961,-11.908,-11.15,-10.988,-11.179,-11.648,-12.232,-12.704,-13.499,-14.537,-15.803,-16.727,-17.415,-17.039,-16.444,-15.786,-15.578,-15.601,-15.312,-13.878,-11.578,-9.8267,-7.8505,-6.3451,-5.5516,-4.9196,-4.7614,-5.0743,-5.6349,-6.869,-8.6816,-10.329,-12.372,-12.591,-11.374,-9.2834,-7.5662,-6.3092,-5.6476,-5.0414,-4.7088,-4.5766,-4.5018,-4.4955,-4.4985,-4.4807,-4.4049,-4.2507,-4.0901,-3.8148,-3.4975,-3.2299,-2.8534,-2.4775,-2.1487,-1.9283,-1.7183,-1.6245,-1.6556,-1.8479,-2.2501,-2.7203,-3.5403,-4.5574,-5.6482,-6.3757,-7.0453,-7.2742,-7.2463,-7.1953,-7.3585,-7.9484
6.8588,6.4056,5.6341,4.6767,3.8456,2.606,1.2892,0.31996,-0.8523,-1.7595,-2.4266,-2.8461,-3.4074,-4.1153,-4.8044,-5.9502,-7.3337,-8.3712,-9.3767,-9.4764,-8.6537,-7.7801,-6.6847,-5.8658,-5.449,-5.0196,-4.5688,-4.1152,-3.2755,-2.2363,-1.1597,-0.43776,0.34366,0.88909,1.1424,1.2775,1.2136,0.98662,0.71853,0.25004,-0.35196,-0.88806,-1.77,-2.8499,-3.7869,-5.1986,-6.5694,-7.3795,-7.2765,-6.2584,-4.78,-3.6992,-2.4813,-1.5598,-1.0738,-0.71151,-0.64275,-0.86716,-1.2182,-1.8988,-2.8348,-3.6848,-4.9865,-6.418,-7.9057,-9.0596,-10.564,-12.015,-12.917,-13.563,-13.373,-12.791,-11.831,-11.015,-10.59,-10.579,-10.989,-11.783,-12.494,-13.021,-12.592,-11.726,-10.314,-9.0243,-7.891,-7.1399,-6.1907,-5.2654,-4.627,-3.8785,-3.2624,-2.8216,-2.606,-2.4529,-2.4186,-2.4544,-2.562,-2.7422,-2.9386,-3.2507,-3.6773,-4.2591,-4.7901,-5.6499,-6.673,-7.5167,-8.6326,-9.3978,-9.5317,-8.8169,-7.4127,-5.7947,-4.6226,-3.2347,-2.0919,-1.3973,-0.68263,-0.21144,0.0038887,0.026479,-0.18617,-0.66592,-1.1852,-2.0686,-3.1068,-3.9117,-4.9421,-5.8394,-6.6975,-7.3953,-8.6697,-10.462,-12.19,-14.721,-15.961,-15.286,-13.698,-12.383,-11.623,-11.332,-11.225,-11.479,-11.929,-13.03,-15.259,-19.892,-26.747,-20.541,-13.543,-10.359,-7.389,-5.3384,-4.2189,-3.1535,-2.4995,-2.2232,-2.2119,-2.4077,-2.7778,-3.0761,-3.3918,-3.5046,-3.4478,-3.2623,-3.0563,-2.9422,-2.9504,-3.1239,-3.438,-3.7114,-4.0974,-4.4111,-4.602,-4.6615,-4.6187,-4.4638,-4.2964,-3.9953,-3.5698,-3.1557,-2.4946,-1.741,-0.96628,-0.4248,0.1999,0.67583,0.91108,1.0462,0.98126,0.80766,0.42418,-0.095098,-0.70503,-1.2,-1.8438,-2.4903,-2.98,-3.6833,-4.5011,-5.5189
8.1999,7.6835,6.7195,5.4134,4.1661,2.0749,-0.5804,-2.9442,-6.0205,-7.1647,-6.0409,-5.0203,-4.246,-4.2244,-4.7108,-6.1351,-8.7648,-12.06,-21.528,-21.532,-12.509,-9.5817,-7.5242,-6.8567,-7.0624,-8.2638,-10.329,-11.035,-8.4585,-4.7721,-1.8522,-0.20621,1.4198,2.4901,3.0084,3.3781,3.4309,3.1883,2.8513,2.1751,1.2407,0.37081,-1.0449,-2.8536,-4.5643,-7.6035,-12.452,-24.561,-21.847,-11.43,-6.7561,-4.4382,-2.1467,-0.48755,0.43878,1.3209,1.8303,2.0147,1.9556,1.6096,0.99648,0.36103,-0.70665,-2.0638,-3.7365,-5.2191,-7.7618,-11.312,-15.358,-26.683,-20.257,-14.793,-10.848,-8.5799,-7.2161,-6.6114,-6.1954,-6.106,-6.1854,-6.4308,-6.7423,-7.1081,-7.7152,-8.4821,-9.2539,-9.4567,-8.7911,-7.2784,-5.9975,-4.4486,-3.267,-2.3685,-1.8705,-1.3705,-1.0075,-0.78765,-0.56728,-0.39939,-0.32691,-0.33273,-0.51281,-0.90179,-1.3949,-2.3596,-3.8349,-5.4301,-8.5903,-14.472,-23.605,-13.884,-7.4723,-3.7286,-1.7467,0.24226,1.7131,2.553,3.384,3.9356,4.249,4.3478,4.2932,4.0708,3.7984,3.3062,2.6895,2.158,1.3481,0.4109,-0.73222,-1.8029,-3.5958,-6.0379,-8.5395,-12.833,-15.224,-12.953,-9.5361,-7.2658,-5.8792,-5.2742,-4.8918,-4.9162,-5.1549,-5.7348,-6.4546,-7.067,-7.2396,-6.7688,-5.6273,-4.5769,-3.1565,-1.844,-0.965,0.037414,0.84442,1.4502,1.7729,2.0552,2.1903,2.1985,2.1317,1.9719,1.797,1.4607,0.98993,0.32113,-0.33054,-1.4387,-2.8084,-3.9923,-5.6097,-6.861,-7.3281,-7.1819,-6.7561,-6.4498,-6.3631,-6.3779,-6.1837,-5.6463,-4.2714,-2.4625,-0.63974,0.57012,1.9229,2.9478,3.5166,4.0108,4.2301,4.2388,4.0435,3.6432,3.0684,2.5401,1.7319,0.83481,0.12385,-0.81525,-1.6968,-2.4343
7.6522,7.2209,6.3698,5.1334,3.9032,1.7591,-1.1629,-4.0513,-8.6168,-9.8389,-6.9018,-5.0553,-3.5976,-3.0317,-3.0573,-3.5941,-4.5597,-5.3899,-6.2564,-6.377,-5.7847,-5.2095,-4.6917,-4.6994,-5.1882,-6.6452,-8.6717,-9.3442,-7.0757,-3.6315,-0.87244,0.69796,2.2088,3.1884,3.6238,3.8633,3.7533,3.3328,2.8292,1.9292,0.79154,-0.22662,-1.7527,-3.4685,-4.8507,-6.7323,-8.33,-9.1164,-8.8678,-7.481,-5.4485,-3.8558,-1.869,-0.16046,0.88873,1.9979,2.7656,3.2058,3.3303,3.2279,2.8496,2.395,1.5688,0.49181,-0.84945,-2.0083,-3.7625,-5.7032,-7.0972,-8.2848,-8.2014,-7.423,-6.0807,-4.8074,-3.8273,-3.2962,-2.8737,-2.7671,-2.8726,-3.3024,-4.1127,-5.0105,-6.8379,-9.7685,-15.109,-24.583,-18.899,-11.358,-8.4901,-6.0901,-4.6749,-3.8867,-3.5531,-3.2657,-2.9787,-2.6595,-2.0464,-1.2909,-0.70423,-0.054222,0.39739,0.58421,0.5206,0.1496,-0.55176,-1.2978,-2.487,-3.5836,-3.8869,-3.0612,-1.3413,0.51036,1.7531,3.1486,4.2399,4.8761,5.5031,5.9189,6.1645,6.2326,6.2321,6.1291,5.99,5.734,5.4039,5.0981,4.6182,4.0194,3.3033,2.6717,1.7161,0.67214,-0.092621,-0.93346,-1.3564,-1.3395,-0.99799,-0.52821,-0.098466,0.11557,0.22444,0.14849,-0.034761,-0.41981,-0.89132,-1.3627,-1.6768,-1.9595,-2.0683,-1.9721,-1.5704,-0.86458,-0.17885,0.82229,1.8111,2.7,3.2545,3.818,4.1849,4.3282,4.3455,4.1673,3.9004,3.3609,2.5647,1.4718,0.40324,-1.4196,-3.911,-6.4788,-11.586,-22.786,-19.474,-13.698,-10.457,-9.4292,-9.7476,-11.891,-18.195,-25.475,-11.657,-5.6077,-1.87,0.16583,2.1919,3.6298,4.3999,5.0904,5.4316,5.4762,5.2857,4.8196,4.0869,3.3735,2.178,0.73824,-0.48037,-2.2112,-3.763,-4.6085
4.5236,4.3483,3.9453,3.3228,2.7122,1.716,0.5721,-0.29922,-1.2789,-1.8783,-2.0748,-2.0632,-1.9927,-1.9873,-2.0646,-2.245,-2.4458,-2.5905,-2.6843,-2.6229,-2.4529,-2.2968,-2.098,-1.9626,-1.9313,-1.9156,-1.786,-1.5235,-0.9113,-0.074083,0.82164,1.4133,2.0038,2.3281,2.3749,2.1699,1.6592,0.86901,0.084567,-1.1644,-2.6266,-3.839,-5.595,-7.4468,-8.8795,-10.736,-12.259,-12.833,-12.261,-10.304,-7.8462,-6.0233,-3.7908,-1.8957,-0.71164,0.53345,1.4328,1.9916,2.1997,2.2354,1.9918,1.6481,1.0011,0.17944,-0.76039,-1.5226,-2.5097,-3.3523,-3.8516,-4.252,-4.3202,-4.1454,-3.7165,-3.1956,-2.6887,-2.3725,-2.087,-1.9986,-2.0894,-2.4198,-3.0463,-3.6952,-4.804,-6.1296,-7.4366,-8.0833,-8.2183,-7.7044,-7.2044,-6.7665,-6.7346,-7.293,-8.1391,-9.8388,-11.55,-11.597,-9.3424,-6.4959,-4.666,-2.7362,-1.3209,-0.34506,0.16927,0.59434,0.79761,0.8602,0.88701,0.97876,1.1451,1.5109,2.0501,2.6747,3.1425,3.6963,4.1249,4.3523,4.5312,4.5794,4.5178,4.432,4.3042,4.1862,4.1282,4.0977,4.0968,4.0954,4.0684,3.9853,3.8357,3.6847,3.432,3.1478,2.9524,2.7265,2.5764,2.5194,2.5119,2.5333,2.5167,2.4614,2.2924,1.9844,1.6506,1.0603,0.26707,-0.74772,-1.66,-3.1439,-4.8904,-6.2037,-7.1903,-6.3469,-4.8404,-2.642,-0.75488,0.73102,1.6,2.4591,3.0083,3.2474,3.3369,3.19,2.924,2.3679,1.5669,0.51589,-0.44673,-1.9807,-3.7861,-5.3109,-7.3783,-8.9962,-9.5187,-9.2368,-8.6086,-8.1752,-8.1122,-8.3007,-8.3273,-7.7716,-6.0157,-3.6988,-1.4493,0.0022795,1.5855,2.7807,3.4252,3.983,4.2125,4.1733,3.8601,3.2505,2.3393,1.4424,-0.071996,-2.0477,-3.9619,-7.49,-13.525,-38.848
0.70893,0.86385,1.0796,1.2526,1.2983,1.2165,0.97718,0.72011,0.30957,-0.13963,-0.5966,-0.94702,-1.4122,-1.855,-2.1452,-2.4211,-2.5281,-2.4812,-2.2608,-1.8958,-1.4413,-1.0808,-0.61597,-0.20915,0.072555,0.4365,0.76426,1.0087,1.3345,1.6321,1.8519,1.9373,1.9163,1.6823,1.3481,0.66186,-0.31192,-1.602,-2.778,-4.6276,-6.7465,-8.4396,-10.696,-12.798,-14.353,-16.799,-21.065,-33.553,-24.747,-15.602,-10.616,-7.8788,-5.0592,-2.9263,-1.6604,-0.36506,0.52398,1.0574,1.2415,1.2197,0.91599,0.51872,-0.20783,-1.1032,-2.0998,-2.8683,-3.8218,-4.5687,-4.9185,-5.0716,-4.8479,-4.5029,-3.8911,-3.2333,-2.6034,-2.1999,-1.7766,-1.5152,-1.4447,-1.5164,-1.755,-2.0536,-2.5493,-3.1205,-3.7001,-4.0964,-4.5484,-4.9672,-5.2892,-5.8593,-6.7165,-7.9988,-9.408,-12.094,-15.564,-16.264,-12.38,-8.4132,-6.1605,-3.8389,-2.1086,-0.8049,-0.046407,0.74045,1.3132,1.644,1.9965,2.2944,2.5021,2.754,2.9818,3.1691,3.2672,3.3086,3.2183,3.0456,2.6687,2.1189,1.4276,0.89473,0.24827,-0.10873,-0.093068,0.27958,0.89755,1.4159,2.057,2.6033,3.017,3.2515,3.4811,3.6406,3.722,3.8087,3.8741,3.9073,3.9253,3.9061,3.8205,3.7001,3.4432,3.0436,2.6379,1.9258,0.97177,-0.30581,-1.5436,-3.7318,-6.8848,-10.391,-16.43,-12.551,-8.3646,-4.6637,-2.2138,-0.51861,0.39818,1.2642,1.7971,2.0056,2.0665,1.8945,1.626,1.0845,0.37107,-0.50483,-1.2417,-2.3031,-3.3822,-4.1355,-4.9856,-5.5699,-5.8368,-5.8507,-5.6702,-5.332,-4.9955,-4.4541,-3.7701,-3.1383,-2.1335,-1.0143,0.1136,0.91243,1.8383,2.5562,2.9416,3.2142,3.2132,3.036,2.552,1.7984,0.79724,-0.10692,-1.4734,-3.0063,-4.2317,-5.8413,-7.1458,-7.591
-5.1102,-3.9715,-2.1488,-0.61864,0.22378,0.95917,1.3063,1.3489,1.1392,0.66533,-0.045935,-0.72281,-1.8131,-3.052,-3.9619,-4.9103,-5.1776,-4.7986,-3.7889,-2.5929,-1.4359,-0.6554,0.23493,0.96526,1.4246,1.9217,2.3073,2.5273,2.7346,2.8308,2.7908,2.6622,2.3341,1.7934,1.2293,0.23737,-1.0747,-2.763,-4.3264,-6.9315,-10.315,-13.577,-19.194,-22.092,-19.743,-17.017,-15.269,-13.675,-12.174,-9.6956,-7.1379,-5.3436,-3.2735,-1.5862,-0.57868,0.44172,1.1035,1.4226,1.4472,1.1848,0.61973,0.00053639,-1.0836,-2.4546,-4.1132,-5.5154,-7.4977,-9.3108,-10.046,-9.7001,-8.249,-6.9559,-5.3128,-3.8673,-2.6795,-1.9479,-1.191,-0.66799,-0.4112,-0.25307,-0.27225,-0.39348,-0.6831,-1.0769,-1.5351,-1.9253,-2.4823,-3.0579,-3.5166,-4.1395,-4.8285,-5.5281,-6.0218,-6.5593,-6.7426,-6.5328,-5.7389,-4.5627,-3.583,-2.2878,-1.1112,-0.09089,0.54923,1.2606,1.8252,2.162,2.5266,2.7917,2.9387,3.0946,3.1796,3.1798,3.1077,2.8926,2.4972,2.0441,1.1645,-0.11225,-1.9103,-3.7226,-6.8262,-9.5918,-9.1098,-6.0255,-3.2025,-1.5869,0.039569,1.2142,2.0727,2.5591,3.0738,3.4823,3.7355,4.0342,4.2936,4.4619,4.6349,4.7383,4.7666,4.7196,4.5571,4.2689,3.9579,3.4055,2.6919,1.8059,1.026,-0.12224,-1.2904,-2.0462,-2.6279,-2.5257,-2.0649,-1.1976,-0.30317,0.44738,0.88588,1.2877,1.4895,1.5101,1.3821,1.0748,0.73342,0.12822,-0.64408,-1.5657,-2.3364,-3.4036,-4.4248,-5.0382,-5.5671,-5.7034,-5.473,-5.139,-4.5462,-3.8596,-3.3053,-2.5254,-1.7078,-1.0728,-0.21177,0.65269,1.4718,2.0316,2.6629,3.1166,3.3221,3.3878,3.1892,2.8573,2.158,1.163,-0.10978,-1.2038,-2.7344,-4.1241,-4.8739,-5.3298,-5.1639,-4.5406
-12.428,-7.454,-3.2594,-0.72592,0.51381,1.5603,2.0693,2.155,1.927,1.3255,0.32983,-0.70403,-2.5586,-5.2179,-8.1046,-14.595,-20.13,-12.727,-7.2833,-4.0857,-1.9342,-0.75016,0.45103,1.3518,1.8607,2.3653,2.733,2.9247,3.0695,3.09,2.9824,2.8003,2.3909,1.7875,1.1852,0.1699,-1.1277,-2.7288,-4.1296,-6.3133,-8.9287,-11.097,-13.838,-14.816,-13.874,-11.752,-9.6198,-7.683,-6.3045,-4.577,-2.9395,-1.8008,-0.46007,0.6475,1.3024,1.9189,2.2391,2.2433,2.0355,1.4805,0.59238,-0.29385,-1.7731,-3.6559,-5.9997,-8.1463,-11.953,-18.139,-27.755,-19.302,-12.594,-9.5663,-6.6326,-4.466,-2.8176,-1.8427,-0.84141,-0.13518,0.22247,0.49152,0.52917,0.43733,0.15629,-0.27753,-0.84023,-1.3254,-2.0289,-2.747,-3.2757,-3.9122,-4.4023,-4.7484,-4.8653,-4.8402,-4.586,-4.2431,-3.6293,-2.8788,-2.2606,-1.421,-0.62568,0.080452,0.54081,1.0363,1.4203,1.6357,1.8326,1.9533,2.0081,2.0564,2.0898,2.0942,2.0564,1.9105,1.5952,1.2055,0.41452,-0.77834,-2.4923,-4.2131,-7.1043,-9.5663,-9.176,-6.4603,-3.8717,-2.3865,-0.93035,0.067645,0.75728,1.1436,1.5577,1.9399,2.2537,2.703,3.1829,3.5428,3.9907,4.3562,4.6135,4.728,4.7689,4.686,4.5433,4.2537,3.8622,3.396,3.0124,2.4836,1.9854,1.6682,1.3468,1.1692,1.1197,1.125,1.1478,1.1287,1.0707,0.91897,0.67642,0.45031,0.08121,-0.3589,-0.75733,-1.4081,-2.2876,-3.4575,-4.5734,-6.4245,-8.6092,-10.218,-11.277,-10.339,-8.5204,-7.1807,-5.6596,-4.415,-3.6246,-2.6582,-1.7355,-1.0397,-0.10608,0.8194,1.6943,2.276,2.9254,3.3867,3.5768,3.6132,3.3578,2.9451,2.0751,0.77913,-1.0479,-2.8591,-6.0765,-10.445,-13.39,-11.551,-7.759,-5.0023
-0.75618,-0.25836,0.65028,1.5258,2.0402,2.4658,2.5739,2.4513,2.0334,1.3396,0.35849,-0.56657,-2.0295,-3.7511,-5.1469,-6.7302,-7.1875,-6.5075,-4.9456,-3.3222,-1.9802,-1.1944,-0.40354,0.14016,0.42467,0.69259,0.88494,1.0013,1.1213,1.1848,1.1683,1.064,0.76765,0.26737,-0.25319,-1.1702,-2.2936,-3.6014,-4.6356,-6.0108,-7.2081,-7.8878,-8.348,-8.2604,-7.8176,-6.8504,-5.6143,-4.2913,-3.2753,-1.979,-0.77639,0.033267,0.95743,1.6855,2.0846,2.3886,2.4179,2.1518,1.7457,0.93724,-0.21602,-1.3165,-3.0741,-5.1677,-7.4914,-9.248,-11.413,-12.921,-13.235,-12.396,-10.587,-9.0079,-6.9174,-5.0639,-3.5284,-2.5957,-1.6039,-0.90334,-0.56494,-0.34742,-0.38151,-0.55766,-0.99522,-1.6573,-2.5332,-3.2973,-4.4412,-5.6723,-6.5663,-7.6032,-8.2538,-8.4395,-8.2803,-7.7703,-7.043,-6.4238,-5.5672,-4.6865,-4.0409,-3.2521,-2.5505,-1.9751,-1.6334,-1.3323,-1.2042,-1.2259,-1.4001,-1.6504,-1.8317,-1.9914,-1.9503,-1.686,-1.3999,-1.0178,-0.75885,-0.68879,-0.78964,-1.1287,-1.6562,-2.125,-2.7108,-3.06,-3.0974,-2.8962,-2.5178,-2.2488,-2.0349,-2.0493,-2.2974,-2.5767,-2.9628,-3.0781,-2.8087,-2.0114,-0.92268,-0.093038,0.90958,1.7096,2.2817,2.5741,2.8015,2.8823,2.8573,2.7473,2.5579,2.3293,2.1388,1.8637,1.579,1.3717,1.0999,0.8359,0.62068,0.29657,-0.11624,-0.63354,-1.1155,-1.8663,-2.6913,-3.2729,-3.8841,-4.2416,-4.3915,-4.5955,-5.0089,-5.8553,-6.8804,-8.9907,-12.405,-16.308,-20.564,-15.512,-11.419,-9.4961,-7.8402,-6.8511,-6.3323,-5.7442,-5.0351,-4.3042,-3.0715,-1.7244,-0.41554,0.46302,1.4424,2.1644,2.5229,2.7444,2.6649,2.3873,1.7102,0.64429,-0.85931,-2.3226,-4.7508,-7.423,-8.7288,-8.0931,-5.9841,-3.9866
2.9376,3.088,3.2697,3.3669,3.355,3.178,2.7919,2.3626,1.6214,0.72663,-0.24122,-0.96564,-1.8522,-2.5822,-2.9792,-3.2648,-3.2631,-3.0911,-2.734,-2.3381,-2.0502,-1.943,-1.9844,-2.2555,-2.5477,-2.9423,-3.2104,-3.2296,-2.9632,-2.511,-2.0794,-1.8612,-1.7815,-2.0253,-2.4242,-3.2816,-4.5008,-6.0393,-7.3747,-9.1422,-10.356,-10.557,-9.8213,-8.4932,-7.3759,-5.8969,-4.4839,-3.1548,-2.2255,-1.0738,-0.045567,0.62058,1.3613,1.9127,2.1763,2.3195,2.1914,1.7796,1.263,0.27772,-1.064,-2.3348,-4.4229,-6.9952,-10.227,-13.16,-17.478,-19.228,-17.363,-14.028,-11.274,-9.4896,-7.4676,-5.7864,-4.4286,-3.5999,-2.7512,-2.1985,-1.9641,-1.8911,-2.0761,-2.4064,-3.0764,-4.045,-5.3416,-6.5496,-8.5385,-11.024,-13.248,-16.463,-18.703,-17.905,-16.358,-14.285,-12.485,-11.324,-9.9412,-8.6947,-7.8302,-6.8423,-6.0118,-5.3772,-5.0469,-4.833,-4.9499,-5.2962,-6.126,-7.4691,-8.7239,-10.323,-10.484,-8.8008,-7.2005,-5.3458,-3.9766,-3.2589,-2.6474,-2.3445,-2.2562,-2.2953,-2.3792,-2.4996,-2.5895,-2.7261,-2.9314,-3.1863,-3.744,-4.6692,-6.1752,-7.8844,-11.327,-16.146,-15.963,-10.634,-6.7506,-4.7627,-2.9175,-1.716,-0.98565,-0.68469,-0.51089,-0.5328,-0.60865,-0.73001,-0.84722,-0.94777,-1.0241,-1.1323,-1.2747,-1.4091,-1.6027,-1.8259,-2.0353,-2.3904,-2.9098,-3.7186,-4.591,-6.2362,-8.555,-10.729,-13.08,-12.32,-10.523,-8.4733,-7.202,-6.6585,-6.6479,-7.0384,-7.6889,-8.1983,-8.5898,-8.5527,-8.3001,-8.198,-8.4127,-9.2201,-10.337,-12.476,-14.034,-12.795,-9.2534,-6.0395,-3.5768,-2.1325,-0.65057,0.42258,1.0039,1.5064,1.7233,1.7178,1.4896,1.0277,0.37544,-0.19681,-0.99878,-1.6745,-2.0133,-2.1625,-2.0074,-1.683
4.7843,4.9086,4.9231,4.745,4.4638,3.873,3.0134,2.1834,0.82468,-0.77169,-2.4269,-3.501,-4.4078,-4.5093,-4.1843,-3.5459,-2.9008,-2.5167,-2.1469,-2.027,-2.198,-2.5603,-3.4329,-4.832,-6.3238,-8.9751,-11.771,-12.239,-9.9557,-7.3047,-5.3902,-4.4221,-3.669,-3.4573,-3.6466,-4.3378,-5.6395,-7.6928,-9.9743,-14.777,-27.155,-24.529,-14.489,-10.163,-8.0387,-5.9188,-4.2792,-2.8958,-1.9736,-0.85606,0.14289,0.807,1.5617,2.1159,2.3862,2.5324,2.4099,1.9941,1.482,0.49941,-0.82661,-2.061,-4.0695,-6.5265,-9.4974,-12.091,-15.619,-17.082,-15.732,-13.029,-10.621,-9.079,-7.3335,-5.9409,-4.8187,-4.1578,-3.5416,-3.1911,-3.097,-3.1878,-3.5324,-3.9541,-4.7499,-5.83,-7.2434,-8.597,-10.856,-13.829,-16.64,-21.498,-25.74,-24.175,-22.099,-19.871,-18.132,-16.805,-15.02,-13.343,-12.21,-10.823,-9.6801,-8.7571,-8.238,-7.8025,-7.7364,-7.9854,-8.8592,-10.654,-12.881,-17.533,-18.967,-13.332,-10.183,-7.3827,-5.586,-4.7069,-3.9953,-3.6479,-3.544,-3.5421,-3.5959,-3.6565,-3.6946,-3.7407,-3.8905,-4.1061,-4.5898,-5.4007,-6.6001,-7.7999,-9.6985,-11.191,-11.037,-9.2134,-7.0342,-5.6651,-4.3676,-3.6413,-3.4243,-3.5682,-4.1086,-4.9077,-5.4986,-6.0187,-6.0264,-5.7298,-5.4888,-5.3174,-5.3701,-5.5275,-5.7545,-5.8406,-5.741,-5.5189,-5.3947,-5.6206,-6.1266,-7.4207,-9.5944,-11.883,-14.649,-13.219,-10.7,-7.9624,-6.1453,-5.0164,-4.5126,-4.1742,-4.0915,-4.1447,-4.327,-4.5914,-5.0122,-5.4725,-6.3948,-7.8184,-9.3574,-12.073,-14.223,-13.186,-9.7077,-6.6619,-4.3637,-3.0393,-1.6601,-0.6212,-0.017266,0.59918,1.0202,1.224,1.3497,1.3198,1.1434,0.93881,0.61153,0.24288,-0.025434,-0.35044,-0.60728,-0.81079
5.4609,5.6686,5.7042,5.4539,5.0607,4.242,3.0437,1.8486,-0.23955,-3.1106,-7.3418,-12.298,-19.76,-11.83,-8.2197,-5.3475,-3.6102,-2.7758,-2.1268,-1.9277,-2.1386,-2.5899,-3.6188,-5.2056,-6.8851,-9.8815,-13.236,-13.91,-11.28,-8.4375,-6.3712,-5.2795,-4.3225,-3.8218,-3.7302,-3.9653,-4.605,-5.6362,-6.6211,-8.0255,-8.9969,-9.1103,-8.4119,-7.3392,-6.5504,-5.6343,-4.8197,-3.9711,-3.2463,-2.1533,-0.99964,-0.14744,0.85873,1.6452,2.071,2.3827,2.3974,2.0992,1.6753,0.83945,-0.30412,-1.3512,-2.9776,-4.8078,-6.7362,-8.1575,-9.7115,-10.594,-10.783,-10.395,-9.4433,-8.5769,-7.4028,-6.3343,-5.4971,-5.0577,-4.7074,-4.6212,-4.7257,-5.0509,-5.5598,-6.012,-6.7316,-7.5869,-8.6232,-9.575,-11.088,-12.924,-14.48,-16.674,-18.995,-21.276,-23.277,-26.44,-27.699,-25.275,-21.45,-18.618,-17.144,-15.496,-14.1,-12.773,-11.797,-10.624,-9.6433,-9.1005,-8.708,-8.5941,-8.6436,-8.6094,-8.2145,-7.4126,-6.6915,-5.8128,-5.221,-5.0268,-5.1079,-5.5466,-6.2308,-6.7484,-7.2517,-7.2463,-6.9567,-6.4164,-5.9173,-5.6621,-5.5291,-5.6109,-5.831,-6.0183,-6.2158,-6.1978,-6.0134,-5.5306,-4.932,-4.5478,-4.2282,-4.2719,-4.8394,-5.687,-7.5981,-10.78,-14.55,-20.102,-15.68,-11.72,-10.166,-9.4605,-10.023,-11.229,-13.714,-14.89,-13.076,-9.8805,-7.5459,-6.0967,-5.4839,-5.1361,-5.1395,-5.2135,-5.1725,-4.8354,-4.3888,-3.6708,-2.9764,-2.4119,-2.0989,-1.8268,-1.7207,-1.7198,-1.8332,-2.0774,-2.4462,-2.8063,-3.3882,-4.074,-4.5955,-5.187,-5.4672,-5.4079,-5.008,-4.3919,-3.7455,-3.2916,-2.7411,-2.2228,-1.8324,-1.2847,-0.71888,-0.32932,0.1077,0.40148,0.51622,0.47362,0.25863,-0.139,-0.53457,-1.1666,-1.866,-2.5337
4.889,5.2,5.3253,5.1216,4.7587,3.9867,2.8729,1.8005,0.052197,-2.0667,-4.424,-6.0554,-7.2612,-6.8338,-5.917,-4.5968,-3.5333,-2.9392,-2.45,-2.2631,-2.3811,-2.6548,-3.2493,-4.0938,-4.8205,-5.8174,-6.6215,-6.9589,-7.0305,-6.7174,-6.2216,-5.7772,-5.1561,-4.5894,-4.2308,-3.923,-3.8017,-3.8821,-4.0398,-4.3422,-4.6926,-4.9577,-5.3446,-5.8435,-6.3865,-7.4137,-8.6847,-9.5552,-9.1538,-7.1463,-4.6925,-3.0567,-1.3088,-0.019196,0.6564,1.2111,1.3966,1.243,0.91017,0.20197,-0.8138,-1.7685,-3.2971,-5.1234,-7.237,-9.018,-11.573,-13.951,-14.946,-14.375,-12.489,-10.998,-9.3291,-8.071,-7.2852,-6.9877,-6.9494,-7.3325,-7.8639,-8.8229,-9.8481,-10.521,-11.07,-11.269,-11.373,-11.521,-11.997,-12.792,-13.649,-15.108,-16.987,-19.361,-21.556,-24.769,-26.419,-25.387,-23.331,-22.161,-21.829,-22.136,-22.094,-20.201,-17.914,-14.794,-12.21,-10.687,-9.0789,-7.8396,-7.108,-6.332,-5.7055,-5.2289,-4.982,-4.8535,-5.065,-5.5,-6.5477,-8.3249,-11.132,-14.323,-19.564,-17.631,-14.13,-11.066,-9.276,-8.4953,-7.9535,-7.7414,-7.683,-7.6106,-7.3483,-6.8734,-6.4175,-5.7517,-5.1446,-4.7923,-4.5366,-4.609,-5.0965,-5.7839,-7.1809,-9.0696,-10.594,-11.912,-11.394,-10.167,-9.488,-9.2552,-9.9591,-11.154,-13.45,-14.464,-12.675,-9.4124,-6.8614,-5.0715,-4.1448,-3.3052,-2.7927,-2.5447,-2.3208,-2.1446,-2.0211,-1.8623,-1.7158,-1.5932,-1.5206,-1.4632,-1.459,-1.4979,-1.5979,-1.7771,-2.0157,-2.2392,-2.5833,-2.9536,-3.2299,-3.5785,-3.9029,-4.1326,-4.47,-4.8657,-5.3976,-5.8917,-6.6205,-7.1561,-7.1621,-6.4636,-5.2208,-4.2291,-3.0834,-2.2632,-1.7992,-1.6959,-1.8991,-2.462,-3.1449,-4.4077,-6.1224,-8.2372
4.3659,4.712,4.8806,4.7306,4.4231,3.7666,2.8545,2.0335,0.80139,-0.49314,-1.7258,-2.5215,-3.2803,-3.6525,-3.704,-3.5775,-3.3494,-3.1685,-2.9651,-2.8619,-2.9012,-3.0279,-3.345,-3.8306,-4.284,-5.0109,-5.8408,-6.5122,-7.4422,-8.2692,-8.7253,-8.6316,-7.8622,-6.6542,-5.7012,-4.5655,-3.6995,-3.1189,-2.8646,-2.7461,-2.879,-3.1386,-3.7601,-4.7602,-5.8603,-8.0364,-11.617,-17.456,-17.682,-11.099,-6.755,-4.5522,-2.4554,-1.0365,-0.32086,0.2577,0.4608,0.33432,0.034505,-0.61827,-1.5545,-2.4475,-3.8957,-5.7027,-7.9275,-9.9879,-13.642,-19.048,-23.607,-19.696,-14.758,-12.416,-10.291,-9.0053,-8.3416,-8.2139,-8.5799,-9.6077,-10.884,-13.489,-17.536,-21.409,-21.556,-17.341,-14.603,-13.386,-12.548,-12.37,-12.567,-13.192,-14.13,-15.272,-16.19,-17.367,-18.327,-18.91,-19.725,-20.89,-22.157,-25.071,-28.887,-25.511,-20.996,-16.433,-13.113,-11.165,-9.0451,-7.4268,-6.4357,-5.3965,-4.6472,-4.1569,-3.9681,-3.9791,-4.3183,-4.8223,-5.8949,-7.4622,-9.5848,-11.41,-13.333,-13.257,-12.234,-10.866,-10.057,-9.8991,-10.246,-11.164,-12.364,-13,-12.623,-10.974,-9.4939,-7.7347,-6.3607,-5.5678,-4.836,-4.4454,-4.3325,-4.4188,-4.6881,-5.0355,-5.274,-5.4691,-5.494,-5.3812,-5.3042,-5.2461,-5.2897,-5.3593,-5.3738,-5.1343,-4.7385,-3.9967,-3.1771,-2.445,-2.0036,-1.5982,-1.3904,-1.357,-1.4534,-1.6626,-1.8717,-2.1792,-2.4737,-2.7118,-2.8391,-2.9455,-2.9922,-3.0291,-3.0967,-3.1953,-3.3506,-3.4982,-3.7311,-3.9751,-4.17,-4.4468,-4.7765,-5.0841,-5.6378,-6.4881,-7.8025,-9.2786,-12.391,-18.458,-27.357,-16.839,-10.893,-8.2564,-5.9573,-4.5565,-3.8221,-3.6304,-3.8155,-4.4833,-5.3114,-6.909,-9.2029,-12.524
4.7733,5.0696,5.1798,4.9822,4.635,3.9259,2.9633,2.1,0.80349,-0.5714,-1.9118,-2.8122,-3.7463,-4.3209,-4.5196,-4.5644,-4.4274,-4.2787,-4.0484,-3.843,-3.6801,-3.6205,-3.6565,-3.8506,-4.1538,-4.7908,-5.8115,-6.9242,-9.0578,-12.543,-18.795,-22.08,-14.203,-9.2673,-6.8439,-4.5397,-2.969,-1.907,-1.3793,-0.97097,-0.85395,-0.94677,-1.2896,-1.8729,-2.4409,-3.3068,-4.1243,-4.5765,-4.5011,-3.8246,-2.7767,-1.9637,-1.0005,-0.28263,0.085851,0.332,0.31236,0.037506,-0.31618,-0.98529,-1.8448,-2.6107,-3.7713,-5.0616,-6.479,-7.5596,-8.9488,-10.038,-10.444,-10.31,-9.6231,-8.9443,-8.0858,-7.4546,-7.1484,-7.1731,-7.5987,-8.5094,-9.5537,-11.463,-13.841,-15.387,-15.61,-14.002,-12.275,-11.341,-10.542,-10.233,-10.246,-10.54,-11.075,-11.815,-12.423,-13.32,-14.214,-14.903,-15.795,-16.573,-17.128,-17.435,-17.176,-16.138,-14.907,-12.883,-10.84,-9.3802,-7.609,-6.0811,-5.1275,-4.0581,-3.2454,-2.6854,-2.4341,-2.3231,-2.4507,-2.7052,-3.2347,-3.9396,-4.7407,-5.3314,-5.9919,-6.4622,-6.7154,-7.0641,-7.6053,-8.2629,-9.6858,-12.124,-16.418,-22.317,-21.573,-14.177,-10.976,-8.1568,-6.271,-5.2805,-4.3365,-3.6982,-3.2735,-3.0423,-2.8064,-2.6269,-2.4973,-2.2907,-2.0769,-1.8383,-1.6543,-1.4311,-1.2217,-1.0676,-0.84924,-0.6036,-0.41299,-0.15148,0.084991,0.22932,0.25872,0.15844,-0.13012,-0.48223,-1.1368,-2.0124,-2.7916,-3.9278,-5.0273,-5.8472,-6.1649,-6.1898,-5.9561,-5.7454,-5.5723,-5.5543,-5.7015,-5.8755,-6.1241,-6.3319,-6.4216,-6.4519,-6.4162,-6.409,-6.4917,-6.7993,-7.3955,-8.0692,-9.1975,-10.239,-10.458,-9.5492,-7.8531,-6.5731,-5.1798,-4.254,-3.8024,-3.7589,-4.0502,-4.7516,-5.5021,-6.7788,-8.2632,-9.7657
5.6954,5.8823,5.8565,5.5137,5.0455,4.1374,2.894,1.7264,-0.15242,-2.4115,-4.9554,-6.8553,-8.7858,-9.3028,-8.9619,-8.2039,-7.5247,-7.1181,-6.6616,-6.1693,-5.5839,-5.1138,-4.5211,-4.0874,-3.9315,-3.9948,-4.4202,-4.9991,-6.1438,-7.5954,-8.771,-8.8316,-7.4625,-5.3692,-3.8602,-2.173,-0.86565,0.080039,0.58787,1.0159,1.2033,1.204,1.0701,0.81146,0.57161,0.24629,-0.015299,-0.16044,-0.16278,-0.042696,0.17898,0.36571,0.5758,0.6802,0.66193,0.48736,0.12845,-0.41424,-0.92932,-1.746,-2.6682,-3.3943,-4.3842,-5.3139,-6.1378,-6.6331,-7.0916,-7.3165,-7.2861,-7.0324,-6.6263,-6.2419,-5.7396,-5.3132,-5.0479,-4.9874,-5.0811,-5.3869,-5.7425,-6.3128,-6.8776,-7.2177,-7.4433,-7.4316,-7.3095,-7.2134,-7.1857,-7.3065,-7.5161,-7.9466,-8.5388,-9.2879,-9.9405,-10.894,-11.958,-12.789,-13.856,-14.774,-15.258,-15.433,-14.907,-13.727,-12.543,-10.79,-9.0076,-7.7113,-6.1211,-4.6989,-3.7631,-2.7165,-1.8812,-1.2726,-0.9532,-0.70023,-0.64259,-0.71049,-0.9202,-1.2539,-1.6494,-1.9704,-2.3973,-2.8265,-3.1502,-3.6159,-4.1802,-4.6977,-5.5523,-6.5119,-7.4152,-7.8443,-7.7637,-7.0335,-6.2648,-5.2744,-4.4639,-4.0071,-3.581,-3.2766,-3.0248,-2.8069,-2.4455,-1.9848,-1.5889,-1.0354,-0.46829,0.05692,0.42735,0.86201,1.2354,1.4799,1.7558,1.9746,2.1014,2.2052,2.2136,2.1044,1.918,1.5068,0.86087,0.19201,-1.0037,-2.6369,-4.2418,-7.0734,-10.97,-15.377,-15.689,-12.548,-10.103,-9.0037,-8.3089,-8.337,-8.9029,-9.5964,-10.645,-11.411,-11.446,-10.71,-9.5168,-8.6055,-7.5677,-6.7496,-6.1639,-5.8403,-5.4942,-5.1509,-4.8331,-4.3018,-3.7032,-3.2634,-2.7928,-2.535,-2.5456,-2.7609,-3.3436,-4.2577,-5.1646,-6.6163,-8.2615,-9.9504
6.1812,6.2439,6.0787,5.6127,5.0605,4.0269,2.6093,1.2538,-1.0392,-4.0805,-8.3509,-13.088,-24.686,-18.613,-14.525,-12.186,-11.607,-11.828,-12.449,-12.264,-10.581,-8.8629,-6.7339,-5.0976,-4.17,-3.3348,-2.8559,-2.6772,-2.6019,-2.5763,-2.4568,-2.2228,-1.6995,-0.97587,-0.38208,0.3918,1.0726,1.6016,1.8755,2.0751,2.0878,1.9957,1.7574,1.4434,1.1897,0.87654,0.63558,0.49842,0.46296,0.47405,0.4994,0.49977,0.41901,0.2125,-0.059459,-0.58395,-1.3089,-2.2261,-3.041,-4.2401,-5.5488,-6.5392,-7.7875,-8.843,-9.5072,-9.7224,-9.5594,-8.9913,-8.4281,-7.5766,-6.6743,-6.0381,-5.2592,-4.5979,-4.0695,-3.7683,-3.5003,-3.3851,-3.3839,-3.4696,-3.6224,-3.7559,-3.9674,-4.2092,-4.4929,-4.7357,-5.1407,-5.6342,-6.0747,-6.7546,-7.5455,-8.4133,-9.1633,-10.283,-11.641,-12.857,-14.881,-17.52,-19.803,-22.059,-19.994,-16.288,-13.811,-11.139,-8.9188,-7.4698,-5.806,-4.4001,-3.4716,-2.4332,-1.6055,-0.97278,-0.62403,-0.32169,-0.20318,-0.21898,-0.36498,-0.61085,-0.92074,-1.1601,-1.4742,-1.7349,-1.8961,-2.068,-2.2163,-2.3319,-2.4989,-2.6724,-2.8289,-2.902,-2.9568,-2.9697,-2.9974,-3.1143,-3.4088,-3.7489,-4.3712,-5.109,-5.7001,-5.8381,-5.404,-4.3792,-3.4395,-2.2125,-1.105,-0.17661,0.39903,1.0444,1.5591,1.8693,2.1965,2.4327,2.5583,2.6422,2.616,2.4716,2.2645,1.8287,1.1741,0.50768,-0.67242,-2.2428,-3.7493,-6.288,-9.4023,-12.251,-12.758,-11.42,-9.9785,-9.3859,-9.2897,-10.012,-11.606,-13.545,-17.831,-27.345,-30.144,-18.711,-13.949,-11.607,-9.2942,-7.5371,-6.1516,-5.2844,-4.3084,-3.4847,-2.9501,-2.3438,-1.8552,-1.5874,-1.388,-1.3979,-1.6609,-2.0484,-2.8728,-4.0662,-5.2531,-7.2898,-9.9929,-13.698
5.884,5.8542,5.615,5.1436,4.6283,3.7083,2.5064,1.4097,-0.31845,-2.3447,-4.5692,-6.201,-8.0286,-9.1455,-9.6514,-10.401,-11.828,-13.765,-18.398,-23.245,-15.488,-11.361,-7.7584,-5.3629,-4.079,-2.8414,-2.0101,-1.5835,-1.1774,-0.88206,-0.62299,-0.3996,-0.037074,0.38919,0.73476,1.1848,1.5578,1.8042,1.8703,1.785,1.4795,1.1092,0.43305,-0.37356,-0.9938,-1.7038,-2.1233,-2.1758,-2.0376,-1.7407,-1.4759,-1.3721,-1.4115,-1.6994,-2.0948,-2.8836,-3.9843,-5.4025,-6.6728,-8.594,-10.757,-12.514,-14.935,-17.382,-19.211,-19.224,-17.269,-14.601,-12.77,-10.689,-8.9437,-7.8444,-6.5941,-5.5438,-4.6755,-4.1292,-3.5551,-3.1358,-2.9162,-2.7516,-2.727,-2.7949,-3.0072,-3.3532,-3.8306,-4.29,-5.0134,-5.8718,-6.5765,-7.5495,-8.5169,-9.4309,-10.079,-10.992,-12.037,-13.016,-14.74,-17.107,-19.262,-21.278,-19.419,-15.963,-13.736,-11.298,-9.3001,-8.0378,-6.5703,-5.2751,-4.4353,-3.4361,-2.6112,-1.9647,-1.6167,-1.3447,-1.2822,-1.3763,-1.6795,-2.1348,-2.6931,-3.1085,-3.5403,-3.7009,-3.612,-3.2614,-2.7576,-2.3586,-1.8661,-1.4983,-1.2587,-1.171,-1.1994,-1.4022,-1.7048,-2.3425,-3.338,-4.4005,-6.4054,-9.4763,-14.511,-19.519,-15.235,-9.8127,-7.1931,-4.7353,-3.0568,-1.8513,-1.1807,-0.5026,-0.006722,0.2799,0.58833,0.8353,0.98032,1.1281,1.2155,1.2121,1.147,0.94812,0.60442,0.23598,-0.41141,-1.2614,-2.0035,-3.0902,-4.1898,-5.1494,-5.7082,-6.2482,-6.7256,-7.1646,-8.0041,-9.1878,-10.807,-12.275,-14.375,-16.06,-16.449,-15.67,-14.017,-12.599,-10.639,-8.8005,-7.1359,-6.0345,-4.7521,-3.6771,-3.0019,-2.2637,-1.7021,-1.4075,-1.1843,-1.1838,-1.4423,-1.8195,-2.5861,-3.7098,-4.8026,-6.6542,-9.0223,-11.883
