-1.8057,-1.7737,-1.7004,-1.5983,-1.5102,-1.3782,-1.2743,-1.1919,-1.104,-1.0277,-0.96826,-0.92456,-0.851,-0.76994,-0.70604,-0.61003,-0.49387,-0.39588,-0.24352,-0.08377,0.11513,0.27949,0.51422,0.76725,0.96762,1.2592,1.5637,1.7832,2.0829,2.3457,2.5836,2.7572,2.967,3.1681,3.3202,3.5194,3.7206,3.9253,4.0711,4.2636,4.4603,4.6088,4.8271,5.0688,5.2581,5.5301,5.8216,6.1278,6.3623,6.6824,7.005,7.2462,7.5553,7.8479,8.0641,8.3354,8.578,8.7944,8.9359,9.0937,9.2201,9.2891,9.3445,9.3631,9.3478,9.3132,9.2461,9.1557,9.0799,8.9784,8.8799,8.8161,8.7514,8.7177,8.7078,8.7109,8.7195,8.7278,8.7328,8.7295,8.7085,8.6749,8.5983,8.4761,8.3067,8.1394,7.8663,7.5181,7.218,6.7647,6.2621,5.735,5.3385,4.8519,4.4721,4.3149,4.2977,4.5361,4.8733,5.4729,6.18,6.9331,7.4868,8.2034,8.8771,9.3442,9.9142,10.417,10.766,11.203,11.587,11.894,12.083,12.277,12.41,12.478,12.525,12.535,12.515,12.488,12.451,12.429,12.432,12.479,12.594,12.736,12.996,13.35,13.791,14.178,14.755,15.388,15.888,16.576,17.271,17.788,18.46,19.101,19.705,20.128,20.643,21.101,21.404,21.75,22.027,22.234,22.342,22.421,22.424,22.374,22.24,22.025,21.811,21.456,21.018,20.495,20.044,19.363,18.587,17.941,16.987,15.922,15.042,13.753,12.325,10.737,9.4284,7.4912,5.2945,3.4347,0.59137,-2.8107,-7.1261,-11.188,-16.823,-15.939,-13.583,-11.704,-10.953,-10.986,-11.63,-12.814,-14.387,-15.42,-15.503,-13.461,-11.664,-9.7555,-8.2901,-7.3566,-6.3098,-5.4059,-4.5964,-4.0561,-3.4196,-2.8609,-2.5034,-2.0774,-1.7246,-1.4465
-3.8617,-4.5432,-5.1396,-5.2071,-4.8801,-4.0981,-3.1418,-2.4137,-1.5115,-0.71911,-0.058137,0.3572,0.80652,1.1462,1.3358,1.5053,1.5977,1.6194,1.5956,1.5211,1.4075,1.3054,1.1536,0.99707,0.88498,0.74103,0.6057,0.51505,0.39986,0.291,0.17648,0.086086,-0.033501,-0.15858,-0.24237,-0.33356,-0.37654,-0.36177,-0.30347,-0.15625,0.059147,0.25964,0.56612,0.91491,1.1978,1.6045,2.0435,2.5264,2.9247,3.5112,4.1745,4.7244,5.5147,6.3586,7.0117,7.8916,8.7631,9.6061,10.212,10.975,11.681,12.171,12.769,13.302,13.772,14.082,14.441,14.744,14.934,15.14,15.295,15.377,15.446,15.466,15.437,15.385,15.27,15.1,14.936,14.664,14.33,14.035,13.578,13.042,12.42,11.892,11.099,10.196,9.4388,8.3142,7.048,5.6372,4.4827,2.8558,1.2604,0.2867,-0.31443,0.11773,0.97411,2.4266,3.9393,5.3657,6.3529,7.5546,8.6314,9.3585,10.223,10.978,11.472,12.035,12.491,12.845,13.045,13.22,13.282,13.255,13.124,12.878,12.51,12.148,11.537,10.755,10.036,8.852,7.3368,5.9145,3.5667,1.0619,0.67711,2.6729,6.0802,9.0875,11.005,13.201,15.076,16.314,17.78,19.063,20.189,20.94,21.823,22.581,23.071,23.621,24.058,24.383,24.556,24.691,24.72,24.672,24.517,24.259,23.999,23.564,23.03,22.399,21.863,21.068,20.182,19.462,18.428,17.319,16.441,15.218,13.944,12.637,11.647,10.335,9.0522,8.1271,6.9549,5.8603,4.8327,4.0917,3.1185,2.1257,1.3495,0.2503,-0.93724,-1.882,-3.2652,-4.7182,-6.1052,-7.0228,-8.0112,-8.5622,-8.6109,-8.1907,-7.3569,-6.598,-5.5371,-4.502,-3.5668,-2.9445,-2.2265,-1.6341,-1.2765,-0.91067,-0.6721,-0.55808
-0.83186,-1.6438,-2.3441,-2.3927,-2.0177,-1.1567,-0.14412,0.59806,1.4641,2.1716,2.7096,2.9966,3.2288,3.292,3.2187,2.9617,2.5149,2.0511,1.2441,0.19282,-1.1057,-2.2693,-4.0304,-5.8585,-7.016,-7.6834,-7.1821,-6.4188,-5.3751,-4.5918,-4.1643,-4.1151,-4.4003,-5.1378,-6.0229,-7.8087,-10.528,-14.566,-17.451,-14.999,-10.607,-8.2239,-6.0018,-4.5015,-3.7509,-3.1802,-3.0723,-3.474,-4.2028,-5.8692,-8.6389,-11.125,-10.112,-5.0884,-1.8326,1.6184,4.3515,6.5916,8.0332,9.7027,11.139,12.084,13.198,14.165,14.998,15.544,16.176,16.706,17.043,17.413,17.698,17.859,18.005,18.074,18.068,18.015,17.881,17.674,17.469,17.131,16.72,16.363,15.819,15.193,14.487,13.904,13.05,12.106,11.338,10.229,9.0218,7.7119,6.6598,5.1593,3.5571,2.3107,0.67854,-0.61418,-0.99246,-0.35487,1.2831,3.2502,4.7129,6.5008,8.0654,9.094,10.276,11.259,11.87,12.53,13.016,13.336,13.476,13.535,13.457,13.316,13.04,12.69,12.275,11.924,11.424,10.904,10.513,10.007,9.5452,9.2487,8.9767,8.929,9.2114,9.6862,10.66,11.95,13.049,14.589,16.139,17.27,18.706,20.041,21.258,22.09,23.088,23.954,24.516,25.146,25.641,26,26.181,26.302,26.288,26.187,25.934,25.545,25.165,24.542,23.787,22.905,22.164,21.078,19.891,18.951,17.652,16.341,15.377,14.166,13.084,12.163,11.581,10.933,10.39,10.023,9.5576,9.0785,8.5572,8.1259,7.4806,6.7462,6.1269,5.2483,4.25,3.3979,2.1495,0.80059,-0.56061,-1.5215,-2.5808,-3.192,-3.2789,-2.9711,-2.3495,-1.8111,-1.1069,-0.50607,-0.030454,0.22102,0.40729,0.44415,0.38252,0.21544,-0.052821,-0.35895
1.4214,1.1918,1.01,0.97062,1.0113,1.1554,1.3799,1.5729,1.8316,2.0601,2.2256,2.2939,2.2904,2.1615,1.9711,1.5821,1.0385,0.52103,-0.31747,-1.3352,-2.5346,-3.503,-4.8768,-6.0846,-6.6974,-6.9179,-6.4958,-5.9655,-5.2283,-4.6071,-4.2244,-4.0943,-4.1391,-4.418,-4.7656,-5.3715,-6.049,-6.6187,-6.8804,-6.9121,-6.6657,-6.3841,-5.9556,-5.5327,-5.2505,-4.9495,-4.7024,-4.5325,-4.4444,-4.3339,-4.1288,-3.8539,-3.22,-2.2154,-1.2185,0.30777,1.937,3.5422,4.6854,6.0969,7.3646,8.2184,9.2424,10.145,10.934,11.458,12.073,12.602,12.943,13.327,13.632,13.807,13.969,14.046,14.035,13.97,13.803,13.543,13.29,12.872,12.375,11.951,11.325,10.641,9.918,9.3604,8.5976,7.8287,7.2482,6.4706,5.6817,4.8718,4.2501,3.3862,2.4861,1.8075,0.95507,0.34047,0.19474,0.58747,1.5989,2.9613,4.0655,5.4952,6.7936,7.6491,8.6178,9.3816,9.8226,10.231,10.427,10.403,10.238,9.8096,9.1233,8.4332,7.2697,5.8227,4.0923,2.6579,0.871,-0.13925,-0.13828,0.58517,1.5602,2.2438,3.0238,3.6834,4.3294,4.8801,5.796,6.9968,8.0832,9.7174,11.464,12.786,14.5,16.116,17.595,18.606,19.815,20.858,21.529,22.274,22.85,23.256,23.45,23.562,23.504,23.349,22.993,22.462,21.945,21.092,20.042,18.778,17.676,15.97,13.941,12.151,9.2757,5.5216,1.6232,-7.6027,-11.058,-1.7799,1.2173,3.5848,5.0076,5.7047,6.2977,6.6107,6.7085,6.6656,6.4926,6.2018,5.9471,5.565,5.1224,4.7686,4.2809,3.8002,3.3587,3.0637,2.7288,2.4751,2.3276,2.1734,2.0415,1.9394,1.7775,1.55,1.2183,0.87389,0.24763,-0.61237,-1.4385,-2.8866,-4.8973,-7.8171
-3.6471,-4.2976,-4.435,-3.7662,-2.9399,-1.7284,-0.57321,0.17812,1.0269,1.6726,2.1239,2.337,2.4546,2.3984,2.2459,1.9056,1.4383,1.0313,0.43743,-0.16768,-0.71831,-1.0615,-1.3732,-1.5163,-1.5084,-1.3768,-1.1446,-0.93596,-0.6628,-0.4187,-0.25278,-0.19887,-0.22044,-0.37294,-0.57308,-0.94791,-1.4313,-1.9964,-2.4878,-3.2356,-4.1378,-4.9365,-6.1339,-7.4831,-8.5543,-9.7781,-10.195,-9.3752,-8.2214,-6.4469,-4.6784,-3.4497,-1.9465,-0.59253,0.34268,1.5161,2.5983,3.5812,4.2472,5.0343,5.7072,6.1315,6.605,6.99,7.3173,7.5453,7.8586,8.2108,8.5087,8.9416,9.3919,9.7119,10.078,10.349,10.491,10.501,10.365,10.052,9.6957,9.0561,8.2256,7.4809,6.3318,5.0532,3.7176,2.743,1.6121,0.8335,0.54723,0.52466,0.7879,1.1994,1.5662,2.0864,2.6342,3.0542,3.6391,4.271,4.7829,5.5249,6.3165,7.1363,7.7551,8.5599,9.3176,9.8385,10.444,10.93,11.202,11.429,11.482,11.351,11.121,10.622,9.8824,9.1563,7.9513,6.4681,4.7558,3.4431,2.1071,1.6012,1.7589,2.3735,3.0003,3.3036,3.3557,2.8689,1.6819,0.11712,-3.3591,-6.9817,-3.4138,2.6263,6.9806,9.5244,12.303,14.586,16.493,17.72,19.126,20.296,21.032,21.833,22.437,22.85,23.038,23.128,23.037,22.85,22.448,21.872,21.326,20.45,19.411,18.218,17.228,15.795,14.261,13.071,11.485,9.9987,9.0238,8.0078,7.3626,7.0513,6.9722,6.9656,6.9947,6.9959,6.9457,6.819,6.5979,6.3613,5.9261,5.3953,4.963,4.3488,3.7097,3.2371,2.6556,2.1838,1.9012,1.8231,1.8965,2.1294,2.373,2.7257,3.0567,3.2714,3.4834,3.605,3.6068,3.528,3.315,2.985,2.6765,2.1854,1.6446,1.1246
-6.8243,-8.2483,-8.3426,-6.3144,-4.4721,-2.2839,-0.50894,0.57913,1.72,2.5505,3.1019,3.3339,3.4137,3.2275,2.9003,2.2067,1.1594,0.11068,-1.7251,-4.1495,-7.1999,-9.3093,-9.285,-6.4849,-4.399,-2.1699,-0.5015,0.47029,1.4563,2.162,2.6312,2.8394,2.9435,2.8713,2.709,2.3464,1.8233,1.1384,0.4937,-0.49137,-1.6645,-2.6675,-4.1643,-5.8887,-7.2663,-8.948,-9.6507,-8.8558,-7.624,-5.7611,-3.9474,-2.7011,-1.2165,0.082922,0.93573,1.945,2.7947,3.47,3.8474,4.1581,4.2327,4.1087,3.6661,2.841,1.5526,0.24425,-1.801,-3.1116,-2.4246,0.014548,2.5295,4.0854,5.6912,6.8342,7.5563,7.8603,7.9622,7.7312,7.3408,6.5184,5.3214,4.1521,2.1582,-0.44479,-4.0233,-7.7752,-15.924,-18.717,-12.851,-8.8095,-6.577,-5.1041,-4.1858,-2.9726,-1.6352,-0.55491,0.92459,2.4062,3.4832,4.8689,6.1601,7.3562,8.1854,9.1938,10.09,10.688,11.387,11.966,12.314,12.669,12.893,12.99,12.982,12.867,12.646,12.421,12.063,11.663,11.261,10.98,10.659,10.371,10.202,10.062,9.9847,9.9469,9.9021,9.8626,9.8644,9.9236,10.148,10.599,11.116,12.035,13.177,14.129,15.458,16.787,18.06,18.951,20.026,20.958,21.554,22.207,22.692,23.005,23.124,23.125,22.946,22.691,22.195,21.523,20.905,19.934,18.806,17.534,16.497,15.027,13.494,12.337,10.839,9.4693,8.5718,7.6094,6.9279,6.4997,6.3025,6.1392,6.044,5.9668,5.8297,5.6149,5.3314,5.0522,4.4941,3.6956,2.9206,1.6299,-0.05537,-1.6926,-4.6783,-9.2489,-14.615,-11.617,-6.1308,-2.6048,-0.7189,1.1803,2.5812,3.3993,4.2311,4.8296,5.2317,5.4208,5.5411,5.5261,5.4378,5.2318,4.9504,4.6092
-4.2123,-4.1268,-3.7977,-3.2138,-2.6464,-1.7782,-0.88209,-0.22176,0.57632,1.2556,1.7661,2.0343,2.2171,2.1992,2.0413,1.6322,0.9844,0.35767,-0.64247,-1.7298,-2.7069,-3.1514,-3.1368,-2.476,-1.7399,-0.68846,0.26302,0.87138,1.5149,1.9603,2.2182,2.2882,2.2328,2.0099,1.7386,1.2428,0.6008,-0.17705,-0.84836,-1.8125,-2.8565,-3.67,-4.763,-5.7982,-6.4663,-7.1679,-7.5631,-7.6362,-7.4586,-6.9355,-6.1311,-5.4159,-4.4201,-3.3943,-2.6441,-1.6938,-0.86087,-0.1634,0.24835,0.63168,0.8038,0.78378,0.53015,-0.0039555,-0.80645,-1.542,-2.4968,-2.9354,-2.6203,-1.4168,0.13106,1.2522,2.5201,3.4828,4.1269,4.4048,4.5131,4.3331,4.0198,3.3637,2.4427,1.5875,0.23835,-1.3043,-2.9739,-4.2095,-5.7922,-7.2898,-8.4015,-10.034,-12.218,-15.727,-20.677,-30.827,-16.769,-12.13,-8.0306,-5.0136,-3.1537,-1.0332,0.77777,2.3529,3.4149,4.6879,5.796,6.5281,7.3796,8.0932,8.538,9.0178,9.3689,9.6043,9.714,9.7796,9.7666,9.7164,9.6093,9.4697,9.3122,9.1904,9.0227,8.8591,8.7582,8.6394,8.5036,8.3894,8.2321,8.0971,8.0195,8.0195,8.143,8.4525,8.8292,9.5361,10.454,11.254,12.403,13.586,14.742,15.567,16.581,17.466,18.033,18.647,19.086,19.345,19.416,19.345,19.082,18.756,18.148,17.334,16.586,15.396,13.974,12.306,10.878,8.7028,6.1647,3.9613,0.50789,-3.5745,-6.5378,-7.6426,-5.7723,-3.882,-2.8587,-1.9438,-1.3726,-1.0959,-0.85032,-0.73903,-0.70708,-0.69023,-0.74572,-0.93789,-1.1905,-1.6762,-2.3034,-2.8269,-3.5221,-4.0306,-4.1385,-3.8783,-3.1202,-2.0772,-1.2596,-0.21721,0.68478,1.2686,1.9029,2.3736,2.6934,2.8408,2.9235,2.8742,2.755,2.4913,2.112,1.6086
-10.631,-10.345,-9.4299,-8.0674,-6.9163,-5.3569,-3.8867,-2.8794,-1.7022,-0.71466,0.09445,0.58029,1.0722,1.3927,1.5295,1.5983,1.5575,1.4751,1.3157,1.1497,1.0095,0.93597,0.9111,0.96507,1.0398,1.1733,1.3081,1.3879,1.4468,1.4242,1.3003,1.1274,0.78573,0.30035,-0.15621,-0.90323,-1.8015,-2.8605,-3.7729,-5.1339,-6.6795,-7.9648,-9.8214,-11.817,-13.395,-15.52,-17.278,-18.05,-17.664,-16.246,-14.349,-12.9,-11.07,-9.376,-8.1925,-6.7761,-5.5416,-4.4687,-3.772,-2.9736,-2.316,-1.9135,-1.4834,-1.1535,-0.88646,-0.70304,-0.45492,-0.16616,0.093028,0.49438,0.93523,1.2662,1.6737,1.996,2.1991,2.2672,2.2252,2.0263,1.7722,1.2924,0.6638,0.097734,-0.77589,-1.7636,-2.8442,-3.713,-4.9412,-6.2097,-7.1979,-8.5395,-9.8685,-11.066,-11.775,-12.296,-12.2,-11.762,-10.755,-9.4316,-8.2769,-6.6177,-4.9276,-3.2863,-2.12,-0.68132,0.60544,1.4506,2.4179,3.1987,3.6611,4.1327,4.4407,4.5967,4.6212,4.5548,4.4069,4.2667,4.069,3.8987,3.7897,3.7537,3.7617,3.8052,3.8389,3.816,3.6759,3.4928,3.1126,2.5299,1.6795,0.82494,-0.60659,-2.1228,-2.7129,-1.6884,0.88162,2.9903,5.5656,7.7781,9.646,10.844,12.204,13.316,13.997,14.711,15.207,15.489,15.561,15.474,15.179,14.822,14.159,13.285,12.491,11.242,9.7729,8.0808,6.6584,4.5513,2.2045,0.29542,-2.3518,-4.8282,-6.2398,-7.2095,-7.4181,-7.4559,-7.601,-8.0636,-8.805,-9.489,-10.304,-10.594,-10.093,-9.281,-7.9818,-6.7835,-6.0373,-5.28,-4.7656,-4.4931,-4.2145,-3.9668,-3.7158,-3.5077,-3.1931,-2.8402,-2.5568,-2.1706,-1.8018,-1.5545,-1.2808,-1.0793,-0.97806,-0.96552,-1.038,-1.2168,-1.4209,-1.7851,-2.2429,-2.7995
-22.228,-27.161,-19.849,-13.705,-10.613,-7.5363,-5.1985,-3.7728,-2.2243,-0.99136,-0.032437,0.53539,1.1169,1.5171,1.7115,1.8567,1.8925,1.867,1.7803,1.6587,1.5361,1.4534,1.3701,1.3161,1.2946,1.2822,1.263,1.2333,1.1497,0.99559,0.7502,0.498,0.050244,-0.54127,-1.0897,-1.975,-3.0523,-4.3303,-5.446,-7.1625,-9.1561,-10.867,-13.478,-16.592,-19.343,-23.591,-28.349,-31.124,-29.565,-25.543,-21.809,-19.392,-16.578,-14.155,-12.552,-10.71,-9.1381,-7.7868,-6.8729,-5.7921,-4.8259,-4.1786,-3.3966,-2.6961,-2.0651,-1.638,-1.1221,-0.65726,-0.34443,0.030096,0.35256,0.55439,0.7669,0.91196,0.97866,0.9801,0.90537,0.73995,0.55054,0.2112,-0.22855,-0.62323,-1.2358,-1.9532,-2.7736,-3.4603,-4.4431,-5.5144,-6.3929,-7.654,-9.0068,-10.422,-11.568,-13.281,-15.279,-16.998,-19.23,-19.529,-17.552,-14.041,-10.877,-8.2074,-6.4949,-4.5593,-2.969,-1.9684,-0.87986,-0.065135,0.37484,0.72735,0.81498,0.63647,0.32059,-0.34784,-1.3003,-2.176,-3.4511,-4.5374,-4.9333,-4.6074,-3.6014,-2.4003,-1.5774,-0.73728,-0.13721,0.14905,0.27007,0.064529,-0.4854,-1.1292,-2.2775,-3.536,-4.0803,-3.3103,-0.98679,1.0471,3.583,5.791,7.6775,8.8986,10.285,11.411,12.096,12.808,13.294,13.562,13.621,13.507,13.176,12.785,12.077,11.162,10.347,9.0958,7.67,6.0953,4.8424,3.1179,1.4055,0.17216,-1.3476,-2.7078,-3.6172,-4.7084,-5.6957,-6.6967,-7.5554,-9.0056,-11.037,-13.07,-16.356,-18.519,-15.728,-13.079,-10.473,-8.6826,-7.6965,-6.7243,-6.091,-5.7977,-5.6121,-5.5879,-5.6464,-5.6902,-5.7032,-5.6227,-5.5002,-5.2692,-4.9915,-4.7798,-4.5495,-4.404,-4.3706,-4.4363,-4.6502,-4.9931,-5.3313,-5.8805,-6.5215,-7.2215
-8.2949,-7.7906,-6.8453,-5.6287,-4.603,-3.2202,-1.9066,-1.0188,0.013551,0.86571,1.5244,1.8873,2.2007,2.3318,2.3116,2.1402,1.8176,1.4938,0.98071,0.43875,-0.048311,-0.33482,-0.55853,-0.58062,-0.49476,-0.27761,-0.022887,0.14555,0.30532,0.36257,0.29412,0.15051,-0.1713,-0.65184,-1.1165,-1.8926,-2.8562,-4.01,-5.0207,-6.5703,-8.3674,-9.927,-12.311,-15.066,-17.384,-20.977,-25.57,-32.192,-33.867,-27.576,-22.701,-20.058,-17.374,-15.231,-13.907,-12.491,-11.285,-10.231,-9.49,-8.5085,-7.5249,-6.7811,-5.7782,-4.8003,-3.8921,-3.2749,-2.5494,-1.9424,-1.5709,-1.1804,-0.91346,-0.78208,-0.68279,-0.65702,-0.675,-0.70328,-0.7522,-0.8129,-0.87314,-0.98963,-1.1711,-1.3598,-1.7058,-2.1684,-2.7614,-3.2988,-4.1402,-5.121,-5.9574,-7.1771,-8.4948,-9.9237,-11.058,-12.645,-14.27,-15.459,-16.641,-16.733,-15.759,-13.498,-11.039,-8.7522,-7.1963,-5.3645,-3.8444,-2.8969,-1.8663,-1.107,-0.70667,-0.41381,-0.42018,-0.74227,-1.2184,-2.2112,-3.718,-5.2834,-8.1732,-12.205,-14.68,-12.268,-8.3166,-5.4783,-3.9208,-2.3984,-1.2385,-0.57932,0.037767,0.43586,0.72329,0.92491,1.2281,1.6226,2.0254,2.7504,3.706,4.555,5.7991,7.0865,8.3455,9.2419,10.341,11.298,11.905,12.552,13,13.239,13.277,13.131,12.754,12.317,11.525,10.488,9.5449,8.0621,6.3188,4.3149,2.6566,0.28356,-2.1014,-3.6905,-5.1637,-5.7272,-5.7205,-5.4871,-5.2619,-5.1596,-5.1843,-5.3235,-5.5649,-5.7432,-5.8514,-5.9074,-5.8471,-5.6133,-5.194,-4.8514,-4.727,-4.7579,-5.033,-5.4229,-6.2334,-7.417,-8.9824,-10.327,-11.982,-12.584,-12.019,-10.593,-9.1671,-8.3202,-7.5402,-7.1161,-7.0299,-7.1658,-7.5883,-8.261,-8.9185,-10.001,-11.332,-12.912
-2.8788,-2.3716,-1.6688,-0.9232,-0.34914,0.41442,1.1593,1.6782,2.2868,2.7767,3.1134,3.2508,3.2669,3.0606,2.748,2.0851,1.1023,0.12884,-1.5325,-3.6883,-6.3182,-8.2673,-9.2901,-7.8032,-6.1745,-4.2933,-2.9024,-2.1274,-1.401,-0.95842,-0.75392,-0.73366,-0.85844,-1.1343,-1.4304,-1.9486,-2.6136,-3.4004,-4.0862,-5.1188,-6.2865,-7.2435,-8.585,-9.9608,-11.019,-12.386,-13.551,-14.408,-14.748,-14.761,-14.438,-14.121,-13.768,-13.45,-13.34,-13.446,-13.842,-14.378,-14.759,-14.797,-13.779,-12.464,-10.408,-8.4484,-6.7737,-5.7402,-4.6337,-3.8304,-3.4265,-3.1436,-3.1294,-3.286,-3.6715,-4.1854,-4.7093,-5.001,-5.1322,-4.8823,-4.514,-3.9275,-3.4119,-3.1234,-2.9267,-2.9665,-3.2546,-3.633,-4.3621,-5.3374,-6.2117,-7.5754,-9.2119,-10.997,-12.285,-13.715,-14.529,-14.623,-14.05,-12.945,-11.948,-10.518,-9.0021,-7.4661,-6.3493,-4.9644,-3.7133,-2.8783,-1.9423,-1.2086,-0.78826,-0.41514,-0.26351,-0.31983,-0.49237,-0.8841,-1.4311,-1.9017,-2.5296,-3.0242,-3.2539,-3.2272,-2.9685,-2.5497,-2.193,-1.723,-1.2304,-0.94935,-0.66855,-0.38307,-0.064123,0.19202,0.56451,1.0161,1.4301,2.1334,3.0143,3.7974,4.9899,6.3058,7.6511,8.6305,9.8462,10.923,11.622,12.388,12.94,13.265,13.354,13.262,12.925,12.507,11.72,10.65,9.6507,8.0483,6.0939,3.7136,1.5658,-1.9797,-6.6795,-11.204,-14.524,-10.59,-8.0728,-5.8662,-4.4903,-3.6123,-3.1444,-2.6506,-2.2558,-2.0367,-1.7669,-1.5007,-1.3606,-1.3166,-1.2957,-1.3334,-1.4602,-1.827,-2.4533,-3.1078,-4.2804,-5.888,-8.0632,-10.113,-13.019,-14.14,-13.032,-10.865,-9.1831,-8.3535,-7.7902,-7.7751,-8.2281,-8.8316,-9.945,-11.287,-12.376,-13.784,-15.116,-16.619
-1.7945,-1.4939,-1.033,-0.48524,-0.018707,0.65004,1.3355,1.8351,2.445,2.9442,3.2932,3.442,3.4608,3.2397,2.903,2.2013,1.1791,0.17375,-1.5342,-3.7038,-6.2154,-7.9492,-8.8993,-7.9439,-6.7545,-5.3231,-4.3,-3.7847,-3.3546,-3.1586,-3.1297,-3.1886,-3.336,-3.5486,-3.7392,-4.0142,-4.3462,-4.7304,-5.0592,-5.5589,-6.1177,-6.5533,-7.1834,-7.8687,-8.3884,-9.0143,-9.5589,-10.036,-10.356,-10.706,-11.039,-11.277,-11.64,-12.142,-12.676,-13.641,-15.065,-17.284,-19.731,-23.248,-21.425,-17.888,-13.934,-11.025,-8.8609,-7.6012,-6.3324,-5.5106,-5.1719,-5.0809,-5.446,-6.0591,-7.4175,-9.661,-13.4,-18.25,-24.338,-15.376,-11.565,-8.3937,-6.3775,-5.3528,-4.4748,-4.0448,-4.0127,-4.221,-4.8271,-5.7915,-6.7657,-8.4873,-10.785,-13.859,-17.084,-24.216,-32.759,-23.624,-18.259,-15.207,-13.513,-11.705,-10.137,-8.6298,-7.5376,-6.2028,-4.9744,-4.1293,-3.1282,-2.3181,-1.8399,-1.3687,-1.0796,-0.9541,-0.95165,-1.0453,-1.2191,-1.3919,-1.6561,-1.9504,-2.2488,-2.4864,-2.8083,-3.1681,-3.4542,-3.8388,-4.2593,-4.582,-4.7957,-4.7227,-4.5115,-4.3664,-4.3008,-4.399,-4.5697,-4.7292,-4.3041,-3.2641,-1.0298,1.5622,4.0417,5.7146,7.6569,9.2663,10.266,11.337,12.125,12.636,12.841,12.886,12.673,12.344,11.687,10.782,9.9465,8.6314,7.1011,5.3887,4.0217,2.1644,0.39738,-0.76139,-1.9602,-2.7363,-3.0812,-3.2903,-3.3127,-3.1586,-2.953,-2.5738,-2.0972,-1.7156,-1.2531,-0.7213,-0.21344,0.072744,0.30463,0.41296,0.42182,0.31276,0.041112,-0.27374,-0.80877,-1.4465,-2.1424,-2.6548,-3.2564,-3.7084,-3.9532,-4.1945,-4.4577,-4.7569,-5.3579,-6.3054,-7.7293,-9.1942,-11.891,-16.01,-20.939,-33.084,-22.648,-17.697
-4.1733,-4.5151,-4.6915,-4.3227,-3.6659,-2.4227,-1.0506,-0.05501,1.1302,2.1067,2.8469,3.2435,3.5573,3.6246,3.5261,3.1951,2.6526,2.1123,1.2611,0.32199,-0.63423,-1.3125,-2.1107,-2.7643,-3.2,-3.7666,-4.3645,-4.8702,-5.6237,-6.4417,-7.2322,-7.7376,-8.232,-8.4705,-8.5155,-8.4192,-8.2152,-8.0299,-7.9135,-7.8449,-7.8832,-8.0058,-8.3034,-8.6685,-8.9586,-9.3721,-9.7929,-10.116,-10.324,-10.52,-10.683,-10.778,-10.913,-11.18,-11.466,-11.892,-12.441,-12.946,-13.142,-13.099,-12.614,-11.952,-10.739,-9.3697,-8.0258,-7.1243,-6.1184,-5.397,-5.0536,-4.8861,-5.0487,-5.3857,-6.1181,-7.1039,-8.1167,-8.7141,-8.9648,-8.4137,-7.6296,-6.4491,-5.3934,-4.7342,-4.0778,-3.6882,-3.5717,-3.6645,-4.0132,-4.6472,-5.3117,-6.3467,-7.5822,-9.0622,-10.174,-11.491,-12.476,-12.943,-13.283,-13.64,-13.98,-14.276,-13.997,-12.734,-11.319,-9.224,-7.304,-6.0985,-4.8166,-3.8647,-3.3689,-2.9606,-2.7764,-2.7846,-2.8692,-3.0472,-3.2309,-3.3587,-3.5132,-3.6864,-3.9595,-4.2565,-4.8602,-5.7688,-6.756,-8.5918,-11.233,-13.555,-15.922,-14.435,-11.52,-9.8881,-8.5485,-8.1632,-8.6319,-10.429,-13.038,-12.061,-6.4949,-1.6351,2.0111,4.1838,6.5505,8.4477,9.6056,10.83,11.728,12.332,12.602,12.726,12.586,12.316,11.749,10.963,10.231,9.0741,7.7461,6.2853,5.1269,3.5067,1.8364,0.58248,-1.0492,-2.6605,-3.8846,-5.5153,-6.9377,-7.7884,-7.7683,-6.9122,-5.5016,-4.3056,-2.8515,-1.699,-0.71399,-0.082156,0.58351,1.0215,1.2332,1.3989,1.4525,1.4199,1.2937,1.1104,0.8983,0.73259,0.49146,0.23658,0.031791,-0.28353,-0.68416,-1.0727,-1.7199,-2.5542,-3.6078,-4.5371,-5.9216,-7.3417,-8.2633,-8.9859,-9.0055,-8.5009
-8.2835,-11.162,-18.695,-23.622,-13.632,-7.7437,-4.1691,-2.1983,-0.17281,1.3514,2.4867,3.1167,3.7016,4.0164,4.09,3.9906,3.6859,3.3364,2.7355,2.0005,1.1434,0.43061,-0.59585,-1.7378,-2.6905,-4.1261,-5.8037,-7.2714,-9.5537,-12.346,-15.621,-18.08,-19.865,-19.026,-17.622,-15.876,-14.321,-12.993,-12.161,-11.293,-10.763,-10.602,-10.665,-11.07,-11.595,-12.614,-13.725,-14.496,-14.554,-14.018,-13.06,-12.371,-11.684,-11.335,-11.296,-11.581,-12.216,-13.049,-13.737,-14.45,-14.234,-13.297,-11.404,-9.4227,-7.6105,-6.4539,-5.2353,-4.3508,-3.8999,-3.5622,-3.5147,-3.6422,-3.9788,-4.4165,-4.8772,-5.1533,-5.3625,-5.3187,-5.1406,-4.7398,-4.2262,-3.8328,-3.3671,-3.0212,-2.8414,-2.8198,-2.929,-3.2141,-3.5214,-4.0451,-4.6816,-5.3724,-5.9023,-6.6747,-7.5505,-8.3073,-9.5077,-11.136,-12.916,-16.388,-20.664,-17.522,-13.685,-10.031,-7.4839,-6.122,-4.8959,-4.247,-4.0874,-4.2747,-4.9252,-5.9607,-6.9145,-8.1502,-8.8443,-8.7674,-8.0491,-7.1531,-6.4702,-6.177,-6.1255,-6.463,-6.984,-8.0342,-9.409,-10.673,-11.793,-10.728,-8.9386,-7.6214,-5.9603,-4.5831,-3.7278,-2.7304,-1.5903,-0.5424,1.0745,2.8606,4.7062,6.0516,7.7037,9.1508,10.084,11.121,11.909,12.442,12.677,12.766,12.603,12.317,11.72,10.877,10.088,8.8377,7.3718,5.7024,4.3404,2.408,0.39447,-1.1489,-3.2118,-5.3069,-7.0023,-9.6894,-13.55,-19.875,-21.318,-14.145,-9.4173,-7.0259,-4.461,-2.5737,-1.2795,-0.54965,0.22935,0.77651,1.0318,1.2065,1.2602,1.2528,1.2168,1.1812,1.1971,1.2462,1.3551,1.4904,1.5794,1.6562,1.6577,1.5904,1.3843,1.0587,0.62289,0.23972,-0.30833,-0.86115,-1.257,-1.7067,-2.0371,-2.2533
-5.7459,-6.4875,-7.0858,-6.869,-6.1292,-4.6024,-2.8451,-1.5449,0.033133,1.3556,2.423,3.0379,3.6189,3.9461,4.0219,3.9128,3.5854,3.2131,2.5548,1.7331,0.77628,-0.014701,-1.1729,-2.4633,-3.5285,-5.1381,-7.0261,-8.6927,-11.38,-14.762,-18.939,-22.267,-25.192,-26.187,-26.64,-25.827,-22.471,-18.606,-16.312,-14.07,-12.638,-12.041,-11.779,-12.263,-13.19,-15.284,-19.035,-26.284,-27.095,-19.233,-14.911,-12.902,-11.26,-10.341,-10.029,-10.199,-10.983,-12.631,-14.692,-18.801,-20.957,-17.037,-12.048,-8.6507,-6.2412,-4.8991,-3.5828,-2.7115,-2.312,-2.1272,-2.3086,-2.6605,-3.4221,-4.5355,-5.9555,-7.1213,-8.4663,-8.9896,-8.602,-7.389,-6.0174,-5.1024,-4.1546,-3.5188,-3.1662,-3.0816,-3.1519,-3.363,-3.578,-3.9321,-4.2204,-4.3945,-4.4811,-4.5788,-4.6499,-4.7491,-4.9432,-5.1461,-5.3138,-5.4586,-5.3575,-4.9572,-4.4814,-3.741,-3.0435,-2.6571,-2.3703,-2.4518,-2.7808,-3.6585,-5.1464,-7.4269,-9.909,-14.921,-20.495,-17.07,-12.156,-9.3208,-7.6218,-6.8111,-6.1862,-5.8714,-5.7657,-5.6997,-5.6622,-5.6164,-5.1551,-4.565,-3.9268,-3.3061,-2.361,-1.4222,-0.70751,0.30218,1.3314,2.1508,3.3543,4.6327,5.9309,6.9074,8.1815,9.354,10.133,11.022,11.721,12.196,12.394,12.444,12.246,11.928,11.259,10.306,9.4091,7.951,6.1519,3.9747,2.085,-0.80698,-4.1501,-6.8383,-9.7959,-10.765,-10.446,-9.8214,-9.3684,-8.7918,-8.1362,-7.0498,-5.716,-4.6925,-3.5314,-2.4215,-1.4571,-0.93593,-0.50737,-0.31087,-0.31551,-0.56535,-1.0799,-1.5827,-2.2856,-2.7735,-2.7526,-2.3164,-1.3341,-0.20519,0.59376,1.4889,2.1623,2.5232,2.8088,2.8883,2.7809,2.5917,2.2152,1.7249,1.3027,0.67626,0.028363,-0.59881
-5.6263,-6.4593,-6.9303,-6.3889,-5.4004,-3.7106,-1.9357,-0.6768,0.82055,2.0753,3.0464,3.5905,4.0716,4.2596,4.2203,3.9291,3.363,2.7668,1.7597,0.56629,-0.7436,-1.7437,-3.009,-4.099,-4.7956,-5.6693,-6.6067,-7.4222,-8.6733,-10.142,-11.812,-13.167,-15.03,-16.955,-18.295,-18.774,-17.163,-14.713,-13,-11.168,-9.8476,-9.1588,-8.6476,-8.5195,-8.5824,-8.8234,-9.1665,-9.2926,-9.1165,-8.5266,-7.6755,-7.0265,-6.2017,-5.5514,-5.2285,-4.9753,-4.925,-5.0072,-5.0356,-4.9549,-4.5851,-4.0532,-3.0969,-2.0382,-1.0284,-0.37882,0.30065,0.72466,0.84578,0.74253,0.31222,-0.25834,-1.4051,-3.08,-5.5013,-8.0515,-12.877,-16.267,-13.088,-8.7989,-6.0634,-4.726,-3.5793,-3.0146,-2.9315,-3.1482,-3.811,-4.823,-5.7507,-6.9323,-7.5272,-7.0922,-6.2367,-4.8118,-3.4558,-2.5747,-1.6101,-0.8536,-0.36875,0.17744,0.6532,1.048,1.2957,1.5828,1.757,1.7867,1.6687,1.3585,0.97126,0.25253,-0.68224,-1.7964,-2.6703,-3.7498,-4.5541,-4.9068,-5.0921,-5.1391,-5.2173,-5.3361,-5.5447,-5.7659,-5.8582,-5.7928,-5.4246,-4.8817,-4.0547,-3.3355,-2.521,-1.8877,-1.1631,-0.57442,-0.17934,0.33908,0.91526,1.423,2.2935,3.4646,4.8777,6.0059,7.4917,8.8718,9.7972,10.842,11.643,12.196,12.44,12.538,12.367,12.062,11.423,10.507,9.6233,8.1726,6.3924,4.2274,2.2982,-0.74607,-4.4066,-7.5496,-11.025,-10.817,-9.4396,-7.8208,-6.5989,-5.712,-5.1816,-4.4936,-3.8169,-3.2369,-2.4605,-1.8802,-1.351,-0.98675,-0.70686,-0.73809,-0.97347,-1.6352,-2.871,-4.3578,-7.5597,-14.183,-24.914,-11.751,-5.4428,-1.8929,-0.048908,1.746,2.9884,3.6377,4.1966,4.4423,4.4092,4.2119,3.7251,2.9901,2.2827,1.1176,-0.30231,-1.948
-7.7759,-11.728,-22.294,-13.847,-8.5699,-4.3255,-1.475,0.1474,1.8285,3.0928,4.0011,4.4689,4.8181,4.8513,4.6702,4.1392,3.246,2.3082,0.66267,-1.5541,-4.4927,-7.229,-10.9,-11.44,-9.8283,-7.7128,-6.3571,-5.7872,-5.4613,-5.472,-5.7375,-6.0266,-6.4512,-6.8129,-7.0179,-7.063,-6.8948,-6.4888,-6.1127,-5.5782,-5.0719,-4.7407,-4.3949,-4.0987,-3.9177,-3.7546,-3.5557,-3.3303,-3.1211,-2.7802,-2.3685,-2.052,-1.568,-1.0887,-0.76354,-0.33248,0.06796,0.49233,0.81264,1.247,1.7304,2.1242,2.6541,3.176,3.6518,3.9547,4.2559,4.4051,4.4067,4.2549,3.9074,3.51,2.8062,1.9484,0.98473,0.25919,-0.53911,-1.0079,-1.1081,-0.95603,-0.67385,-0.50037,-0.40792,-0.55929,-1.035,-1.6335,-2.8688,-4.7994,-6.8716,-11.068,-16.899,-12.537,-8.388,-4.5607,-1.9506,-0.46537,1.1032,2.2966,3.0129,3.7833,4.3698,4.8166,5.0664,5.2771,5.3523,5.331,5.1725,4.8764,4.5687,4.05,3.4186,2.6816,2.0827,1.2449,0.36292,-0.32786,-1.3276,-2.4602,-3.8143,-5.0555,-7.0762,-9.6494,-11.734,-12.975,-10.915,-8.585,-6.1468,-4.2834,-2.7283,-1.9103,-1.2768,-1.0401,-1.1804,-1.9452,-3.3777,-4.8118,-5.9938,-3.6106,0.28935,2.8881,5.6996,7.8807,9.1939,10.577,11.579,12.245,12.547,12.697,12.57,12.305,11.75,10.962,10.218,9.0522,7.7054,6.1854,4.9511,3.2563,1.5901,0.39638,-0.97495,-2.0048,-2.6398,-3.3464,-3.9151,-4.4406,-4.8161,-5.1402,-5.1017,-4.8901,-4.1014,-3.1044,-2.2372,-1.6629,-0.98677,-0.53778,-0.39822,-0.41591,-0.6561,-0.96892,-1.454,-1.7198,-1.4384,-0.77885,0.53507,1.9836,3.0035,4.1786,5.094,5.5905,6.0055,6.1479,6.013,5.7299,5.0985,4.1555,3.22,1.6329,-0.45121,-3.2205
-2.7557,-3.2419,-3.4599,-3.0325,-2.3547,-1.1751,0.068566,0.94179,1.9687,2.7893,3.388,3.6917,3.8825,3.8329,3.6293,3.1081,2.2861,1.4536,0.013688,-1.8649,-4.1704,-6.0951,-8.2659,-8.5699,-7.6507,-6.1028,-4.8054,-4.0878,-3.4649,-3.133,-3.0096,-3.0263,-3.1508,-3.3242,-3.4799,-3.6866,-3.8718,-4.0168,-4.0932,-4.1331,-4.1112,-4.0626,-3.9432,-3.7525,-3.6187,-3.4431,-3.2184,-2.9939,-2.8265,-2.5817,-2.2955,-2.0373,-1.6521,-1.2029,-0.81383,-0.22794,0.40352,1.0547,1.5299,2.152,2.7569,3.1788,3.6933,4.1509,4.5288,4.762,4.983,5.0986,5.1146,5.0352,4.8371,4.6199,4.2537,3.8081,3.3228,2.9564,2.4767,2.0486,1.7732,1.4424,1.1392,0.91819,0.59498,0.21492,-0.24548,-0.6546,-1.2651,-1.9524,-2.4416,-2.9126,-2.957,-2.5194,-1.901,-0.80589,0.36838,1.204,2.2234,3.1182,3.6914,4.3259,4.8176,5.1783,5.3776,5.5201,5.5475,5.5015,5.3428,5.0738,4.7989,4.3449,3.7852,3.1366,2.5818,1.7568,0.82898,0.051486,-1.111,-2.438,-3.9912,-5.3384,-7.4596,-9.8885,-11.66,-12.62,-11.029,-9.0856,-6.939,-5.0364,-3.4223,-2.6059,-1.8776,-1.4948,-1.5004,-2.0111,-3.0044,-3.8504,-4.3401,-2.709,0.24366,2.4046,4.865,6.8393,8.0196,9.2328,10.089,10.622,10.823,10.849,10.626,10.306,9.691,8.9006,8.2175,7.2098,6.1182,5.0012,4.1468,3.0006,1.866,1.0263,-0.13067,-1.354,-2.3245,-3.7903,-5.6167,-7.9235,-10.162,-14.16,-17.35,-15.584,-11.698,-8.4491,-6.0963,-4.8521,-3.5641,-2.5248,-1.8912,-1.2267,-0.66311,-0.26706,0.24804,0.80443,1.4477,1.9866,2.7573,3.5394,4.1065,4.779,5.319,5.6181,5.8514,5.8745,5.6729,5.3672,4.7538,3.8839,3.0629,1.7582,0.22063,-1.4864
-1.6976,-1.6966,-1.5492,-1.235,-0.90067,-0.37943,0.19387,0.61257,1.1403,1.5878,1.9302,2.1133,2.2466,2.2483,2.1512,1.8887,1.4812,1.0777,0.42841,-0.29832,-1.0398,-1.5422,-2.0444,-2.3241,-2.3794,-2.2947,-2.1217,-1.9896,-1.8515,-1.8098,-1.8763,-2.0085,-2.2939,-2.7123,-3.0895,-3.7025,-4.3991,-5.1578,-5.7197,-6.3907,-6.8622,-7.0253,-6.9712,-6.7276,-6.4622,-6.0733,-5.8017,-5.6421,-5.6131,-5.6596,-5.7504,-5.7571,-5.595,-5.1343,-4.5462,-3.5601,-2.453,-1.3642,-0.58611,0.36953,1.1946,1.7282,2.3404,2.8457,3.2485,3.4854,3.7248,3.8782,3.9339,3.9289,3.834,3.7066,3.4563,3.1166,2.7081,2.36,1.8515,1.3166,0.91385,0.38094,-0.12305,-0.46433,-0.86931,-1.213,-1.4883,-1.6567,-1.8031,-1.8467,-1.8241,-1.6799,-1.3905,-0.9818,-0.5706,0.051089,0.70789,1.214,1.8454,2.4081,2.7806,3.1925,3.5089,3.7227,3.8099,3.8585,3.8222,3.7301,3.5436,3.2746,3.0177,2.5975,2.0884,1.4901,0.98227,0.21623,-0.64215,-1.3494,-2.366,-3.4602,-4.595,-5.446,-6.5082,-7.3411,-7.7296,-7.8509,-7.4717,-6.9338,-6.0164,-4.7004,-3.5254,-2.7205,-1.6725,-0.80997,-0.27808,0.37758,0.9441,1.3917,2.1392,3.043,4.1034,4.9512,6.045,7.0235,7.6475,8.2828,8.6816,8.8321,8.7756,8.4733,7.9238,7.3521,6.3838,5.2422,4.3108,3.0307,1.8369,0.8533,0.27089,-0.3545,-0.87273,-1.2565,-1.8754,-2.6719,-3.389,-4.5931,-6.1325,-7.9602,-9.5012,-11.597,-12.781,-12.819,-11.235,-9.6716,-8.367,-7.4214,-6.3701,-5.5051,-4.8744,-4.04,-3.2167,-2.5767,-1.677,-0.75802,0.16646,0.85995,1.7441,2.5634,3.1219,3.7623,4.2588,4.5308,4.7427,4.7658,4.5958,4.337,3.8153,3.0993,2.4323,1.376,0.14338,-1.2443
-3.3217,-3.006,-2.4359,-1.8264,-1.3777,-0.85172,-0.40644,-0.13099,0.16165,0.40417,0.61855,0.76006,0.93269,1.0723,1.1432,1.1904,1.1613,1.0857,0.92402,0.71169,0.46251,0.28033,0.071252,-0.090922,-0.16746,-0.2093,-0.21613,-0.21942,-0.24267,-0.32484,-0.51457,-0.74881,-1.2047,-1.8731,-2.5311,-3.6584,-5.1163,-7.006,-8.7728,-11.62,-14.432,-15.075,-13.36,-11.115,-9.7461,-8.4472,-7.7683,-7.6389,-7.8808,-8.7291,-10.311,-12.028,-14.599,-14.524,-12.04,-8.5533,-5.7556,-3.6492,-2.399,-1.0717,-0.082909,0.49775,1.1019,1.5456,1.8857,2.0881,2.3163,2.5106,2.6307,2.7393,2.7712,2.723,2.5512,2.2423,1.7734,1.3216,0.59672,-0.26104,-0.97174,-1.9313,-2.8224,-3.3911,-3.9405,-4.2213,-4.2652,-4.1914,-3.9898,-3.6668,-3.3632,-2.8734,-2.3143,-1.6534,-1.1225,-0.42986,0.22486,0.68314,1.2267,1.6478,1.8873,2.1002,2.2116,2.2256,2.1745,2.07,1.924,1.7833,1.5708,1.3174,1.1004,0.75661,0.3369,-0.18377,-0.63433,-1.3237,-2.1175,-2.7739,-3.7341,-4.8031,-5.9526,-6.86,-8.0932,-9.2483,-9.9038,-10.236,-9.6904,-8.7783,-7.1,-5.1658,-3.5288,-2.3266,-0.803,0.49955,1.3636,2.4436,3.4311,4.0969,4.9462,5.7632,6.5161,7.0374,7.6666,8.1747,8.4559,8.6898,8.7248,8.5312,8.2257,7.5802,6.6204,5.6804,4.0962,2.0418,0.14472,-2.8552,-6.0361,-7.6316,-6.9582,-5.2351,-3.8818,-3.2379,-2.7706,-2.7142,-2.9203,-3.4211,-4.1226,-5.0234,-5.7098,-6.5704,-7.2525,-7.8495,-8.4069,-8.6225,-8.948,-9.1034,-9.0885,-8.9812,-8.7525,-8.1315,-7.1554,-6.2504,-4.8787,-3.4011,-1.9314,-0.88783,0.40447,1.5586,2.3077,3.1481,3.8003,4.1526,4.4499,4.5511,4.4549,4.2558,3.8237,3.2163,2.648,1.733,0.65019,-0.61517
-8.2737,-5.9972,-3.7769,-2.3054,-1.5806,-0.98347,-0.74386,-0.73831,-0.8851,-1.098,-1.212,-1.1669,-0.87402,-0.38008,0.053414,0.59833,1.0239,1.2485,1.4008,1.3887,1.2609,1.1132,0.88901,0.73041,0.67555,0.7207,0.89321,1.0717,1.3005,1.4575,1.4808,1.3775,1.0561,0.48201,-0.14051,-1.2566,-2.7591,-4.7125,-6.5307,-9.4271,-12.252,-12.919,-11.298,-9.128,-7.7714,-6.5449,-5.8605,-5.6469,-5.8283,-6.5319,-7.7821,-9.0408,-10.603,-10.5,-8.9068,-6.3255,-4.0711,-2.3289,-1.3268,-0.36956,0.22623,0.48226,0.59996,0.53315,0.40828,0.36089,0.45189,0.76444,1.1079,1.619,2.0638,2.2864,2.3872,2.2188,1.7317,1.1471,0.045865,-1.4692,-2.8956,-5.2144,-7.8739,-9.6934,-10.752,-10.051,-8.8776,-8.1357,-7.4426,-6.9421,-6.5123,-5.7214,-4.645,-3.3517,-2.3951,-1.2171,-0.19038,0.41853,1.0241,1.3966,1.5142,1.4745,1.2206,0.81635,0.46938,-0.016459,-0.42472,-0.61304,-0.74805,-0.79125,-0.82933,-0.94006,-1.1738,-1.5549,-1.9371,-2.5645,-3.3121,-3.9302,-4.8297,-5.8351,-7.0269,-8.0992,-9.9771,-12.844,-16.36,-27.668,-20.36,-13.792,-8.5167,-5.127,-2.607,-0.91976,0.93847,2.4906,3.5542,4.7685,5.8318,6.5625,7.4128,8.1606,8.8147,9.2291,9.6874,10.025,10.18,10.255,10.149,9.8407,9.4599,8.7326,7.712,6.7379,5.1105,3.001,1.0645,-2.0939,-5.6006,-7.1226,-6.0438,-3.8927,-2.215,-1.3923,-0.72166,-0.45029,-0.48341,-0.75897,-1.2753,-2.026,-2.6933,-3.748,-4.8917,-5.7796,-7.371,-8.9593,-10.56,-12,-13.911,-15.502,-16.387,-16.481,-14.656,-12.464,-9.3303,-6.3876,-3.7911,-2.0889,-0.11878,1.5254,2.5502,3.661,4.5026,4.9638,5.3539,5.5047,5.4312,5.2408,4.8247,4.2351,3.708,2.9118,2.0323,1.0865
-3.278,-2.0293,-0.64303,0.2603,0.58188,0.56744,0.024637,-0.74244,-2.3278,-4.6559,-7.3837,-8.275,-6.3922,-3.5266,-1.7299,0.028202,1.2023,1.7493,2.081,1.9915,1.5126,0.91303,-0.1159,-1.1283,-1.5394,-1.2441,-0.11531,0.92338,2.2067,3.1927,3.8367,4.1099,4.1839,3.9719,3.6294,2.9542,2.0617,1.0051,0.18631,-0.84925,-1.6726,-2.0632,-2.2649,-2.1316,-1.891,-1.5491,-1.1877,-0.90481,-0.76837,-0.69117,-0.66016,-0.65187,-0.57126,-0.25989,0.094984,0.64936,1.2342,1.7357,1.9988,2.0906,1.8999,1.5056,0.57086,-0.89542,-3.0008,-4.8238,-6.1002,-4.37,-2.2856,0.12115,1.8406,2.7273,3.4194,3.6107,3.35,2.8389,1.7165,0.05338,-1.6234,-4.6391,-8.7216,-12.318,-14.038,-11.562,-9.8311,-9.4328,-10.003,-12.068,-14.455,-14.842,-10.109,-5.9578,-3.6974,-1.4441,0.19092,1.0464,1.7431,2.0212,1.9442,1.4708,0.5003,-0.95503,-2.3576,-4.5257,-6.2106,-6.3759,-5.3347,-3.9808,-3.1989,-2.6144,-2.4945,-2.7914,-3.268,-4.1389,-5.1702,-5.9461,-6.7625,-7.1976,-7.3675,-7.4548,-7.6273,-7.9047,-8.0775,-7.8764,-6.8322,-5.5061,-3.2517,-1.2268,0.63856,2.0163,3.5698,4.9372,5.8884,7.009,7.953,8.6053,9.381,10.037,10.612,10.991,11.405,11.724,11.896,12.001,11.96,11.76,11.488,10.962,10.252,9.5843,8.5445,7.3922,6.4666,5.2745,4.2918,3.5877,3.3192,3.1994,3.2201,3.2948,3.3125,3.2007,3.0349,2.6225,1.999,1.1763,0.33597,-1.0257,-2.6783,-3.96,-6.3443,-9.2553,-12.56,-15.839,-20.876,-24.982,-27.251,-30.315,-23.365,-17.651,-11.756,-7.3004,-3.7799,-1.5949,0.83517,2.7883,3.9846,5.2586,6.1762,6.6567,7.0286,7.1034,6.8965,6.5722,5.9337,5.0922,4.3743,3.3805,2.4599,1.735
2.432,2.4364,2.4543,2.3572,2.1511,1.6059,0.67947,-0.32833,-2.1404,-4.561,-7.1001,-7.9563,-6.4468,-3.9114,-2.2527,-0.53628,0.64267,1.1931,1.498,1.3045,0.47937,-0.65551,-3.1767,-7.9659,-15.092,-11.343,-4.1203,-1.0927,1.5633,3.2763,4.3449,4.8246,5.1023,5.0429,4.8058,4.2846,3.5521,2.6672,1.9339,0.92655,-0.034501,-0.66612,-1.2871,-1.5322,-1.5053,-1.1191,-0.50555,0.13057,0.61444,1.1907,1.6604,1.9585,2.2681,2.5183,2.6404,2.7796,2.8382,2.798,2.6643,2.3788,1.8922,1.337,0.29248,-1.2376,-3.3674,-5.241,-6.5512,-4.6697,-2.4487,0.099841,1.9352,2.9023,3.7329,4.0886,4.0372,3.7513,3.0584,2.0689,1.1346,-0.2408,-1.6429,-2.614,-3.6536,-4.438,-5.1396,-5.802,-6.8992,-8.2122,-9.1461,-9.0455,-7.1354,-4.6929,-3.0949,-1.2472,0.0536,0.7564,1.3408,1.4782,1.289,0.60406,-0.61776,-2.5983,-4.6892,-8.4988,-13.056,-12.746,-9.2157,-6.6962,-5.5597,-4.8441,-4.8587,-5.4944,-6.4307,-8.3525,-11.355,-14.712,-20.067,-16.795,-12.047,-9.7042,-7.5294,-5.9999,-5.1019,-4.0576,-3.0515,-2.2725,-1.1278,-0.19959,1.0619,1.9189,2.976,4.0679,4.7638,5.6035,6.3618,6.8111,7.3513,7.8383,8.2878,8.641,9.1116,9.5624,9.8764,10.203,10.401,10.44,10.357,10.092,9.6668,9.2368,8.5605,7.8006,7.1927,6.4006,5.6555,4.9924,4.5946,4.1931,3.9088,3.7864,3.6597,3.5115,3.3598,3.0197,2.4829,1.7312,0.95085,-0.31386,-2.1525,-3.5949,-5.8973,-9.0746,-12.372,-15.479,-20.08,-22.581,-22.152,-19.084,-15.773,-13.041,-9.4983,-6.2268,-3.3008,-1.3738,0.85263,2.6722,3.794,4.9802,5.8125,6.2049,6.4406,6.333,5.8706,5.2746,4.1223,2.5296,0.99132,-1.5005,-4.212,-5.7241
1.4884,1.4927,1.4641,1.3148,1.0997,0.63822,-0.032209,-0.66647,-1.6198,-2.5566,-3.3442,-3.6865,-3.7642,-3.3774,-2.9009,-2.0947,-1.2748,-0.73252,-0.1936,0.068358,0.043348,-0.14861,-0.57463,-0.9616,-1.0256,-0.62715,0.26328,1.0728,2.0922,2.8993,3.4288,3.615,3.621,3.3307,2.9414,2.1996,1.2238,0.022418,-1.0488,-2.7228,-4.7339,-6.4964,-9.0078,-10.67,-10.118,-7.7753,-5.388,-3.431,-2.2844,-1.1106,-0.30151,0.11714,0.47536,0.56629,0.52162,0.32367,-0.0030274,-0.40427,-0.69708,-1.0106,-1.2522,-1.3496,-1.4185,-1.4546,-1.411,-1.2912,-0.93458,-0.33738,0.24035,1.0414,1.7797,2.2244,2.6109,2.7627,2.6477,2.4144,1.9241,1.2327,0.64167,-0.22019,-1.1215,-1.7698,-2.5921,-3.3225,-3.9532,-4.3507,-4.8184,-5.0699,-5.1162,-4.9377,-4.4333,-3.7957,-3.2045,-2.4077,-1.7022,-1.2817,-0.86838,-0.68845,-0.72222,-1.0251,-1.5822,-2.403,-3.1327,-4.1552,-5.0156,-5.4694,-5.8515,-6.1383,-6.4216,-6.9171,-7.6479,-8.6151,-9.4277,-10.724,-12.177,-13.191,-13.838,-12.971,-11.145,-9.6853,-8.0122,-6.7997,-6.1089,-5.4733,-5.0795,-4.9054,-4.8506,-4.5094,-3.8309,-3.2585,-2.1925,-1.1052,-0.40057,0.29045,0.70322,0.81524,0.70256,0.52033,0.51803,0.76755,1.5695,2.6693,3.4771,4.4289,5.1195,5.5083,5.6172,5.5303,5.1974,4.843,4.2086,3.4294,2.8021,1.8587,0.8601,-0.095102,-0.78154,-1.4344,-1.6454,-1.5739,-1.1578,-0.62652,-0.32187,-0.052916,-0.079344,-0.46043,-0.89855,-1.8412,-3.2138,-4.5902,-6.4564,-8.9458,-11.619,-13.728,-16.728,-18.67,-18.998,-17.502,-14.558,-12.323,-9.394,-6.7278,-4.3793,-2.7964,-0.97693,0.52331,1.4561,2.4187,3.0874,3.3915,3.5149,3.3152,2.772,2.1105,0.84992,-0.91269,-2.6534,-5.6516,-9.4132,-11.794
-1.4288,-0.83093,-0.24916,0.056518,0.076769,-0.16629,-0.70048,-1.2833,-2.3296,-3.6277,-5.1182,-6.2524,-7.4349,-7.5807,-6.8789,-5.3284,-3.6642,-2.5331,-1.2571,-0.27826,0.46883,0.89185,1.3473,1.7401,2.0051,2.3726,2.7351,2.9856,3.2552,3.3858,3.3355,3.1612,2.727,2.0429,1.3725,0.25869,-1.0455,-2.5315,-3.7437,-5.518,-7.5832,-9.4367,-12.423,-14.571,-13.565,-10.015,-7.0283,-4.7881,-3.5468,-2.3559,-1.5999,-1.3189,-1.2279,-1.4932,-1.8966,-2.7765,-3.9836,-5.4666,-6.5607,-7.5951,-7.3929,-6.4887,-4.9513,-3.4677,-2.1917,-1.3855,-0.48389,0.27963,0.7593,1.2782,1.6529,1.8254,1.8905,1.7843,1.4909,1.1514,0.55598,-0.1938,-0.82075,-1.7494,-2.6973,-3.3831,-4.2196,-4.9061,-5.4224,-5.6478,-5.842,-5.9086,-5.8489,-5.7319,-5.5237,-5.2693,-4.9524,-4.5248,-3.9568,-3.501,-2.9442,-2.4371,-2.1528,-1.9086,-1.8907,-2.0321,-2.2819,-2.7658,-3.3682,-3.9604,-4.8779,-6.0173,-7.0541,-8.7096,-10.556,-12.24,-12.96,-12.905,-12.056,-11.225,-10.099,-9.031,-7.9978,-7.3535,-6.6298,-6.2056,-6.1321,-6.4229,-7.3025,-8.4422,-10.905,-13.731,-15.099,-12.624,-8.6445,-6.1388,-4.862,-3.8319,-3.7414,-4.1368,-5.6449,-8.76,-15.099,-18.084,-9.6316,-4.7484,-2.4774,-0.47657,0.71844,1.2921,1.4026,1.1891,0.62138,0.053858,-0.86244,-1.856,-2.6303,-3.819,-5.258,-7.2705,-9.4361,-13.381,-14.974,-11.982,-7.9066,-5.0807,-3.6501,-2.3524,-1.6244,-1.42,-1.5236,-2.0461,-2.8091,-3.8567,-5.3081,-7.277,-9.7127,-11.846,-15.744,-20.198,-21.833,-17.701,-13.582,-11.094,-8.4407,-6.245,-4.4392,-3.2634,-1.9256,-0.81881,-0.12965,0.59084,1.0962,1.3391,1.4582,1.349,0.98727,0.55606,-0.24851,-1.2779,-2.1536,-3.3962,-4.5393,-5.3706
-4.079,-2.5617,-1.2408,-0.50008,-0.25547,-0.29521,-0.74286,-1.3467,-2.5521,-4.3354,-6.9473,-9.8257,-16.386,-21.07,-13.875,-8.444,-5.2122,-3.4827,-1.7225,-0.39477,0.63758,1.2664,1.9606,2.5188,2.8638,3.2395,3.5124,3.6408,3.6897,3.5707,3.2452,2.8467,2.0588,0.97762,-0.067701,-1.7897,-3.855,-6.0875,-7.5789,-8.764,-8.8516,-8.4945,-7.8028,-6.9751,-6.2378,-5.1198,-4.0282,-3.0348,-2.4546,-1.9363,-1.71,-1.7344,-2.0733,-2.6971,-3.4148,-4.7454,-6.6354,-9.4687,-12.77,-19.786,-17.18,-11.965,-7.6899,-4.8806,-2.9347,-1.8424,-0.73079,0.064566,0.4807,0.85348,1.0114,1.0085,0.85531,0.50735,-0.0061296,-0.52558,-1.3886,-2.444,-3.3967,-4.8349,-6.4548,-7.7232,-9.2185,-10.188,-10.394,-10.172,-9.613,-9.2014,-9.0133,-8.9897,-9.2273,-9.4926,-9.6334,-9.4454,-8.5968,-7.5953,-6.1207,-4.748,-3.8728,-2.9451,-2.3193,-1.9786,-1.904,-2.0268,-2.4473,-2.9564,-3.9315,-5.3269,-6.7058,-9.2312,-12.98,-19.658,-26.614,-18.071,-12.836,-10.474,-8.269,-6.7256,-5.6246,-5.0328,-4.5377,-4.3266,-4.4083,-4.8495,-5.723,-6.697,-8.3312,-10.39,-10.532,-9.6593,-7.4332,-5.661,-4.7039,-3.9048,-3.685,-3.8808,-4.4992,-5.4816,-6.1735,-6.1652,-5.1028,-3.5976,-2.5378,-1.449,-0.90611,-0.86671,-1.2126,-2.1523,-3.6767,-5.2385,-7.525,-9.407,-9.9195,-9.475,-9.1312,-9.3369,-9.8599,-10.813,-10.494,-9.2727,-6.7911,-4.6554,-3.3368,-2.0403,-1.2397,-0.79253,-0.76089,-0.99195,-1.4181,-1.9699,-2.9681,-4.0518,-5.3533,-6.2575,-7.4233,-8.1948,-8.4522,-8.2792,-7.5936,-6.9426,-5.9588,-5.0047,-4.1038,-3.5105,-2.8181,-2.2177,-1.841,-1.3886,-1.0179,-0.79065,-0.55898,-0.45175,-0.51303,-0.67809,-1.0815,-1.714,-2.3307,-3.3385,-4.5712,-6.0291
-2.1092,-1.3098,-0.48719,0.020646,0.2095,0.20571,-0.088893,-0.4934,-1.247,-2.2331,-3.3682,-4.2068,-5.0718,-5.3464,-5.0912,-4.3058,-3.3132,-2.5565,-1.6352,-0.79951,-0.064781,0.4402,1.0538,1.5979,1.9752,2.4006,2.7337,2.9072,3.0073,2.9376,2.6581,2.278,1.5072,0.36453,-0.79351,-2.8488,-5.8166,-10.436,-16.284,-20.945,-12.324,-9.0173,-6.2629,-4.485,-3.4844,-2.5331,-1.8607,-1.4705,-1.3556,-1.4323,-1.7872,-2.1892,-2.9017,-3.76,-4.4388,-5.3011,-6.1177,-6.8218,-7.1544,-7.2506,-6.7045,-5.9395,-4.6923,-3.4346,-2.3615,-1.7052,-1.0511,-0.6542,-0.49688,-0.46948,-0.61643,-0.82902,-1.2285,-1.7667,-2.4565,-3.0766,-4.0865,-5.3646,-6.5506,-8.5435,-11.256,-14.07,-20.143,-34.796,-21.364,-17.111,-14.143,-12.551,-12.107,-12.226,-13.296,-15.801,-19.565,-30.557,-19.435,-14.228,-9.9187,-7.0796,-5.5086,-3.9763,-2.8643,-2.1551,-1.8139,-1.6135,-1.6832,-1.8855,-2.3907,-3.1372,-3.8418,-4.9267,-6.051,-6.9249,-7.2198,-7.0059,-6.2901,-5.6037,-4.6991,-3.8831,-3.2297,-2.8287,-2.4503,-2.2448,-2.1897,-2.2543,-2.4411,-2.6432,-2.9826,-3.0583,-3.1544,-3.0166,-2.7137,-2.4052,-2.1354,-1.9938,-1.8723,-1.9056,-1.9617,-2.0012,-1.9441,-1.7858,-1.4732,-1.0756,-0.81479,-0.61045,-0.66239,-1.082,-1.7015,-3.0481,-5.1149,-7.354,-11.685,-16.724,-15.769,-11.46,-8.6723,-6.9509,-6.071,-5.1388,-4.2915,-3.6211,-2.7046,-1.7936,-1.1751,-0.50402,-0.03738,0.20814,0.25173,0.12016,-0.3177,-0.6256,-1.3256,-2.058,-2.9104,-3.5329,-4.2613,-4.9099,-5.2259,-5.5061,-5.587,-5.5589,-5.4533,-5.3258,-5.2404,-5.2289,-5.2897,-5.4075,-5.4728,-5.4273,-5.1181,-4.7241,-4.0591,-3.3966,-2.8528,-2.601,-2.4936,-2.7004,-3.0839,-3.9193,-5.2035,-7.079
0.47522,0.7335,1.0134,1.1834,1.2194,1.1421,0.93717,0.70007,0.28755,-0.20419,-0.72112,-1.1069,-1.5607,-1.9348,-2.131,-2.3151,-2.4103,-2.4383,-2.4099,-2.2836,-2.0328,-1.7462,-1.2448,-0.63292,-0.14435,0.5051,1.1022,1.4917,1.9099,2.1785,2.2745,2.2184,1.9635,1.4563,0.91875,0.0055315,-1.073,-2.1335,-2.73,-2.994,-2.6003,-2.0246,-1.1629,-0.38521,0.071359,0.47326,0.61865,0.45926,0.14486,-0.56073,-1.6237,-2.6805,-4.3859,-6.3124,-7.5822,-8.4538,-8.0504,-6.9282,-6.0051,-4.8708,-3.8438,-3.1825,-2.4042,-1.8002,-1.379,-1.2008,-1.1628,-1.3476,-1.6211,-2.1583,-2.8203,-3.3714,-4.1286,-4.8204,-5.4767,-5.9342,-6.6112,-7.4147,-8.1435,-9.3543,-10.779,-11.972,-13.397,-14.149,-13.883,-13.205,-12.167,-11.363,-10.941,-10.768,-10.981,-11.55,-11.848,-11.825,-10.753,-9.4175,-7.5102,-5.7647,-4.6386,-3.3976,-2.4552,-1.7256,-1.3254,-0.96031,-0.73586,-0.67166,-0.68856,-0.8138,-0.97359,-1.2312,-1.5059,-1.7186,-1.8423,-1.9049,-1.8728,-1.7971,-1.6545,-1.4919,-1.3067,-1.1644,-0.93957,-0.717,-0.54409,-0.32857,-0.15359,-0.048223,0.062418,0.13625,0.109,0.12106,-0.013331,-0.1728,-0.36687,-0.64967,-0.99974,-1.201,-1.4103,-1.3908,-1.1949,-0.90543,-0.43879,0.046057,0.36956,0.64209,0.73683,0.5645,0.27027,-0.37504,-1.2246,-1.9621,-2.8967,-3.5311,-3.7129,-3.531,-3.1142,-2.5414,-2.1441,-1.5822,-1.0875,-0.67755,-0.17911,0.30812,0.63218,0.97643,1.2371,1.3047,1.2818,1.0798,0.65483,0.21176,-0.47352,-1.3885,-2.35,-3.1678,-4.2069,-5.1663,-5.7552,-6.3076,-6.6347,-6.7228,-6.7947,-6.9161,-7.2599,-7.712,-8.7013,-10.282,-11.873,-14.161,-14.178,-12.148,-9.0992,-6.6708,-4.9225,-3.9878,-3.1784,-2.7844,-2.7398,-2.9922,-3.5427,-4.3279
2.2756,2.346,2.3643,2.3072,2.2207,2.052,1.8312,1.6566,1.3759,1.0555,0.6799,0.34475,-0.15467,-0.7461,-1.2553,-2.071,-3.0186,-3.8379,-4.9656,-6.0012,-6.5305,-6.3955,-5.576,-4.3202,-3.3406,-2.0628,-0.90208,-0.11636,0.83001,1.6445,2.3309,2.7486,3.1784,3.4555,3.5723,3.6178,3.6056,3.584,3.5929,3.6701,3.8288,3.9865,4.2057,4.3918,4.4541,4.4129,4.1661,3.6812,3.1243,2.0649,0.56729,-0.95807,-3.7117,-7.8455,-12.885,-18.528,-10.81,-6.4021,-4.3445,-2.4698,-1.2015,-0.54852,0.026328,0.28429,0.26192,0.044703,-0.51055,-1.3842,-2.2704,-3.754,-5.5493,-7.0181,-8.8344,-9.8833,-9.9373,-9.6174,-9.1319,-8.8415,-8.7942,-8.9204,-9.1651,-9.3679,-9.5377,-9.5283,-9.2883,-9.0271,-8.4892,-7.9727,-7.5513,-7.0584,-6.6179,-6.1971,-5.8786,-5.4013,-4.7528,-4.2559,-3.5055,-2.8116,-2.348,-1.7807,-1.3193,-0.89785,-0.61066,-0.22431,0.17198,0.44339,0.80086,1.0977,1.2666,1.4228,1.4782,1.4298,1.3344,1.1215,0.81324,0.52561,0.092323,-0.36263,-0.72008,-0.86746,-0.78694,-0.3851,0.063936,0.75289,1.4167,1.8506,2.3215,2.5265,2.635,2.5384,2.2003,1.6401,0.98871,-0.04374,-1.4493,-2.5456,-3.8657,-4.2404,-3.3358,-2.1898,-0.57955,0.79511,1.6407,2.4972,3.0508,3.3398,3.4063,3.3182,3.0633,2.8107,2.4255,2.03,1.7673,1.4605,1.2118,1.0227,0.92482,0.87252,0.92373,1.045,1.31,1.6578,1.9411,2.2929,2.5614,2.68,2.6488,2.4072,1.9905,1.4001,0.51207,-0.79168,-2.3091,-3.754,-5.95,-8.3258,-9.9589,-10.985,-10.521,-9.7098,-8.6991,-8.0536,-7.8399,-8.0044,-8.7296,-10.108,-11.625,-13.863,-13.8,-11.65,-8.3895,-5.7563,-3.832,-2.7559,-1.7408,-1.1107,-0.84575,-0.73028,-0.82186,-1.0694
3.6546,3.5292,3.218,2.7914,2.4546,2.0659,1.7902,1.669,1.5919,1.533,1.4089,1.2168,0.80501,0.16396,-0.52424,-1.713,-3.3783,-5.042,-8.1455,-13.177,-24.429,-20.874,-12.477,-8.5174,-6.5965,-4.6924,-3.1164,-2.0149,-0.53418,0.94083,2.3545,3.3277,4.4574,5.4226,6.0267,6.6879,7.2122,7.6264,7.8913,8.1918,8.4438,8.6008,8.7594,8.8381,8.8278,8.7088,8.4347,7.995,7.5294,6.7166,5.6882,4.7803,3.4687,2.1629,1.3826,0.82955,0.95381,1.5318,2.0463,2.7106,3.1961,3.4304,3.5331,3.3912,2.9689,2.4613,1.488,0.11921,-1.2251,-3.5389,-6.7831,-10.166,-17.914,-27.235,-15.703,-12.477,-10.203,-9.0835,-8.7193,-8.5133,-8.5786,-8.6115,-8.5937,-8.3248,-7.7583,-7.1964,-6.3406,-5.3944,-4.7274,-3.8736,-3.1071,-2.3428,-1.8816,-1.2954,-0.8319,-0.56779,-0.33524,-0.2579,-0.31403,-0.54838,-0.84981,-1.1381,-1.1832,-0.86337,-0.1436,0.58275,1.6064,2.5353,3.121,3.7071,4.0762,4.1852,4.1128,3.7666,3.1168,2.391,1.0575,-0.77884,-3.1183,-4.8155,-5.319,-3.1405,-1.1307,1.1645,2.9079,3.8967,4.8413,5.3756,5.6526,5.5602,5.232,4.4861,3.6484,2.0473,-0.36531,-3.0209,-8.922,-15.187,-6.4553,-2.4905,0.82182,3.0766,4.2828,5.4986,6.3105,6.8326,7.0387,7.1372,7.0241,6.844,6.4581,5.9483,5.4856,4.7509,3.9232,2.9604,2.2296,1.2495,0.6046,0.40136,0.73727,1.5448,2.2595,3.2066,3.9135,4.4202,4.5724,4.4959,4.178,3.6629,2.688,1.3057,-0.57265,-2.364,-5.5486,-10.023,-14.943,-18.673,-13.248,-10.483,-8.195,-6.8048,-5.9171,-5.4867,-5.1131,-4.8554,-4.6766,-4.2585,-3.6121,-2.925,-1.862,-0.76652,0.21842,0.81843,1.4429,1.8312,1.9822,2.0318,1.9113,1.6636
5.1739,4.6079,3.4877,1.9902,0.71884,-0.77989,-1.2903,-0.92275,0.11154,1.1129,1.7984,2.0838,2.0979,1.7363,1.2318,0.25987,-1.0462,-2.2344,-4.0411,-5.9142,-7.2663,-7.6161,-7.3288,-6.8961,-6.747,-6.9358,-7.0672,-6.276,-3.8181,-0.73971,2.0419,3.8184,5.7808,7.3195,8.2517,9.2684,10.05,10.664,11.039,11.462,11.817,12.047,12.304,12.488,12.581,12.61,12.531,12.31,12.061,11.617,11.062,10.602,9.9398,9.3099,8.8943,8.4446,8.155,7.9872,7.9199,7.8571,7.7656,7.6537,7.3962,6.9875,6.3819,5.7884,4.7778,3.4978,2.3663,0.60637,-1.3672,-2.881,-4.6747,-5.8346,-6.234,-6.2588,-6.257,-6.5286,-6.959,-7.9877,-9.4547,-10.729,-11.882,-11.342,-9.484,-7.8388,-5.8701,-4.1626,-3.0188,-1.677,-0.48162,0.54914,1.2252,1.9847,2.4568,2.6846,2.6664,2.2983,1.7379,0.46481,-1.584,-4.801,-7.8652,-8.2925,-3.7514,-0.79805,2.0496,4.0786,5.2052,6.2955,6.9901,7.3461,7.3812,7.1343,6.5222,5.7942,4.3829,2.3407,-0.48648,-2.8549,-3.7258,-0.6404,1.8615,4.5006,6.4265,7.5031,8.5243,9.2495,9.5375,9.6151,9.4145,8.9573,8.438,7.5198,6.4775,5.6561,4.8376,4.5833,5.0897,5.8016,6.9598,8.0758,8.8327,9.6552,10.278,10.679,10.841,10.866,10.703,10.438,9.9258,9.2175,8.5436,7.4425,6.0339,4.2085,2.4098,-0.93982,-6.3482,-10.707,-5.4345,-0.35237,2.1474,4.4245,5.9657,6.9136,7.3439,7.581,7.3695,7.0907,6.2989,5.277,3.8756,2.7173,0.93798,-0.80643,-2.0331,-3.1793,-3.7908,-3.9518,-3.9507,-3.7792,-3.4081,-2.9411,-2.0781,-1.0698,-0.26641,0.76369,1.738,2.4214,3.2452,3.9287,4.4481,4.723,4.9151,4.9193,4.7927,4.4724,4.0154,3.476
6.1681,5.2377,3.4128,0.65479,-2.4489,-9.5524,-13.637,-6.8035,-2.156,0.31615,1.6589,2.1845,2.4094,2.206,1.8494,1.0967,0.19818,-0.52068,-1.4518,-2.2567,-2.8827,-3.2671,-3.7951,-4.5511,-5.4912,-7.6676,-11.48,-12.414,-6.5234,-1.3961,2.2529,4.3064,6.435,8.0131,8.9116,9.7928,10.414,10.858,11.117,11.443,11.804,12.115,12.571,13.04,13.36,13.702,13.913,13.972,13.916,13.711,13.365,13.032,12.508,11.941,11.5,10.952,10.45,10.026,9.77,9.471,9.2244,9.0282,8.7289,8.3226,7.7916,7.2715,6.4163,5.3818,4.4924,3.1974,1.8494,0.85528,-0.32504,-1.3365,-2.1435,-2.6787,-3.3765,-4.2607,-5.1685,-6.9553,-9.6625,-12.677,-17.819,-16.226,-11.388,-9.0233,-6.7582,-5.0933,-3.9138,-2.262,-0.5601,0.97484,2.0606,3.1904,4.0511,4.4359,4.6392,4.4138,3.9483,2.9353,1.3922,-0.48572,-1.6952,-1.7053,0.18381,1.9606,4.0836,5.8181,6.8653,7.9592,8.7285,9.2167,9.3963,9.4169,9.1958,8.8977,8.3514,7.7318,7.1905,6.9658,7.0275,7.5388,8.1291,9.0525,9.9758,10.593,11.273,11.775,12.021,12.11,12.001,11.729,11.431,10.939,10.425,10.06,9.6922,9.512,9.5978,9.7987,10.256,10.798,11.236,11.758,12.177,12.426,12.501,12.408,12.113,11.745,11.099,10.254,9.5296,8.4204,7.1859,5.7709,4.602,2.9435,1.5086,1.0846,1.9989,3.8339,5.2928,6.9016,8.1424,8.945,9.3337,9.5628,9.4485,9.1946,8.629,7.8496,6.8669,6.0322,4.8255,3.5156,2.4997,1.0737,-0.50384,-1.8509,-3.9884,-6.4449,-7.8487,-6.7673,-3.7818,-0.97955,0.76702,2.5902,4.0135,4.8247,5.6405,6.1667,6.4235,6.4506,6.2407,5.7688,5.244,4.3033,3.1529,1.8531
5.3002,4.6218,3.4947,2.1678,1.1449,0.011369,-0.53392,-0.49653,-0.089609,0.35326,0.60879,0.56888,0.245,-0.40936,-1.1211,-2.2962,-3.6914,-4.6732,-5.6829,-6.0177,-5.7479,-5.3148,-4.6454,-4.0326,-3.6518,-3.1552,-2.4744,-1.699,-0.29675,1.3851,3.0331,4.1553,5.3657,6.2345,6.6487,6.8398,6.6727,6.2018,5.7537,5.3039,5.4138,5.9879,7.1829,8.4902,9.3622,10.302,10.952,11.32,11.415,11.315,10.973,10.578,9.8956,9.056,8.3549,7.3957,6.4753,5.7452,5.3761,5.1298,5.1377,5.1964,5.272,5.2263,4.9956,4.6663,4.003,3.0824,2.2075,0.83224,-0.74081,-1.961,-3.4512,-4.5112,-4.9313,-4.936,-4.8053,-4.7806,-4.966,-5.4107,-6.1283,-6.7228,-7.4714,-7.9685,-8.4069,-8.8699,-10.084,-11.799,-12.298,-9.5382,-5.5629,-2.3578,-0.39705,1.4526,2.8453,3.5016,4.0632,4.2396,4.1571,3.8479,3.3683,2.905,2.6398,2.5558,2.8073,3.2259,3.9614,4.8363,5.5022,6.3362,7.0374,7.5551,7.8104,7.977,7.9548,7.8395,7.6016,7.3461,7.1502,7.1061,7.2271,7.555,7.913,8.4888,9.1004,9.5323,10.042,10.37,10.577,10.575,10.44,10.103,9.7559,9.1628,8.4538,7.8958,7.1794,6.6552,6.4622,6.6012,7.1088,7.8749,8.4838,9.2288,9.8025,10.135,10.202,10.044,9.5782,9.0426,8.0782,6.8929,5.9391,4.7234,3.7824,3.2851,3.1925,3.377,3.7681,4.206,4.9242,5.7424,6.3632,7.1277,7.7289,8.1342,8.2868,8.2499,8.0463,7.6856,7.1239,6.34,5.4469,4.6931,3.6557,2.5495,1.6986,0.43576,-1.0391,-2.3928,-4.683,-7.582,-9.4931,-8.1914,-4.6681,-1.6294,0.14169,1.9587,3.2563,3.9588,4.5674,4.8536,4.8243,4.5961,4.02,3.1022,2.1593,0.5196,-1.6847,-4.678
4.3477,3.9595,3.3537,2.71,2.2427,1.6566,1.1742,0.8925,0.58041,0.26922,-0.11377,-0.52544,-1.3262,-2.5143,-3.7388,-5.9435,-9.1357,-12.705,-20.415,-18.41,-12.02,-9.0594,-6.3494,-4.34,-3.1163,-1.6766,-0.3632,0.56258,1.7551,2.845,3.8084,4.406,4.9828,5.2206,5.1453,4.6339,3.482,1.4287,-1.0789,-7.3395,-15.843,-5.6399,0.4157,3.7877,5.4759,7.0538,8.0321,8.5607,8.6807,8.5238,8.0306,7.4342,6.3458,4.8869,3.5558,1.3853,-1.0906,-3.4191,-4.2466,-3.4227,-1.7283,-0.50663,0.73092,1.5298,1.8734,1.8707,1.5044,0.69184,-0.20918,-1.9361,-4.3916,-7.0191,-12.193,-18.869,-13.49,-9.751,-6.7901,-5.0036,-4.1834,-3.5282,-3.2868,-3.3188,-3.5608,-4.0434,-4.9232,-5.8218,-7.5804,-9.6244,-10.401,-8.2512,-4.7688,-1.8703,-0.14997,1.633,2.8941,3.5603,4.0957,4.3038,4.2581,3.963,3.4259,2.7115,2.1022,1.273,0.64085,0.4324,0.76555,1.6444,2.5024,3.653,4.6448,5.3485,5.691,5.8651,5.7455,5.4674,4.9227,4.2432,3.6188,3.3114,3.3379,3.8734,4.5407,5.5363,6.4864,7.1076,7.7532,8.1275,8.3694,8.3066,8.1001,7.621,7.0881,6.1451,4.838,3.5993,1.4507,-1.1719,-3.3182,-2.772,-0.0084439,2.7823,4.4236,6.0819,7.183,7.8121,7.9711,7.8187,7.1855,6.4198,4.8532,2.6505,0.35571,-3.5527,-7.1441,-4.9887,-2.3011,0.42878,2.3738,3.4809,4.636,5.5108,6.0076,6.5135,6.7991,6.9252,6.8608,6.5467,6.1095,5.5652,4.7348,3.632,2.493,1.5713,0.499,-0.35376,-0.76395,-1.1215,-1.285,-1.4058,-1.5015,-1.4815,-1.1842,-0.73308,0.115,1.0968,1.7925,2.6137,3.213,3.5117,3.6868,3.6045,3.274,2.8443,2.0573,0.9694,-0.04408,-1.6881,-3.768,-6.2777
3.108,2.8795,2.4561,1.9248,1.4901,0.93498,0.4664,0.18399,-0.088639,-0.30208,-0.59116,-0.8719,-1.4984,-2.4376,-3.3955,-5.0017,-6.9419,-8.468,-9.9773,-9.9822,-8.7046,-7.3115,-5.4552,-3.6249,-2.3316,-0.71345,0.74656,1.7566,2.9617,3.9953,4.8331,5.3051,5.7203,5.85,5.7276,5.2858,4.4885,3.3675,2.4003,1.276,1.0018,1.5786,2.9594,4.4445,5.4053,6.4179,7.0662,7.3533,7.337,7.003,6.3006,5.5173,4.1065,2.2824,0.55492,-2.2881,-6.1034,-11.203,-13.553,-9.6794,-5.7367,-3.5883,-1.5934,-0.27717,0.50303,0.78905,0.80559,0.41546,-0.13212,-1.2011,-2.6738,-3.9757,-5.7412,-6.6586,-5.9836,-4.8592,-3.2176,-1.8526,-1.0219,-0.24177,0.27921,0.51173,0.64937,0.60735,0.45785,0.29261,0.093092,0.071989,0.2442,0.80289,1.6387,2.6329,3.3186,4.1658,4.7831,5.1325,5.3638,5.3381,5.1418,4.6005,3.7166,2.3624,0.94777,-1.7403,-6.0759,-10.911,-9.9902,-3.9401,-1.0188,1.5988,3.279,4.2991,4.7001,4.7972,4.406,3.7755,2.3944,0.21525,-3.0695,-6.3513,-7.8634,-3.5232,-0.62975,2.1483,4.0425,5.0496,5.9408,6.4888,6.6069,6.5888,6.2458,5.7239,5.1392,4.2002,2.943,1.7832,-0.27467,-2.9135,-5.2209,-4.4639,-1.1773,1.9353,3.746,5.548,6.7404,7.4331,7.6595,7.5601,7.0429,6.3403,5.0123,3.1324,1.4056,-1.1825,-2.8887,-2.0735,-0.56298,1.4531,3.0326,3.9551,4.8683,5.5144,5.8402,6.0782,6.1356,5.9775,5.7462,5.3017,4.5378,3.8529,2.5491,0.8961,-1.277,-3.3201,-6.3103,-7.9312,-7.0298,-4.6224,-2.5303,-1.282,-0.00030217,0.99493,1.792,2.3143,2.8994,3.3675,3.6317,3.8327,3.8629,3.7519,3.4441,2.949,2.2967,1.7303,0.85971,-0.13607,-0.96136,-2.2147,-3.6221,-5.2157
1.6739,1.5983,1.1361,0.2476,-0.65504,-1.9659,-2.9619,-3.1685,-2.683,-1.8175,-1.0802,-0.76219,-0.65049,-0.92234,-1.3752,-2.2477,-3.3491,-4.2426,-5.3786,-6.2547,-6.5602,-6.2846,-5.1442,-3.4743,-2.0506,-0.17928,1.5565,2.7137,4.0717,5.2161,6.1246,6.6571,7.1389,7.3934,7.4305,7.2733,6.9537,6.518,6.1765,5.8062,5.6315,5.6614,5.9036,6.2972,6.6465,7.0416,7.3237,7.3701,7.2371,6.7739,5.9452,5.086,3.5983,1.7308,0.17237,-2.0441,-3.9409,-5.1019,-5.2804,-4.558,-3.3029,-2.2197,-0.89217,0.17114,0.93385,1.2976,1.5437,1.5792,1.465,1.2371,0.93664,0.76095,0.61307,0.68414,1.0103,1.3817,2.0076,2.6649,3.1304,3.673,4.1269,4.4041,4.6788,4.87,5.024,5.1054,5.2326,5.3699,5.5235,5.7567,6.0281,6.3403,6.564,6.8174,7.0081,7.077,7.0924,6.9624,6.7571,6.302,5.6051,4.5995,3.6257,2.0109,0.32374,-0.6158,-0.46686,0.97599,2.2885,3.7973,4.8891,5.564,5.7852,5.7409,5.2902,4.6836,3.4573,1.7592,-0.32283,-1.7574,-2.2374,-0.65828,0.97138,2.8623,4.2619,4.9904,5.5907,5.8419,5.6433,5.3596,4.7104,3.8862,3.3144,2.5822,2.1598,1.9709,1.9948,2.2316,2.7709,3.4243,4.5216,5.7724,6.6516,7.6804,8.4526,8.9233,9.0861,9.0312,8.7135,8.2876,7.5759,6.7172,6.0598,5.2889,4.7665,4.6172,4.665,4.9574,5.2742,5.5119,5.7063,5.7879,5.7627,5.6166,5.3774,5.0173,4.7122,4.2648,3.5589,3.0081,1.8894,0.49801,-1.6179,-3.5954,-6.9069,-8.7305,-7.0506,-3.7433,-1.064,0.48448,2.065,3.2508,4.128,4.6086,5.0484,5.2595,5.272,5.0699,4.6144,4.0997,3.1929,2.0918,0.87392,-0.0014225,-1.0089,-1.7026,-2.1069,-2.6391,-3.3316,-4.3837
1.0803,1.1941,0.66584,-0.71309,-2.4962,-6.5789,-16.499,-20.319,-7.7171,-3.2693,-0.85169,0.20032,0.94818,1.0767,0.8501,0.095476,-1.1306,-2.4299,-4.8142,-8.4175,-14.349,-18.05,-11.024,-5.9192,-3.2658,-0.57004,1.5722,2.9261,4.4741,5.7556,6.7985,7.415,8.022,8.3602,8.4552,8.3527,8.0095,7.4682,6.9683,6.2535,5.6111,5.2787,5.1663,5.4456,5.8387,6.4202,6.9057,7.1676,7.1504,6.8095,6.0647,5.2173,3.6369,1.4287,-0.74831,-4.5826,-10.048,-13.197,-9.7589,-5.6637,-2.953,-1.5463,-0.17208,0.7285,1.2824,1.5066,1.632,1.6593,1.6879,1.776,2.0138,2.2595,2.7123,3.2311,3.7749,4.2018,4.7412,5.2548,5.598,6.0375,6.4085,6.6548,6.9438,7.2025,7.407,7.5472,7.6966,7.8081,7.8612,7.8926,7.8821,7.797,7.7303,7.6057,7.5114,7.4445,7.402,7.4019,7.4052,7.3934,7.3023,7.1331,6.9523,6.6723,6.4393,6.3431,6.3731,6.579,6.8031,7.1063,7.3272,7.4031,7.3559,7.1403,6.7615,6.3824,5.8067,5.2124,4.685,4.4342,4.3394,4.5464,4.8189,5.2436,5.5999,5.7475,5.7432,5.3401,4.7134,3.7867,2.2695,0.044383,-1.8685,-4.1043,-3.5398,-1.7292,0.83034,2.948,4.7069,5.796,7.091,8.1517,8.8391,9.5493,10.058,10.331,10.375,10.256,9.9096,9.558,8.9434,8.272,7.7501,7.1103,6.614,6.223,6.0526,5.8534,5.7115,5.5428,5.2537,4.7757,4.3021,3.5744,2.772,2.167,1.8502,1.6213,1.73,1.7183,1.7289,1.5096,1.1412,0.89874,0.62908,0.71379,1.0381,1.8,2.7592,3.4962,4.4373,5.2356,5.8709,6.2069,6.4645,6.4721,6.2916,5.7921,4.9265,4.0165,2.3579,0.076176,-3.0167,-5.9002,-8.9331,-7.6828,-5.7171,-3.7278,-2.6533,-2.2599
0.91647,1.1088,0.97285,0.4264,-0.21175,-1.1782,-1.863,-1.8667,-1.1689,-0.10664,0.88287,1.4399,1.8562,1.8814,1.6485,1.0103,-0.037013,-1.0704,-2.809,-4.8085,-6.6088,-7.2275,-6.6013,-5.1119,-3.8909,-2.3342,-0.83184,0.32157,1.8353,3.274,4.5301,5.3064,6.1006,6.5595,6.6676,6.5063,5.9327,4.9175,3.8177,1.7978,-0.93949,-3.222,-4.4562,-2.1694,-0.075187,2.1921,3.7048,4.6492,5.0079,5.0875,4.733,4.1673,3.0399,1.4625,-0.051606,-2.4219,-4.7452,-5.7686,-5.2257,-3.7436,-2.3364,-1.5884,-0.96764,-0.78489,-1.0203,-1.4352,-2.2467,-3.1849,-3.6664,-3.6576,-2.7569,-1.78,-0.4023,0.82234,1.8281,2.4351,3.0648,3.5237,3.7923,4.076,4.3196,4.5002,4.7695,5.0617,5.3504,5.5521,5.7516,5.8621,5.8447,5.6995,5.3842,4.8861,4.3948,3.6778,2.9728,2.6377,2.5544,2.9783,3.5226,4.3469,5.1173,5.7449,6.1009,6.4559,6.655,6.7561,6.7912,6.7589,6.6739,6.4903,6.2155,5.8419,5.5201,5.0401,4.5548,4.2087,3.8173,3.5126,3.327,3.2714,3.3056,3.4259,3.5313,3.6687,3.7308,3.6919,3.4443,2.9415,2.0823,1.242,-0.49513,-2.7803,-5.2148,-8.2806,-7.072,-4.2836,-0.8664,1.7424,3.7246,4.9303,6.2257,7.2251,7.8062,8.3576,8.66,8.7309,8.6264,8.2861,7.7117,7.1511,6.2182,5.1405,4.3046,3.2387,2.4214,1.9685,1.8909,1.9179,1.9569,1.8447,1.4272,0.56757,-0.4527,-2.4108,-5.2174,-8.3798,-9.295,-7.1991,-4.4613,-2.9831,-1.5356,-0.70395,-0.08241,0.16342,0.46567,0.759,1.0202,1.4731,2.0244,2.5032,3.1745,3.8236,4.3711,4.6947,4.9485,4.9649,4.794,4.3,3.464,2.5837,1.0224,-1.0972,-3.8201,-6.1366,-8.2902,-7.2566,-5.4993,-3.4072,-1.9002,-0.89585
0.55631,0.8464,1.105,1.213,1.2349,1.2288,1.2559,1.336,1.5188,1.7668,1.9958,2.1137,2.1505,2.0253,1.7956,1.3295,0.66148,0.047653,-0.88555,-1.9055,-2.9145,-3.6495,-4.6043,-5.6248,-6.467,-7.4325,-7.3249,-6.1122,-3.627,-1.1698,0.84912,2.0532,3.2089,3.9259,4.167,4.1068,3.6085,2.615,1.5028,-0.55074,-3.3466,-5.7023,-7.0135,-4.7486,-2.6467,-0.39247,1.1909,2.2265,2.7291,3.0721,3.0857,2.9043,2.4454,1.7771,1.1998,0.38502,-0.34797,-0.88964,-1.1357,-1.3445,-1.4912,-1.6407,-2.0192,-2.6883,-3.7916,-5.0156,-7.4608,-11.61,-17.774,-24.276,-12.023,-8.1663,-5.0277,-3.0161,-1.7348,-1.1331,-0.70154,-0.62064,-0.72484,-1.0187,-1.2656,-1.3086,-1.0692,-0.53324,0.18116,0.68746,1.2494,1.5796,1.6601,1.4849,0.94026,-0.0046054,-1.096,-3.1982,-6.4223,-9.6633,-11.412,-7.0226,-4.0118,-1.103,0.93196,2.3516,3.1235,3.8377,4.259,4.3997,4.3935,4.1598,3.8463,3.2457,2.454,1.5142,0.72895,-0.32173,-1.2722,-1.828,-2.3068,-2.4593,-2.3281,-2.1297,-1.7649,-1.3707,-1.0569,-0.70214,-0.45311,-0.35562,-0.38368,-0.50175,-0.94301,-1.2748,-1.8543,-2.4277,-2.7244,-2.7618,-2.2739,-1.5795,-0.35835,0.949,2.2173,3.0723,4.0314,4.7877,5.1837,5.5303,5.6235,5.4762,5.2142,4.6172,3.7635,2.884,1.3951,-0.58782,-2.5228,-5.7089,-9.1502,-9.1731,-7.3045,-4.8362,-3.3437,-2.7063,-2.5546,-3.0689,-3.8711,-5.7173,-8.2921,-11.12,-11.944,-10.128,-7.6582,-6.1012,-4.7965,-3.844,-3.3753,-3.2213,-3.1718,-3.2563,-3.2903,-3.208,-2.7946,-2.2523,-1.3174,-0.28507,0.65594,1.2406,1.7995,2.0829,2.1137,1.8888,1.4082,0.87958,0.016105,-0.93829,-1.8475,-2.406,-2.8012,-2.7406,-2.4254,-1.7912,-1.039,-0.32129
-0.28731,0.19639,0.7302,1.1346,1.3674,1.6008,1.7938,1.8961,2.0202,2.117,2.1663,2.166,2.1024,1.9637,1.7922,1.473,1.0565,0.66197,0.043458,-0.71349,-1.6293,-2.4564,-3.8902,-5.9064,-8.1107,-12.66,-16.88,-12.401,-6.8138,-3.2019,-0.72426,0.62174,1.8957,2.6951,3.0316,3.1431,2.9367,2.4344,1.9043,1.0702,0.2288,-0.28498,-0.67102,-0.64942,-0.41939,0.054862,0.5849,1.0467,1.3464,1.6488,1.8121,1.8518,1.7746,1.554,1.3205,0.9372,0.48225,-0.0080881,-0.39352,-0.9341,-1.5325,-1.987,-2.6957,-3.4937,-4.4358,-5.2595,-6.489,-7.7019,-8.3528,-8.3994,-7.4457,-6.412,-5.0787,-4.0506,-3.4654,-3.3306,-3.5831,-4.4167,-5.4618,-7.5541,-10.444,-12.402,-11.751,-8.6554,-6.0067,-4.5624,-3.1778,-2.3606,-2.0212,-1.9333,-2.2278,-2.9281,-3.7105,-5.2276,-7.1077,-8.4205,-8.7761,-6.9369,-5.1047,-2.8631,-1.1061,0.21021,0.94161,1.6095,1.977,2.034,1.8753,1.3965,0.83791,-0.21747,-1.6608,-3.5213,-5.2463,-7.911,-10.739,-12.351,-12.861,-11.903,-10.664,-9.7967,-8.6999,-7.6671,-6.8866,-5.966,-5.2169,-4.8001,-4.4318,-4.2677,-4.3236,-4.508,-4.6522,-4.8021,-4.6952,-4.301,-3.6213,-2.8821,-1.8103,-0.6976,0.37148,1.0609,1.8248,2.373,2.6197,2.756,2.655,2.3269,1.9556,1.2614,0.38098,-0.45201,-1.8154,-3.5694,-5.2935,-8.0665,-10.81,-10.79,-8.9284,-6.5341,-4.8778,-4.061,-3.5625,-3.5738,-3.8114,-4.4571,-5.2016,-5.8592,-6.1672,-6.498,-6.3235,-6.2603,-6.1295,-6.0478,-6.2926,-6.5944,-7.3893,-8.7723,-10.198,-12.476,-12.951,-11.079,-7.7764,-5.054,-3.0355,-1.9198,-0.89711,-0.31374,-0.13045,-0.18949,-0.54119,-0.96262,-1.662,-2.4064,-3.0497,-3.3771,-3.4932,-3.2588,-2.8643,-2.1609,-1.3716,-0.58673
-1.531,-0.88074,-0.22309,0.25965,0.52886,0.79585,0.97846,1.0746,1.1649,1.2018,1.2081,1.1896,1.134,1.0447,0.96371,0.82276,0.65497,0.50962,0.26463,-0.043768,-0.45487,-0.83341,-1.4332,-2.1147,-2.6045,-3.0732,-3.0236,-2.5765,-1.5578,-0.34115,0.79226,1.5066,2.2558,2.7311,2.9308,2.9879,2.8287,2.4932,2.1534,1.6,0.99306,0.53597,-0.035141,-0.5282,-0.81372,-1.0608,-1.1237,-0.97051,-0.74848,-0.36279,0.035038,0.31094,0.55432,0.64697,0.59301,0.3787,-0.0095669,-0.55823,-1.0727,-1.8471,-2.7001,-3.3672,-4.1821,-4.856,-5.3096,-5.5043,-5.5868,-5.5263,-5.3752,-5.0252,-4.5677,-4.1971,-3.7423,-3.4615,-3.426,-3.6079,-4.2067,-5.29,-6.4872,-8.7065,-11.601,-13.495,-13.1,-10.464,-8.1378,-6.8386,-5.6538,-4.8974,-4.5659,-4.3325,-4.2613,-4.3572,-4.4475,-4.633,-4.7375,-4.7018,-4.4062,-3.8306,-3.2359,-2.3871,-1.5675,-0.84033,-0.40179,0.0080544,0.20978,0.19328,-0.076679,-0.64614,-1.3031,-2.5469,-4.2575,-6.6116,-8.8992,-13.019,-18.983,-24.348,-23.529,-20.38,-19.279,-18.742,-17.506,-15.232,-13.473,-11.373,-9.7848,-8.9415,-8.2415,-8.1363,-8.206,-8.8061,-9.6152,-10.602,-10.941,-10.307,-8.5382,-6.9243,-4.9248,-3.1902,-1.8376,-1.0417,-0.27538,0.1484,0.27136,0.13592,-0.26511,-0.90113,-1.4933,-2.2901,-3.0212,-3.4543,-3.8871,-4.2436,-4.4359,-4.6662,-4.7173,-4.4586,-4.1397,-3.5767,-3.0356,-2.7821,-2.5865,-2.6614,-2.9109,-3.3748,-4.035,-4.8552,-5.4832,-6.3384,-7.0546,-7.6502,-8.0566,-8.4061,-8.6441,-8.8281,-9.4764,-10.675,-12.076,-14.557,-15.129,-12.854,-9.1607,-6.2547,-4.1689,-3.0427,-2.0312,-1.5143,-1.4204,-1.6461,-2.2814,-3.0071,-4.3263,-5.9898,-7.7974,-8.8363,-9.0181,-7.7282,-6.3556,-4.5536,-2.9965,-1.7141
-2.2559,-1.7564,-1.3035,-1.0363,-0.92314,-0.84243,-0.82553,-0.81112,-0.81971,-0.84059,-0.87871,-0.92237,-0.992,-1.0612,-1.082,-1.0354,-0.8999,-0.72646,-0.43822,-0.11759,0.18551,0.37528,0.59171,0.7688,0.89414,1.09,1.3433,1.5886,1.9712,2.3642,2.7211,2.9377,3.1233,3.1843,3.1311,2.9556,2.6426,2.2103,1.8025,1.1552,0.37327,-0.31573,-1.3798,-2.6274,-3.6656,-5.0284,-5.9532,-5.8381,-5.1161,-3.7686,-2.4388,-1.6349,-0.8282,-0.34366,-0.19682,-0.28945,-0.68421,-1.399,-2.1411,-3.439,-5.0459,-6.446,-8.2856,-9.48,-9.3306,-8.5119,-7.139,-5.8488,-5.0171,-4.1037,-3.3888,-2.972,-2.5841,-2.3879,-2.3879,-2.5338,-2.9291,-3.5233,-4.0792,-4.9082,-5.6785,-6.125,-6.4641,-6.5266,-6.4508,-6.4275,-6.4929,-6.6483,-6.8044,-6.9186,-6.8505,-6.5239,-6.2179,-5.6561,-5.1215,-4.735,-4.2227,-3.733,-3.376,-2.918,-2.4611,-2.0404,-1.748,-1.417,-1.2161,-1.1436,-1.25,-1.5955,-2.0596,-2.9597,-4.2279,-5.8651,-7.3443,-9.5517,-11.906,-13.624,-15.828,-18.348,-22.178,-27.187,-28.391,-20.579,-17.072,-13.991,-11.989,-10.965,-10.19,-9.9863,-10.524,-11.159,-13.372,-17.637,-23.824,-21.434,-13.467,-9.981,-6.742,-4.5197,-2.9453,-2.0999,-1.3994,-1.1298,-1.2118,-1.722,-2.7325,-4.2714,-5.8022,-8.0985,-9.7435,-9.5384,-7.8795,-6.0583,-4.9036,-3.721,-2.8168,-2.1172,-1.7237,-1.304,-1.0501,-0.98505,-1.0575,-1.339,-1.7164,-2.4186,-3.4035,-4.7116,-5.9679,-7.8136,-10.293,-12.128,-13.747,-13.21,-11.372,-10.221,-8.9948,-8.1369,-7.7042,-7.1219,-6.3599,-5.6306,-4.4909,-3.335,-2.341,-1.7701,-1.2634,-1.0983,-1.2096,-1.6963,-2.6026,-3.6038,-5.4764,-8.2285,-12.584,-18.027,-19.948,-12.441,-9.0666,-6.0369,-3.9179,-2.3611
-2.2804,-2.254,-2.402,-2.7366,-3.0569,-3.4932,-3.8139,-3.9552,-4.0101,-3.9794,-4.0079,-4.1085,-4.3671,-4.7178,-4.9637,-5.0262,-4.5621,-3.862,-2.6099,-1.2778,-0.030353,0.79142,1.7104,2.4456,2.885,3.3566,3.7005,3.8883,4.0453,4.0944,4.0373,3.9231,3.6698,3.3269,3.0121,2.5339,2.0164,1.4562,0.99988,0.32829,-0.48803,-1.249,-2.5769,-4.4495,-6.4628,-10.681,-20.441,-18.828,-11.407,-6.5915,-3.7909,-2.3786,-1.1003,-0.3657,-0.096326,-0.095576,-0.48648,-1.2688,-2.1406,-3.7561,-6.0974,-8.55,-13.676,-24.498,-16.95,-11.888,-8.0758,-5.6558,-4.3771,-3.1182,-2.2382,-1.7763,-1.3674,-1.1471,-1.103,-1.1694,-1.3589,-1.661,-1.9477,-2.3717,-2.8566,-3.2457,-3.8099,-4.4697,-5.3031,-6.102,-7.4469,-9.2536,-10.83,-12.753,-12.998,-11.222,-9.6476,-7.8289,-6.5042,-5.7815,-5.1574,-4.8105,-4.7078,-4.6251,-4.5272,-4.2909,-3.9783,-3.4061,-2.7818,-2.3621,-1.9337,-1.7602,-1.8061,-2.1103,-2.7054,-3.5728,-4.3695,-5.6251,-7.0417,-8.1501,-9.711,-11.269,-12.634,-13.425,-13.848,-13.442,-12.896,-11.964,-11.048,-10.425,-9.7399,-9.143,-9.0295,-9.0428,-9.2347,-9.5095,-9.4057,-8.6927,-7.3022,-6.0489,-4.4481,-3.058,-1.9562,-1.3712,-0.87148,-0.73994,-0.91973,-1.5257,-2.68,-4.5391,-6.536,-10.396,-14.713,-13.334,-8.7228,-5.4687,-3.7718,-2.0805,-0.91275,-0.10857,0.3494,0.7208,0.88111,0.90168,0.71507,0.32865,-0.080113,-0.88222,-1.9694,-3.3658,-4.7585,-7.0691,-10.494,-13.811,-17.835,-14.89,-10.843,-8.648,-6.5004,-4.9643,-4.0432,-3.0088,-2.145,-1.5465,-0.83048,-0.22967,0.23422,0.46768,0.59685,0.50751,0.28536,-0.24391,-1.0227,-1.7781,-2.9647,-4.2866,-5.536,-6.1864,-6.4129,-5.8562,-5.1109,-3.9534,-2.833,-1.8334
-2.2891,-2.7969,-3.8485,-5.3657,-6.8076,-8.9109,-10.344,-10.428,-9.4358,-8.3502,-7.7281,-7.6749,-8.2546,-9.7635,-11.778,-16.016,-15.773,-11.208,-6.4004,-3.0326,-0.56697,0.8742,2.3662,3.4742,4.0926,4.6694,5.0047,5.1026,5.0462,4.7952,4.3514,3.897,3.1557,2.2706,1.5659,0.61012,-0.23323,-0.87235,-1.1827,-1.4515,-1.6617,-1.8684,-2.3195,-3.0173,-3.6633,-4.6353,-5.2427,-4.965,-4.1643,-2.7787,-1.4449,-0.59886,0.23395,0.7224,0.88152,0.84356,0.51263,-0.090727,-0.72659,-1.7791,-3.0352,-4.0517,-5.2641,-5.952,-5.7709,-5.1652,-4.0818,-2.9981,-2.3014,-1.5646,-1.047,-0.79635,-0.61363,-0.57629,-0.63944,-0.7191,-0.84748,-1.0003,-1.1341,-1.3516,-1.6461,-1.9374,-2.4525,-3.1704,-4.182,-5.1778,-6.9441,-9.4995,-12.177,-16.909,-17.71,-13.117,-10.488,-8.1297,-6.6505,-6.0628,-5.8107,-6.1552,-6.7842,-8.1205,-9.7797,-10.558,-9.7751,-7.5727,-5.335,-3.9912,-2.6159,-1.7026,-1.2671,-1.0039,-1.041,-1.351,-1.73,-2.4134,-3.2528,-3.9803,-5.0255,-6.1206,-7.245,-8.0916,-9.1721,-10.172,-10.796,-11.302,-11.177,-10.656,-9.5229,-8.3026,-7.1077,-6.5736,-5.7664,-5.0622,-4.6727,-3.9811,-3.2323,-2.6799,-1.887,-1.1282,-0.48036,-0.070475,0.33514,0.53601,0.54365,0.33234,-0.10144,-0.74465,-1.296,-1.9541,-2.2552,-2.1232,-1.5504,-0.70618,-0.052846,0.74844,1.3983,1.8731,2.1241,2.313,2.3571,2.2905,2.0839,1.7266,1.3626,0.74453,-0.029106,-0.95514,-1.6998,-2.8671,-4.0071,-4.5813,-5.0615,-4.8878,-4.1608,-3.4327,-2.4222,-1.4333,-0.74445,0.06258,0.76336,1.2129,1.7002,2.0588,2.2744,2.3415,2.2802,2.0509,1.7664,1.2522,0.58519,0.0081888,-0.82994,-1.678,-2.4322,-2.8878,-3.2811,-3.3713,-3.2661,-2.931,-2.4401,-1.8988
-2.3316,-3.022,-4.4946,-6.7696,-9.2298,-14.196,-21.277,-19.101,-13.782,-11.056,-9.7055,-9.2769,-9.2897,-9.8682,-10.51,-11.135,-10.112,-8.1313,-5.0021,-2.1954,0.087393,1.472,2.9295,3.9912,4.5617,5.0265,5.1892,5.1229,4.7936,4.1907,3.306,2.4514,1.0518,-0.70049,-2.2507,-4.6012,-6.956,-8.1789,-7.761,-6.213,-4.6066,-3.6298,-2.6471,-1.9886,-1.643,-1.2767,-0.94184,-0.56882,-0.23365,0.24028,0.69884,0.97557,1.2357,1.3496,1.3127,1.1164,0.77419,0.29104,-0.12959,-0.7551,-1.3592,-1.7427,-2.1359,-2.2952,-2.2288,-2.0576,-1.714,-1.3679,-1.1428,-0.98811,-1.0186,-1.1632,-1.5188,-2.0058,-2.4905,-2.7679,-2.9508,-2.8763,-2.7081,-2.4759,-2.3043,-2.2769,-2.4128,-2.7414,-3.2712,-3.7817,-4.6308,-5.5549,-6.183,-6.779,-6.8992,-6.5164,-6.0282,-5.4148,-5.0134,-4.955,-5.2573,-6.13,-7.229,-9.6082,-13.508,-17.507,-14.925,-9.8625,-6.3969,-4.5708,-2.7975,-1.566,-0.93908,-0.41555,-0.1884,-0.20134,-0.36343,-0.72071,-1.2435,-1.7444,-2.526,-3.4841,-4.6533,-5.7087,-7.4927,-9.9987,-12.664,-18.367,-22.303,-16.578,-11.379,-8.3829,-6.1875,-5.104,-4.0668,-3.3395,-2.9507,-2.5777,-2.2893,-2.0567,-1.694,-1.2491,-0.70912,-0.25626,0.30217,0.79387,1.0965,1.3615,1.4945,1.53,1.5104,1.4715,1.4867,1.5373,1.6608,1.8488,2.0052,2.1691,2.3083,2.3866,2.364,2.3061,2.1768,2.0112,1.7738,1.4823,1.2054,0.82354,0.40398,-0.086652,-0.43821,-0.94675,-1.2906,-1.5191,-1.6725,-1.5685,-1.2779,-0.95438,-0.39672,0.23027,0.69911,1.2983,1.8342,2.1596,2.4932,2.6981,2.7586,2.7052,2.5108,2.1608,1.796,1.1937,0.44513,-0.19841,-1.1672,-2.224,-3.3188,-4.1251,-5.0428,-5.6403,-5.7769,-5.5555,-4.9959,-4.3276
-1.8297,-2.2144,-3.0775,-4.3017,-5.3807,-6.8809,-8.1055,-8.7206,-9.1376,-9.3907,-9.5987,-9.6938,-9.5244,-8.877,-8.0949,-6.7214,-5.0865,-3.7462,-1.9217,-0.17868,1.3607,2.3409,3.3928,4.1284,4.4747,4.6713,4.5557,4.2773,3.6465,2.705,1.4591,0.31953,-1.5299,-3.7915,-5.883,-9.4657,-14.704,-19.317,-15.459,-10.393,-7.0861,-5.304,-3.5124,-2.1894,-1.4516,-0.66444,-0.094291,0.31383,0.52716,0.71586,0.78828,0.76687,0.64433,0.42445,0.19411,-0.22002,-0.73944,-1.3444,-1.829,-2.4717,-3.0346,-3.3246,-3.4728,-3.3251,-2.9559,-2.5998,-2.1398,-1.8001,-1.6803,-1.7549,-2.1858,-2.7871,-4.0321,-5.8278,-8.1082,-9.7284,-10.239,-8.6256,-7.1359,-5.5233,-4.4551,-3.9672,-3.6504,-3.6209,-3.7512,-3.916,-4.1522,-4.3105,-4.3716,-4.3461,-4.1779,-3.9616,-3.7543,-3.5563,-3.5215,-3.576,-3.8544,-4.3416,-4.8385,-5.5729,-6.1455,-6.2999,-6.0178,-5.2006,-4.0924,-3.2547,-2.2528,-1.4488,-1.0016,-0.59352,-0.40697,-0.40093,-0.49443,-0.72506,-1.045,-1.3185,-1.7653,-2.3184,-3.0321,-3.6992,-4.8454,-6.312,-7.5735,-9.1012,-9.4655,-8.6688,-6.8994,-5.2917,-4.0505,-3.2936,-2.852,-2.7955,-2.916,-3.4644,-4.2152,-4.7406,-5.195,-4.9499,-3.9943,-3.0859,-1.8385,-0.74553,-0.07583,0.64639,1.1531,1.4974,1.668,1.7983,1.8273,1.7997,1.7295,1.5955,1.4665,1.2547,0.98297,0.66924,0.41929,0.051797,-0.33105,-0.58699,-0.91746,-1.1782,-1.3181,-1.4765,-1.618,-1.7584,-1.931,-2.0929,-2.2889,-2.5129,-2.6246,-2.6289,-2.4437,-2.1336,-1.5455,-0.86403,-0.32964,0.34258,0.89125,1.2092,1.4884,1.5879,1.519,1.3556,1.0122,0.53007,0.084495,-0.64825,-1.5221,-2.2963,-3.5202,-5.039,-6.9782,-8.7784,-11.754,-14.92,-15.6,-13.336,-10.668,-8.6901
-0.81981,-0.89207,-1.2162,-1.784,-2.3521,-3.2456,-4.324,-5.2269,-6.7283,-8.7192,-11.601,-14.599,-17.479,-13.477,-10.011,-6.4709,-3.7897,-2.1439,-0.31504,1.1768,2.3601,3.0543,3.7325,4.1234,4.2162,4.0935,3.6775,3.1675,2.2223,0.98049,-0.53793,-1.8488,-3.8004,-5.8427,-7.3561,-9.0417,-10.106,-10.184,-9.6038,-8.1995,-6.5029,-5.248,-3.7482,-2.5028,-1.744,-0.99747,-0.50292,-0.2518,-0.21784,-0.35138,-0.6669,-0.9783,-1.4824,-2.0622,-2.5084,-3.1307,-3.8662,-4.7591,-5.6096,-6.9561,-8.4667,-9.4492,-9.6375,-8.4073,-6.5865,-5.3014,-3.9333,-2.9873,-2.5873,-2.4365,-2.7774,-3.4029,-4.8268,-7.1277,-10.666,-14.15,-15.389,-11.373,-8.9259,-6.838,-5.7192,-5.3313,-5.2585,-5.5592,-6.03,-6.3513,-6.4774,-6.2229,-5.8337,-5.1505,-4.4444,-3.8195,-3.4742,-3.1259,-2.9456,-2.9315,-3.0617,-3.3188,-3.5789,-3.9206,-4.1856,-4.2924,-4.2199,-3.9282,-3.4741,-3.0377,-2.479,-2.0134,-1.7529,-1.583,-1.624,-1.8685,-2.1226,-2.5009,-2.7629,-2.8155,-2.7024,-2.4438,-2.1855,-2.0534,-1.9765,-2.0074,-2.0436,-2.0543,-1.9289,-1.7273,-1.3958,-1.0271,-0.896,-0.90636,-1.205,-1.9327,-2.8543,-4.6404,-7.4197,-10.68,-18.521,-17.624,-10.442,-7.3896,-4.6895,-2.9087,-1.9367,-0.97049,-0.30184,0.12008,0.30804,0.40068,0.31669,0.16206,-0.16317,-0.6148,-1.0291,-1.6153,-2.2932,-3.0457,-3.5975,-4.4239,-5.2572,-5.7932,-6.3828,-6.6562,-6.5634,-6.2357,-5.8064,-5.3919,-5.2313,-5.2214,-5.669,-6.0925,-6.8922,-7.6952,-7.8131,-7.2379,-5.8591,-4.2596,-3.1764,-2.0224,-1.215,-0.82319,-0.58448,-0.63017,-0.91479,-1.249,-1.8339,-2.5065,-3.038,-3.7942,-4.5976,-5.2678,-6.3022,-7.6045,-9.3207,-11,-13.864,-17.032,-17.697,-15.372,-12.655,-10.785
-0.24345,-0.12939,-0.16028,-0.38991,-0.69054,-1.2583,-2.0413,-2.7855,-4.032,-5.6671,-7.6736,-9.1939,-10.07,-8.4439,-6.4644,-3.9272,-1.8092,-0.49833,0.92182,2.0116,2.8133,3.2314,3.5441,3.5923,3.4552,3.0217,2.312,1.5802,0.33245,-1.2216,-3.1378,-4.8334,-7.4426,-10.455,-12.889,-15.496,-15.546,-13.49,-11.685,-9.3689,-7.3465,-6.0168,-4.4984,-3.3057,-2.6082,-1.9907,-1.7118,-1.774,-2.0383,-2.6981,-3.6667,-4.5545,-5.8454,-7.0078,-7.6461,-8.1029,-8.3379,-8.8036,-9.5017,-11.278,-14.63,-19.228,-23.543,-14.644,-9.7931,-7.4024,-5.1856,-3.6997,-2.9568,-2.4098,-2.2785,-2.4306,-2.9092,-3.6386,-4.4417,-4.9394,-5.2799,-5.2559,-5.1213,-5.014,-5.2224,-5.6708,-6.7637,-8.5341,-11.205,-13.662,-15.508,-13.166,-10.743,-8.1754,-6.3911,-5.1204,-4.4824,-3.9155,-3.6208,-3.6073,-3.7827,-4.1871,-4.6005,-5.2654,-5.9957,-6.581,-6.7926,-6.6176,-6.0022,-5.3745,-4.5135,-3.83,-3.5148,-3.4436,-3.8221,-4.7286,-5.8005,-7.6211,-9.1628,-9.0962,-7.1833,-4.8485,-2.9121,-1.78,-0.62518,0.20873,0.67058,1.1359,1.4609,1.6304,1.7459,1.7407,1.5644,1.2192,0.61655,-0.28414,-1.233,-2.8089,-4.7217,-6.2839,-8.0023,-8.392,-7.486,-6.5412,-5.3989,-4.4433,-3.8584,-3.2471,-2.7601,-2.4387,-2.333,-2.3885,-2.6675,-3.039,-3.7807,-4.7013,-5.4765,-6.6068,-7.7184,-8.8085,-9.7347,-11.119,-12.836,-14.559,-17.1,-18.301,-17.115,-14.117,-11.595,-9.9264,-9.0318,-8.6979,-9.0565,-9.8172,-12.223,-17.388,-48.22,-19.398,-11.691,-7.8246,-5.9887,-4.3694,-3.4606,-3.1669,-3.2098,-3.6804,-4.5267,-5.3457,-6.5849,-7.8045,-8.5897,-9.2593,-9.6227,-9.764,-9.9074,-10.099,-10.384,-10.649,-11.009,-11.234,-11.226,-10.956,-10.577,-10.31
-0.83482,-0.60109,-0.42269,-0.37487,-0.41606,-0.57524,-0.82583,-1.0858,-1.484,-1.9025,-2.2434,-2.3711,-2.2807,-1.8159,-1.3016,-0.46506,0.40245,0.99933,1.6662,2.1633,2.4757,2.577,2.5269,2.2537,1.9127,1.2353,0.30193,-0.56423,-1.9769,-3.7275,-5.8401,-7.7025,-10.642,-14.275,-17.696,-22.589,-21.721,-17.137,-14.293,-11.276,-8.857,-7.3612,-5.7377,-4.5125,-3.8577,-3.3406,-3.2372,-3.5559,-4.1121,-5.3272,-7.1952,-9.2057,-13.032,-18.739,-21.401,-16.878,-13.416,-11.594,-10.858,-10.513,-10.522,-10.426,-9.8976,-8.7485,-7.2158,-6.0544,-4.6697,-3.5407,-2.8627,-2.2049,-1.8034,-1.6403,-1.585,-1.673,-1.8583,-2.0323,-2.2786,-2.5724,-2.866,-3.3849,-4.1483,-4.9417,-6.3993,-8.4092,-11.155,-13.541,-15.231,-13.369,-11.33,-9.0649,-7.4661,-6.346,-5.7876,-5.3274,-5.1642,-5.245,-5.601,-6.3101,-7.0966,-8.6249,-10.884,-14.108,-16.737,-16.433,-12.523,-10.038,-7.5636,-5.9559,-5.2102,-4.7847,-5.0135,-5.9853,-7.3545,-10.322,-14.538,-14.518,-9.5646,-5.5834,-2.8488,-1.3247,0.20164,1.3075,1.9205,2.5202,2.9083,3.0774,3.1604,3.0588,2.8313,2.4878,1.916,1.1674,0.47971,-0.56254,-1.6993,-2.5812,-3.6912,-4.6537,-5.4981,-6.0922,-6.816,-7.3209,-7.4786,-7.3389,-6.8526,-6.3013,-6.0385,-6.0107,-6.4432,-7.0871,-8.453,-10.354,-12.002,-14.444,-16.239,-16.913,-17.235,-17.829,-18.996,-20.374,-23.15,-24.636,-22.183,-17.962,-14.663,-12.341,-11.005,-9.9734,-9.42,-9.3417,-9.7222,-10.239,-10.188,-9.5502,-8.1252,-6.6708,-5.7699,-4.9631,-4.6687,-4.8082,-5.4654,-6.6957,-8.5963,-10.518,-13.805,-17.828,-20.449,-20.383,-18.368,-16.998,-15.474,-14.198,-13.102,-12.341,-11.529,-10.858,-10.495,-10.139,-10.017,-10.203
-2.0989,-1.8011,-1.4879,-1.225,-1.0557,-0.83794,-0.62453,-0.47119,-0.27111,-0.054538,0.16576,0.34079,0.61146,0.91006,1.1447,1.448,1.711,1.8571,1.9646,1.9576,1.8246,1.6389,1.2747,0.76419,0.2666,-0.53982,-1.5437,-2.4462,-3.8578,-5.5448,-7.4852,-9.1221,-11.487,-13.974,-15.662,-17.14,-17.11,-15.563,-13.809,-11.354,-9.0733,-7.582,-5.9576,-4.7535,-4.126,-3.6372,-3.5582,-3.8994,-4.4518,-5.5554,-7.153,-8.7132,-11.089,-13.379,-14.155,-13.321,-11.65,-10.214,-9.3748,-8.496,-7.8132,-7.3736,-6.7332,-6.032,-5.2672,-4.6745,-3.8621,-3.1203,-2.6178,-2.0109,-1.5165,-1.2231,-0.94269,-0.7756,-0.71829,-0.73775,-0.85932,-1.0913,-1.35,-1.8293,-2.459,-3.053,-3.988,-5.0451,-6.0959,-6.7697,-7.3796,-7.6263,-7.5761,-7.3559,-7.0733,-6.8448,-6.6472,-6.5325,-6.5461,-6.6132,-6.9057,-7.4607,-8.0997,-9.3566,-11.143,-13.396,-14.824,-14.403,-11.693,-9.594,-7.2615,-5.5178,-4.5704,-3.7277,-3.3057,-3.2354,-3.3334,-3.511,-3.4551,-3.1296,-2.2508,-1.0847,0.13545,0.9666,1.9216,2.6854,3.1341,3.576,3.855,3.9628,3.9847,3.8504,3.5926,3.3559,2.8468,2.1906,1.6433,0.79653,-0.205,-1.0554,-2.3022,-3.7624,-5.5605,-7.2604,-10.221,-14.411,-17.729,-16.239,-12.307,-9.7642,-8.6694,-8.0389,-8.2779,-9.0249,-10.771,-13.673,-16.938,-24.181,-37.814,-25.688,-22.866,-21.483,-21.275,-21.323,-20.835,-19.519,-18.056,-15.79,-13.472,-11.359,-10.165,-8.6471,-7.551,-7.012,-6.3806,-5.8384,-5.3157,-4.9466,-4.4442,-4.0147,-3.7924,-3.7471,-4.0361,-4.5178,-5.5854,-7.2038,-9.503,-11.749,-15.602,-20.456,-23.803,-24.792,-24.144,-23.663,-21.982,-19.108,-16.273,-14.47,-12.54,-11.103,-10.314,-9.5808,-9.2201,-9.2037
-3.488,-3.3133,-3.1121,-2.8663,-2.5922,-2.0612,-1.3796,-0.78538,0.014526,0.75825,1.4083,1.8193,2.2562,2.5429,2.68,2.7252,2.6147,2.4391,2.0949,1.6372,1.0922,0.65081,0.034752,-0.61046,-1.1455,-1.9332,-2.8597,-3.6794,-4.9364,-6.375,-8.0613,-9.5372,-11.821,-14.859,-18.042,-26.164,-28.164,-17.925,-13.913,-10.213,-7.5215,-5.9432,-4.3173,-3.1657,-2.5836,-2.1446,-2.077,-2.3607,-2.7668,-3.5445,-4.5181,-5.2942,-6.2851,-7.0357,-7.404,-7.5392,-7.3373,-6.9377,-6.6195,-6.181,-5.7842,-5.5481,-5.244,-4.92,-4.5589,-4.2376,-3.724,-3.1161,-2.6395,-1.9985,-1.3826,-0.97366,-0.50038,-0.12721,0.14448,0.2755,0.34163,0.29074,0.182,-0.082568,-0.48991,-0.87995,-1.4982,-2.2217,-2.9903,-3.5785,-4.4044,-5.2159,-5.8053,-6.5743,-7.2611,-7.8083,-8.0621,-8.1155,-7.9139,-7.6912,-7.4369,-7.3011,-7.3232,-7.4472,-7.6153,-7.6739,-7.521,-6.9654,-5.9769,-5.086,-3.7931,-2.5698,-1.7527,-0.82275,-0.08502,0.47657,0.81926,1.2125,1.5954,1.9044,2.3632,2.8507,3.3422,3.6842,4.083,4.4021,4.5847,4.7471,4.8213,4.824,4.7488,4.615,4.3501,4.1135,3.7105,3.1949,2.7279,2.0048,1.1615,0.45053,-0.64687,-1.9552,-3.5537,-5.0021,-7.2794,-9.8044,-11.159,-10.807,-8.9412,-7.2237,-6.3342,-5.7918,-5.8765,-6.3784,-7.569,-9.2773,-10.83,-13.098,-15.035,-16.555,-17.477,-19.532,-23.138,-28.52,-28.36,-20.708,-17.171,-13.575,-10.861,-8.7943,-7.4158,-5.9718,-4.822,-4.0619,-3.1918,-2.4765,-1.9204,-1.5672,-1.2181,-1.0147,-0.99521,-1.1631,-1.5928,-2.0988,-3.0662,-4.4028,-6.111,-7.6415,-9.9434,-12.499,-14.575,-17.595,-21.576,-25.803,-26.195,-19.948,-15.768,-13.508,-11.289,-9.6402,-8.6595,-7.6838,-6.9942,-6.5708
-4.9243,-5.3114,-6.0566,-6.7701,-6.8079,-5.7429,-3.7702,-2.1866,-0.26656,1.2902,2.4957,3.1785,3.8012,4.1285,4.1754,3.9858,3.5059,2.9611,2.0026,0.83961,-0.3935,-1.2408,-2.12,-2.6779,-2.9494,-3.3738,-4.0008,-4.6355,-5.6876,-6.8784,-8.0203,-8.7793,-9.671,-10.514,-11.055,-11.448,-10.746,-8.8815,-7.1426,-4.9412,-3.0492,-1.8938,-0.69229,0.1468,0.53736,0.75762,0.64787,0.23766,-0.23492,-1.1035,-2.1258,-2.9254,-3.9598,-4.764,-5.1079,-5.2606,-5.1345,-4.83,-4.5878,-4.3875,-4.3574,-4.434,-4.7452,-5.1709,-5.5141,-5.5697,-5.2684,-4.4793,-3.705,-2.6646,-1.7198,-1.0949,-0.3823,0.20356,0.68659,0.98224,1.302,1.5111,1.5823,1.5586,1.3733,1.133,0.66505,0.034495,-0.76586,-1.4824,-2.5956,-3.8932,-5.0598,-6.9126,-9.2235,-11.71,-13.229,-12.889,-10.83,-9.3811,-7.823,-6.8048,-6.3151,-5.9033,-5.6194,-5.2792,-4.8839,-4.0756,-2.9641,-1.9921,-0.66694,0.60638,1.48,2.5115,3.3657,4.0506,4.4597,4.896,5.2195,5.4177,5.6146,5.7568,5.8293,5.853,5.8294,5.7406,5.6403,5.4778,5.3023,5.1759,5.0197,4.8797,4.7338,4.5243,4.2633,3.925,3.581,3.0141,2.3935,1.905,1.2154,0.52337,-0.12866,-0.57919,-1.1059,-1.4642,-1.5707,-1.4382,-1.0915,-0.67407,-0.42882,-0.29118,-0.42449,-0.70822,-1.3708,-2.3012,-3.1394,-4.3909,-5.7526,-7.2273,-8.4441,-10.223,-12.05,-13.032,-13.029,-11.494,-9.948,-7.9594,-6.2405,-4.7356,-3.7969,-2.6907,-1.6395,-0.89405,-0.090698,0.60894,1.203,1.5898,1.968,2.1863,2.2341,2.149,1.8622,1.5005,0.83713,-0.047459,-1.1474,-2.1092,-3.5392,-5.0902,-6.3153,-7.9224,-9.3456,-10.11,-10.477,-10.142,-9.3773,-8.6997,-7.7384,-6.7236,-5.9759,-4.9906,-4.0741,-3.2879
-6.1513,-6.9879,-9.2356,-14.118,-23.562,-13.857,-6.5045,-3.2214,-0.14208,2.0362,3.5619,4.3753,5.0714,5.3707,5.3222,4.9174,4.089,3.1405,1.3381,-1.2275,-4.7989,-8.071,-10.353,-8.0998,-6.3821,-5.1928,-5.1363,-5.7596,-7.4923,-10.108,-12.418,-12.01,-9.5747,-7.1785,-5.7594,-4.1555,-2.7281,-1.3669,-0.3926,0.83608,1.8894,2.5382,3.1905,3.5723,3.6833,3.5698,3.1647,2.4549,1.6872,0.36136,-1.3757,-2.9604,-5.4133,-7.7413,-8.5225,-7.7195,-6.0669,-4.6785,-3.9548,-3.4901,-3.6036,-4.0718,-5.3184,-7.4919,-10.837,-13.743,-13.228,-9.2586,-6.86,-4.6108,-3.1524,-2.3877,-1.6641,-1.0787,-0.49467,-0.011742,0.66684,1.297,1.6696,1.9999,2.1106,2.0243,1.682,1.1002,0.26991,-0.50695,-1.699,-3.1473,-4.436,-6.5672,-9.419,-13.423,-16.78,-15.369,-11.07,-8.7262,-6.7609,-5.7195,-5.4176,-5.6264,-6.3623,-7.1768,-7.2232,-5.8086,-3.3957,-1.4987,0.70269,2.5291,3.6584,4.857,5.7479,6.3843,6.7115,6.9837,7.0975,7.0913,6.985,6.7841,6.4912,6.2079,5.7435,5.1787,4.6982,4.0332,3.4357,3.1049,2.9132,2.9262,3.1476,3.3041,3.3363,3.1616,2.8967,2.371,1.6989,1.1831,0.68231,0.55121,0.8307,1.2349,1.8654,2.5336,3.0277,3.642,4.1897,4.6165,4.8336,5.0007,4.9627,4.8156,4.4512,3.8912,3.352,2.5434,1.624,0.64355,-0.12656,-1.1118,-1.9777,-2.4407,-2.8004,-2.8491,-2.7632,-2.4874,-2.1133,-1.64,-1.285,-0.64325,0.060153,0.58272,1.3722,2.157,2.8998,3.3616,3.8806,4.2504,4.4351,4.5353,4.4781,4.3259,3.9905,3.5173,2.913,2.3809,1.5568,0.63666,-0.1022,-1.1153,-2.1234,-2.8545,-3.8198,-4.7577,-5.6282,-6.2167,-6.5872,-6.2593,-5.491,-4.05,-2.5396,-1.1964
-7.5114,-7.0944,-6.7608,-6.4478,-5.9303,-4.5835,-2.6354,-1.0906,0.78859,2.3214,3.4815,4.1109,4.6454,4.8278,4.7544,4.3427,3.5385,2.6507,1.0212,-1.2394,-4.1778,-6.5366,-8.0453,-6.7013,-5.4172,-4.3289,-4.1931,-4.733,-6.345,-9.0181,-11.573,-10.733,-7.2129,-4.1508,-2.3762,-0.52675,0.91044,2.0571,2.7538,3.5091,4.0676,4.3621,4.5833,4.5914,4.4576,4.0845,3.4714,2.5875,1.7005,0.20915,-1.8112,-3.8222,-7.5689,-13.153,-15.824,-11.194,-7.2797,-4.9828,-3.9668,-3.2725,-3.2563,-3.7081,-4.847,-6.6858,-9.1273,-10.728,-10.808,-8.8593,-7.4361,-6.2109,-5.7138,-5.8265,-6.4247,-7.0653,-6.8071,-5.7628,-3.8799,-2.135,-1.0939,-0.15524,0.31657,0.37216,0.091906,-0.56094,-1.5296,-2.4116,-3.6854,-4.9319,-5.725,-6.5258,-7.0192,-7.2255,-7.1989,-6.6734,-5.8122,-5.1374,-4.4531,-4.2112,-4.4508,-5.4891,-7.7818,-12.418,-17.73,-11.394,-5.2088,-2.1907,0.68007,2.6983,3.8197,4.8898,5.5692,5.9136,5.9858,5.8622,5.5522,5.216,4.6987,4.1187,3.509,2.9847,2.148,1.0519,-0.0089628,-1.8562,-4.108,-5.5964,-5.8282,-4.1104,-2.2701,-1.0724,-0.25217,-0.099321,-0.39101,-1.3135,-3.0263,-4.8586,-7.3983,-7.2661,-4.2575,-1.9434,0.59683,2.5381,3.6981,4.9296,5.8802,6.5854,6.9755,7.3104,7.4516,7.4245,7.243,6.9015,6.5521,5.9614,5.2564,4.4681,3.8382,2.9803,2.1186,1.476,0.63392,-0.18948,-0.79706,-1.6212,-2.4387,-3.2403,-3.5711,-3.687,-3.2712,-2.5907,-1.3254,-0.052337,1.0795,1.7823,2.5577,3.1329,3.4432,3.7088,3.8476,3.8948,3.8713,3.7676,3.5839,3.3895,3.0431,2.5791,2.1558,1.4454,0.5587,-0.26339,-1.6389,-3.4812,-6.1336,-9.0652,-15.925,-18.602,-11.651,-6.5492,-3.4974,-1.4869
-9.5802,-8.0184,-6.2711,-4.8112,-3.7942,-2.4863,-1.2285,-0.36079,0.68058,1.5401,2.1898,2.5199,2.7786,2.8402,2.7801,2.5406,2.1337,1.7273,1.0748,0.32482,-0.4075,-0.85391,-1.199,-1.2343,-1.1496,-1.0264,-1.0181,-1.1239,-1.36,-1.608,-1.5761,-1.2838,-0.59754,0.32236,1.0445,1.9209,2.6599,3.2241,3.538,3.7969,3.8956,3.8639,3.6843,3.3688,3.0402,2.5008,1.8436,1.0709,0.43957,-0.52552,-1.5904,-2.4659,-3.5516,-4.4034,-4.6725,-4.4788,-3.8963,-3.2571,-2.8728,-2.5892,-2.5934,-2.7871,-3.2719,-3.9141,-4.5917,-4.9994,-5.3434,-5.5714,-5.7445,-6.1797,-7.1365,-8.4143,-11.351,-17.439,-22.313,-14.313,-8.7101,-5.5575,-4.044,-2.7797,-2.2229,-2.1827,-2.6071,-3.5985,-5.1746,-6.7836,-9.569,-12.498,-13.344,-11.666,-9.2845,-7.3247,-6.0973,-4.8173,-3.8137,-3.2317,-2.6548,-2.3631,-2.3433,-2.5327,-2.8646,-3.0841,-2.9186,-2.0948,-0.77597,0.3119,1.6602,2.7452,3.3324,3.8154,3.9476,3.7126,3.3028,2.4529,1.2929,0.30095,-1.0344,-2.1085,-2.7546,-3.0188,-3.3749,-4.0664,-4.9956,-7.0346,-10.437,-13.93,-14.206,-9.5527,-6.3016,-4.7153,-3.4343,-2.9399,-3.0563,-3.8831,-5.4978,-7.3285,-10.075,-9.8036,-6.12,-3.4315,-0.57914,1.6201,2.9433,4.3756,5.4827,6.3321,6.8195,7.2631,7.5175,7.5809,7.5055,7.2676,6.9919,6.4832,5.8401,5.0698,4.4183,3.4598,2.3986,1.5258,0.2588,-1.1652,-2.3441,-4.1602,-6.4127,-9.4487,-12.362,-16.994,-14.562,-10.762,-7.2019,-4.6842,-2.912,-1.8908,-0.95938,-0.37559,-0.11743,0.093836,0.22781,0.3437,0.56986,0.87025,1.2016,1.4297,1.669,1.7684,1.726,1.4838,0.99986,0.46213,-0.49668,-1.7917,-3.4113,-4.7563,-6.2431,-6.5416,-5.8011,-4.2493,-2.8008,-1.6996
-10.149,-8.395,-6.3275,-4.5868,-3.4675,-2.2144,-1.2153,-0.6187,-0.051659,0.28349,0.40047,0.37395,0.22824,0.043623,-0.1,-0.20631,-0.19574,-0.13622,-0.017128,0.14068,0.31623,0.46872,0.71039,0.97768,1.1944,1.4562,1.6895,1.843,2.0149,2.1872,2.3786,2.5462,2.8121,3.091,3.2788,3.4834,3.5874,3.5696,3.4721,3.2175,2.8181,2.4238,1.7842,1.0445,0.44828,-0.36047,-1.1056,-1.7196,-2.0508,-2.366,-2.5409,-2.5963,-2.5964,-2.527,-2.4551,-2.2832,-2.0666,-1.88,-1.7898,-1.7796,-1.8973,-2.042,-2.348,-2.7262,-3.1292,-3.4386,-3.8182,-4.2008,-4.5127,-4.9836,-5.6145,-6.1694,-6.9504,-7.4943,-7.4132,-6.8397,-5.721,-4.5764,-3.895,-3.2907,-3.1056,-3.2348,-3.7943,-4.8369,-6.4252,-8.0495,-11.048,-14.722,-15.675,-12.553,-9.1136,-6.5146,-5.0186,-3.4908,-2.3277,-1.6394,-0.94532,-0.4426,-0.15358,0.13648,0.39271,0.67986,0.95383,1.4008,1.9311,2.3248,2.8028,3.138,3.2494,3.1648,2.7438,1.933,1.0155,-0.7033,-3.1646,-5.6816,-10.419,-15.897,-13.663,-10.678,-8.2492,-7.0503,-6.6976,-6.625,-6.7622,-6.7834,-6.5239,-5.7563,-4.9178,-4.436,-3.8081,-3.477,-3.4091,-3.557,-3.7937,-3.911,-3.829,-3.2773,-2.2496,-1.2631,0.18694,1.6283,2.6324,3.8202,4.8171,5.6208,6.0904,6.561,6.8389,6.9357,6.9034,6.6914,6.4142,5.9101,5.2471,4.4235,3.7115,2.6115,1.3604,0.30829,-1.2194,-2.919,-4.2889,-6.3053,-8.5658,-11.044,-12.779,-14.411,-13.534,-11.732,-9.1307,-7.0278,-5.5365,-4.7743,-4.2324,-4.1691,-4.4047,-4.997,-5.6652,-5.9438,-5.5612,-4.3811,-2.9032,-1.8492,-0.66909,0.21992,0.68296,1.0676,1.1897,1.1303,0.86286,0.43304,-0.082513,-0.46009,-0.88351,-1.1243,-1.1722,-1.1448,-1.1095,-1.1814
-9.8534,-7.8209,-5.5969,-3.828,-2.7768,-1.7051,-1.0013,-0.69611,-0.60011,-0.87707,-1.5213,-2.2129,-3.3526,-4.5062,-5.1189,-5.2277,-4.5533,-3.7696,-2.6501,-1.5726,-0.58452,0.098744,0.93575,1.6886,2.2043,2.823,3.3492,3.6825,4.0436,4.33,4.52,4.6071,4.6619,4.6195,4.5193,4.2879,3.9262,3.4292,2.9528,2.1908,1.2614,0.45697,-0.7642,-2.1769,-3.3543,-4.9984,-6.5141,-7.3696,-7.3644,-6.5203,-5.3332,-4.4376,-3.4536,-2.6514,-2.1852,-1.7414,-1.4711,-1.3496,-1.3577,-1.4784,-1.72,-1.9721,-2.3566,-2.7818,-3.2016,-3.4983,-3.8512,-4.0783,-4.1831,-4.2509,-4.2284,-4.1701,-4.0518,-3.8529,-3.5541,-3.2899,-2.928,-2.6385,-2.4971,-2.4892,-2.6708,-2.9565,-3.5041,-4.1766,-4.9271,-5.4775,-6.069,-6.2811,-6.1128,-5.4202,-4.3636,-3.18,-2.3172,-1.2997,-0.45288,0.064154,0.61908,1.0523,1.32,1.6298,1.9199,2.2261,2.4629,2.7962,3.1256,3.3449,3.5537,3.6132,3.539,3.2232,2.617,1.6727,0.70945,-0.9688,-3.1666,-5.1693,-8.1187,-10.331,-10.332,-9.3753,-8.0231,-6.969,-6.3715,-5.7821,-5.3151,-4.9932,-4.5909,-4.1824,-3.8156,-3.6308,-3.4895,-3.4832,-3.534,-3.5896,-3.614,-3.5242,-3.2211,-2.6474,-1.8074,-1.0508,0.077309,1.2307,2.065,3.094,4.0028,4.7544,5.2076,5.676,5.9588,6.0534,6.0272,5.8143,5.5301,4.995,4.2723,3.3682,2.5712,1.346,-0.062707,-1.2428,-2.9996,-4.9351,-6.4995,-8.6208,-10.464,-11.541,-11.934,-11.522,-10.406,-9.2904,-7.9614,-6.8056,-5.9804,-5.6922,-5.7069,-6.3462,-7.3291,-9.6631,-14.154,-21.539,-19.998,-11.135,-6.7556,-4.5233,-2.3502,-0.78482,0.10113,0.96885,1.546,1.8138,1.9789,1.9815,1.853,1.6996,1.4381,1.1531,0.91716,0.55391,0.10665,-0.5031
-7.0948,-5.4669,-3.6862,-2.2612,-1.4372,-0.64766,-0.23388,-0.19282,-0.49869,-1.2963,-2.6962,-4.2664,-7.3353,-12.49,-19.563,-18.925,-11.67,-8.784,-6.1983,-4.2926,-2.6537,-1.5124,-0.085455,1.2123,2.08,3.0908,3.9187,4.4135,4.9248,5.2584,5.4367,5.4687,5.362,5.0964,4.7931,4.23,3.492,2.5675,1.7494,0.49028,-0.94215,-2.1194,-3.8444,-5.8245,-7.5842,-10.701,-15.872,-30.954,-21.188,-12.639,-8.4671,-6.4181,-4.4651,-3.151,-2.4456,-1.8523,-1.589,-1.5908,-1.7408,-2.1,-2.6138,-3.0984,-3.803,-4.5522,-5.2931,-5.781,-6.2613,-6.4095,-6.2413,-5.6943,-4.8823,-4.2278,-3.3759,-2.6348,-2.0371,-1.7054,-1.4224,-1.3596,-1.4705,-1.8468,-2.4699,-3.0751,-3.9625,-4.7476,-5.2022,-5.2279,-4.8057,-4.067,-3.4085,-2.4842,-1.5605,-0.72234,-0.17211,0.44282,0.88514,1.1076,1.2953,1.3796,1.4035,1.4566,1.5835,1.824,2.0805,2.4946,2.9176,3.2141,3.506,3.6475,3.6265,3.4059,2.9574,2.2548,1.5631,0.43872,-0.8868,-1.9512,-3.3672,-4.61,-5.5672,-6.0646,-6.4806,-6.5758,-6.4261,-6.0078,-5.4211,-4.9651,-4.3796,-4.0278,-3.8091,-3.7163,-3.9473,-4.3937,-4.8672,-5.57,-6.2417,-6.5739,-6.4769,-5.6841,-4.4002,-3.2869,-1.8253,-0.46441,0.45985,1.5591,2.4937,3.2614,3.7372,4.2091,4.5254,4.6398,4.6331,4.437,4.1627,3.5939,2.8023,1.8023,0.89894,-0.44145,-1.9759,-3.2127,-5.0948,-7.3241,-9.4492,-13.136,-18.874,-23.805,-18.924,-13.631,-10.426,-8.7481,-7.0713,-5.9247,-5.2159,-4.9742,-5.0433,-5.5557,-6.2258,-7.4263,-8.7042,-9.3197,-9.0295,-7.5023,-5.5194,-4.0771,-2.3474,-0.88671,0.034888,1.0301,1.7671,2.157,2.4925,2.6258,2.5865,2.456,2.1917,1.8301,1.506,1.0317,0.49189,-0.13319
