 	TP9	AF7	AF8	TP10	
-1000.00000	-3.49634	3.18031	-3.80506	-5.69615
-996.09375	-3.91827	3.91880	-3.44872	-2.92462
-992.18750	-8.09338	2.15396	-5.56403	-6.66449
-988.28125	-11.38447	-0.15804	-2.62284	-5.20808
-984.37500	-9.93242	-0.73844	-2.57898	-1.04347
-980.46875	-9.03204	-3.24844	-3.48271	-4.69977
-976.56250	-8.41129	-2.19469	-1.97893	-6.32340
-972.65625	-9.83633	-0.32227	-5.16671	-8.16388
-968.75000	-4.95006	-0.52474	-6.10163	-6.95368
-964.84375	-4.55630	-1.85787	-2.86754	-4.98594
-960.93750	-9.31422	-3.62118	-2.73794	-7.71303
-957.03125	-12.07911	-4.67508	-3.33391	-11.35743
-953.12500	-16.01364	-5.22376	-3.18010	-14.13139
-949.21875	-14.25065	-2.91798	-2.74156	-13.93832
-945.31250	-8.45940	-0.96310	-1.52921	-10.50500
-941.40625	-4.74864	0.85286	0.44549	-6.67243
-937.50000	-4.04170	-1.10318	0.54836	-5.12811
-933.59375	-3.65535	-1.26662	-1.61804	-5.63045
-929.68750	0.60475	3.13819	-3.42444	-5.21503
-925.78125	1.32284	2.75004	-2.99899	-8.33559
-921.87500	-2.99340	1.30834	-3.60179	-10.43857
-917.96875	-4.84776	2.47815	-4.83439	-10.59736
-914.06250	-6.60454	2.68600	-6.12038	-13.28440
-910.15625	-6.71949	1.12307	-5.73512	-13.42636
-906.25000	-3.01404	0.81792	-1.63865	-8.15107
-902.34375	-0.42520	0.96765	-1.98538	-6.11456
-898.43750	-4.02097	2.04076	-2.55576	-10.83715
-894.53125	-5.11447	1.39790	-1.77701	-11.30556
-890.62500	-4.79301	1.91615	-3.22917	-8.35806
-886.71875	-6.56326	2.90944	-3.89847	-9.55233
-882.81250	-10.74635	0.23261	-4.77867	-10.62034
-878.90625	-12.03731	2.01784	-3.89473	-11.07939
-875.00000	-12.47881	2.52669	-6.31486	-12.98888
-871.09375	-13.35694	-2.13788	-5.98132	-13.38398
-867.18750	-14.56423	-4.27371	-4.14039	-14.15462
-863.28125	-12.20171	-2.51013	-5.53490	-13.88077
-859.37500	-12.67690	-2.63647	-6.01382	-14.67290
-855.46875	-16.99910	-3.40436	-8.30994	-14.51816
-851.56250	-16.79057	-2.23661	-9.34890	-14.28895
-847.65625	-17.01993	-4.44717	-6.66481	-13.20824
-843.75000	-15.22530	-5.74571	-4.37559	-10.30533
-839.84375	-12.18915	-2.25413	-2.85202	-11.20406
-835.93750	-8.60597	-0.23944	-3.58691	-11.87986
-832.03125	-5.62426	-1.84650	-4.11484	-11.41572
-828.12500	-1.70298	-0.36189	-4.12798	-7.73452
-824.21875	1.02658	2.77243	-5.08724	-8.16680
-820.31250	-0.00105	2.56932	-5.71848	-13.75605
-816.40625	-2.61426	-1.50647	-4.10519	-10.86772
-812.50000	-2.92438	-1.86792	-3.33091	-7.36680
-808.59375	-5.34382	-1.92364	-5.22635	-9.52172
-804.68750	-8.51843	-2.40443	-6.59279	-14.86546
-800.78125	-11.57285	-0.25383	-4.94160	-15.87883
-796.87500	-15.54273	0.04828	-4.62390	-15.90956
-792.96875	-9.49351	0.11714	-6.99643	-14.63338
-789.06250	-5.77996	0.13419	-7.54466	-11.72470
-785.15625	-9.20998	0.07808	-7.68567	-13.07802
-781.25000	-5.40410	-1.85871	-4.95294	-11.12273
-777.34375	-6.29098	-2.82622	-4.33476	-7.65979
-773.43750	-12.03180	-4.35193	-7.05187	-8.23290
-769.53125	-12.27791	-4.26252	-5.04080	-7.49761
-765.62500	-13.13826	-2.27241	-5.14461	-5.62832
-761.71875	-14.13472	-3.45442	-5.34900	-5.12644
-757.81250	-6.28716	-4.08500	-3.63782	-3.43929
-753.90625	-2.07515	-2.38068	-3.49580	-1.46063
-750.00000	-5.89880	-1.01203	-3.35759	-4.50030
-746.09375	-2.57662	-3.41327	-2.19566	-5.41427
-742.18750	2.52517	-3.42934	-2.50344	-3.12701
-738.28125	1.39156	-0.90629	-3.73934	-3.24325
-734.37500	0.23255	-2.83255	-4.38506	-5.59673
-730.46875	0.46522	-1.79983	-4.10804	-7.57133
-726.56250	1.11799	-2.13705	-2.87071	-6.79916
-722.65625	0.25070	-3.39571	-1.65484	-9.15314
-718.75000	-1.38656	-2.15353	-3.42835	-11.49928
-714.84375	0.53507	-2.88577	-6.09143	-12.17714
-710.93750	1.57814	-1.38799	-5.68153	-11.47583
-707.03125	-4.47303	-3.28036	-5.56075	-12.60810
-703.12500	-8.47014	-5.77183	-4.41558	-11.51988
-699.21875	-5.35501	-3.79660	-3.50847	-7.25060
-695.31250	1.25239	-3.34513	-4.18046	-6.69343
-691.40625	-0.14007	-3.80616	-3.24367	-6.94885
-687.50000	1.60180	-4.02408	-3.41867	-5.51999
-683.59375	3.75916	-2.09690	-1.92238	-3.37821
-679.68750	-0.84419	1.82112	-2.36616	-6.20688
-675.78125	-0.43356	0.62613	-2.67917	-5.25864
-671.87500	2.16326	-0.99518	-2.43578	-2.05055
-667.96875	1.61325	-0.33971	-3.29703	-4.47741
-664.06250	4.70128	-0.83307	-1.83268	-5.68230
-660.15625	4.89144	1.00086	-1.61178	-2.72354
-656.25000	5.55209	3.38842	-1.98803	-1.42215
-652.34375	4.86404	1.00122	-3.25778	-0.00562
-648.43750	3.21678	-3.10782	-3.98940	2.19984
-644.53125	2.00913	-3.59352	-3.34214	-0.30211
-640.62500	-3.46142	-2.63102	-2.85543	-3.64694
-636.71875	-7.78574	-3.51885	-3.71577	-10.08785
-632.81250	-6.13760	-2.24915	-4.90306	-9.27599
-628.90625	-7.68982	-2.25641	-3.48328	-6.04248
-625.00000	-7.94628	-1.91803	-2.82622	-9.80465
-621.09375	-3.74350	-1.01572	0.35077	-10.58581
-617.18750	2.26504	-0.75354	2.21349	-7.88090
-613.28125	8.24596	1.34250	1.09076	-3.26778
-609.37500	11.60512	-1.00967	1.03978	-2.21247
-605.46875	13.91708	-1.85172	-0.69039	-5.98828
-601.56250	17.74222	1.01168	-1.66318	-7.01811
-597.65625	15.55835	-0.40238	-3.53843	-9.30230
-593.75000	8.93278	-3.13140	-3.00410	-10.58828
-589.84375	7.10970	-0.57718	-2.10715	-8.87848
-585.93750	5.14267	-0.17253	-4.18978	-6.98870
-582.03125	-2.66976	-3.39877	-2.85301	-5.43297
-578.12500	-8.19835	-4.47856	-0.41927	-6.69132
-574.21875	-5.68548	-4.79052	-0.66575	-5.44789
-570.31250	-4.25068	-5.79437	-2.85208	-5.49450
-566.40625	-6.46838	-3.73134	-4.46237	-8.78061
-562.50000	-10.98928	-3.77110	-3.62195	-8.64995
-558.59375	-12.59496	-4.92234	-6.15567	-10.92213
-554.68750	-13.44545	-5.24566	-8.00967	-13.63192
-550.78125	-13.61032	-6.58853	-6.43446	-11.40463
-546.87500	-13.66549	-4.87418	-5.13737	-10.56287
-542.96875	-11.65197	-2.12073	-5.17938	-10.62514
-539.06250	-10.12326	-1.33011	-5.83702	-10.70825
-535.15625	-9.91250	1.95130	-5.29007	-9.34981
-531.25000	-7.26722	2.68119	-5.60218	-7.67359
-527.34375	-5.97306	-0.78172	-4.60566	-6.29616
-523.43750	-7.07773	-0.86587	-5.10894	-6.52372
-519.53125	-9.24497	-0.14759	-7.11700	-7.65675
-515.62500	-9.99215	-1.33002	-7.41311	-7.10336
-511.71875	-5.76799	-0.54916	-5.59393	-3.97383
-507.81250	-5.14980	-1.52847	-4.07865	-2.43243
-503.90625	-2.91076	-2.02217	-4.62055	-5.61477
-500.00000	-2.30640	-1.37439	-5.96452	-8.21102
-496.09375	-6.83316	-1.79191	-5.91458	-4.87430
-492.18750	-8.70732	-2.98280	-5.60365	-0.30650
-488.28125	-9.18127	-0.26588	-5.57355	-2.19973
-484.37500	-11.24142	2.87091	-4.11890	-7.49679
-480.46875	-11.87276	-2.59226	-2.78118	-8.74045
-476.56250	-6.88027	-5.07371	-3.61248	-7.49279
-472.65625	-4.39701	-0.99266	-4.01946	-6.74537
-468.75000	-4.77022	0.18450	-1.03410	-6.81155
-464.84375	-4.27015	-2.30491	-1.59134	-8.14315
-460.93750	-5.71195	-3.80088	-3.20696	-9.64524
-457.03125	-6.90935	-3.51846	-2.92177	-6.49314
-453.12500	-6.53439	-0.62226	-4.86973	-5.96453
-449.21875	-1.58676	-1.38693	-4.16207	-6.19939
-445.31250	3.09204	-5.86591	-4.29286	-4.33384
-441.40625	3.27991	-2.98552	-4.42076	-4.47617
-437.50000	3.55698	-0.75118	-3.03391	-3.48218
-433.59375	3.82150	-2.67655	-3.72124	-3.20115
-429.68750	3.99684	-2.16050	-2.06569	-0.77033
-425.78125	2.38163	-1.36659	1.07080	-0.10175
-421.87500	1.80374	-1.35519	0.83038	-0.88717
-417.96875	4.37259	-1.60587	-0.32002	-0.46993
-414.06250	2.49749	-3.93124	-1.37842	-1.27461
-410.15625	3.11736	-4.15157	0.01539	0.20396
-406.25000	6.08726	-2.50799	-0.41118	2.53399
-402.34375	5.57061	-3.34240	1.26449	0.71961
-398.43750	3.19264	-8.09605	2.40213	-1.07788
-394.53125	4.80734	-7.20566	-1.86851	-3.00319
-390.62500	8.67022	-1.31654	-1.14343	-4.08559
-386.71875	8.56634	-1.23281	-2.29464	-3.68354
-382.81250	5.71348	-0.88900	-1.10430	-1.66986
-378.90625	6.46401	-1.28295	2.31413	1.14569
-375.00000	6.72460	-3.63424	1.66013	3.70412
-371.09375	4.13764	-2.92311	2.11253	2.07272
-367.18750	-0.25513	-4.79525	-0.95588	-1.83595
-363.28125	0.21492	-5.27786	-3.05355	-1.60887
-359.37500	3.70960	-2.52099	-1.79074	0.16134
-355.46875	2.61048	-1.67721	-1.26638	2.33047
-351.56250	-1.61353	-3.33009	-0.29059	0.94774
-347.65625	-4.66374	-3.52607	1.99060	-0.38938
-343.75000	-4.07812	-4.82464	-0.15236	0.49868
-339.84375	-0.23643	-4.55666	0.96838	4.03187
-335.93750	3.34646	-2.54201	2.65112	6.57931
-332.03125	8.34259	-0.52284	0.91446	7.44615
-328.12500	7.42849	-1.45593	2.51310	8.30656
-324.21875	-3.54169	0.06661	2.35981	0.62132
-320.31250	-11.41924	0.26636	0.92279	-10.20619
-316.40625	-23.29998	-4.21254	-0.28436	-26.65872
-312.50000	-26.02774	-1.75348	-0.71880	-33.23117
-308.59375	-29.65615	3.02596	-2.61423	-35.78916
-304.68750	-41.69547	4.96263	-6.80105	-46.37106
-300.78125	-49.18228	4.69551	-7.16442	-58.26371
-296.87500	-58.79354	3.38582	-4.02623	-67.56200
-292.96875	-73.29400	0.63408	-1.56347	-78.37393
-289.06250	-74.81882	-0.15485	1.11185	-81.10635
-285.15625	-76.23447	-2.62871	2.17975	-79.63935
-281.25000	-83.30796	-2.95397	2.09208	-82.92228
-277.34375	-82.58351	-1.90698	1.90443	-85.50349
-273.43750	-79.05717	-4.23865	0.79908	-83.65929
-269.53125	-76.48309	-6.16398	2.81023	-80.10374
-265.62500	-73.71735	-6.99446	5.52707	-72.19070
-261.71875	-69.87888	-5.35607	4.91981	-68.06261
-257.81250	-64.85213	-3.97213	3.00469	-64.76386
-253.90625	-57.41686	-3.07389	2.34091	-55.53275
-250.00000	-53.58511	-4.52588	-2.35603	-49.70818
-246.09375	-47.44268	-6.52422	-2.80577	-42.56376
-242.18750	-37.10300	-7.74923	-0.29303	-34.63573
-238.28125	-29.37235	-6.43506	-0.32010	-27.09647
-234.37500	-26.90524	-4.33209	-1.77162	-23.40623
-230.46875	-17.80832	-3.70244	-2.70335	-19.73996
-226.56250	-7.48540	-5.65150	-4.28646	-16.55036
-222.65625	-10.77064	-6.10451	-4.27927	-12.86064
-218.75000	-10.79657	-6.47425	-4.03802	-12.38657
-214.84375	-2.83133	-4.78908	-5.08930	-11.85591
-210.93750	-1.78865	-4.09736	-3.87344	-6.31964
-207.03125	-1.79634	-5.58697	-5.76721	-2.21407
-203.12500	3.07063	-5.66109	-7.84535	0.88859
-199.21875	5.78243	-6.10361	-5.72932	4.75473
-195.31250	7.15138	-6.86109	-6.80415	4.90874
-191.40625	8.17615	-6.11346	-5.46421	7.47349
-187.50000	9.91764	-3.51106	-4.02741	10.51370
-183.59375	10.46300	-3.59876	-4.54573	8.22298
-179.68750	10.29158	-4.91897	-3.78058	9.82639
-175.78125	12.71668	-4.50246	-4.89928	12.38616
-171.87500	9.67221	-6.12399	-7.47612	13.98233
-167.96875	11.53949	-5.46875	-7.93426	15.18168
-164.06250	11.40383	-4.35063	-6.46977	12.76787
-160.15625	13.20537	-4.53154	-5.44277	13.30880
-156.25000	18.70095	-4.96467	-6.62466	15.81887
-152.34375	18.81854	-6.94919	-6.68543	15.62346
-148.43750	18.78281	-8.23778	-5.80520	16.61994
-144.53125	18.78381	-5.90311	-6.76946	17.74422
-140.62500	17.74535	-3.73199	-7.89434	16.01099
-136.71875	17.45016	-4.61987	-7.94868	16.82261
-132.81250	21.11271	-3.75328	-8.32998	19.64878
-128.90625	23.58949	-1.34306	-7.71589	20.46441
-125.00000	23.33277	-1.40771	-5.84996	19.92550
-121.09375	25.11771	-2.52024	-4.68747	20.75591
-117.18750	24.67920	-3.46698	-1.61579	21.84888
-113.28125	23.00422	-4.59445	-2.73835	20.01502
-109.37500	27.16908	-4.12623	-6.41556	19.45857
-105.46875	29.88387	-1.74495	-6.13087	18.90612
-101.56250	24.44149	-0.89634	-8.71516	17.47335
-97.65625	16.21353	-4.32519	-6.56088	20.02425
-93.75000	10.39378	-7.05431	-2.80299	21.96173
-89.84375	11.39116	-7.32067	-3.51755	21.25392
-85.93750	11.03571	-6.91610	-4.39124	17.50264
-82.03125	11.28165	-6.51612	-3.86028	10.19382
-78.12500	13.81143	-4.37260	-6.26156	10.54717
-74.21875	12.69769	-3.07301	-8.11965	10.17879
-70.31250	10.50598	-3.27108	-6.67944	4.89404
-66.40625	9.09396	-2.41698	-7.08083	4.42843
-62.50000	9.81096	-4.06857	-5.43440	5.36483
-58.59375	6.99630	-3.60829	-4.74460	5.91306
-54.68750	6.54859	-3.93165	-2.16628	6.82959
-50.78125	9.60698	-5.27462	-4.62019	5.02748
-46.87500	15.59556	-3.56035	-7.35230	6.27197
-42.96875	16.40005	-1.20995	-5.37964	5.80660
-39.06250	10.67588	1.59523	-7.24591	5.32046
-35.15625	10.88644	-1.16737	-7.50474	7.88750
-31.25000	9.90509	-2.45230	-7.81674	8.35469
-27.34375	6.76671	-2.28888	-7.62596	9.73187
-23.43750	9.69106	-1.56726	-6.51739	11.51876
-19.53125	11.95581	-2.05788	-6.91357	11.99728
-15.62500	13.22302	-3.64336	-6.80671	9.73008
-11.71875	11.80589	-4.47429	-5.39035	8.83021
-7.81250	11.61789	-4.64782	-5.88966	11.17730
-3.90625	13.85669	-5.14161	-6.43150	12.02420
0.00000	10.02855	-6.10561	-5.35778	8.21904
3.90625	8.32203	-2.89688	-5.30774	5.10868
7.81250	5.23877	-2.87909	-4.99679	4.03519
11.71875	1.94401	-6.20622	-5.36950	1.73877
15.62500	-1.32531	-4.68121	-3.91477	1.67963
19.53125	-3.97168	-4.10051	-4.18865	0.83867
23.43750	-2.60592	-5.37331	-3.81111	1.68302
27.34375	-4.15239	-5.72463	-0.99454	2.83309
31.25000	-1.70544	-6.15918	-2.03839	2.36368
35.15625	0.80903	-3.81354	-3.40148	5.46393
39.06250	-0.63311	-1.68323	-3.00234	5.17034
42.96875	-2.23369	-5.02735	-3.52294	1.06940
46.87500	-1.45614	-5.35472	-6.67963	0.38896
50.78125	3.08826	-5.31363	-6.77775	1.36256
54.68750	7.76673	-5.36055	-6.10263	2.01901
58.59375	16.81872	-6.50956	-5.82757	1.87637
62.50000	23.54237	-4.27531	-6.45523	4.88472
66.40625	24.61242	-0.55972	-5.93375	7.58306
70.31250	21.16108	-1.25255	-3.06934	9.20774
74.21875	12.69570	-2.87630	-2.75324	9.47312
78.12500	7.68527	-4.07370	-3.79946	8.68746
82.03125	5.82156	-5.93619	-5.75556	9.50741
85.93750	4.75207	-8.26157	-7.61973	10.71715
89.84375	2.14822	-7.67621	-7.03177	10.18084
93.75000	1.49142	-4.82393	-5.84660	10.49599
97.65625	3.79504	-3.64377	-4.57375	9.08427
101.56250	1.81972	-2.75645	-3.43609	5.67489
105.46875	1.01657	-3.07496	-2.06559	3.74937
109.37500	2.86467	-3.22985	-3.75801	5.89023
113.28125	3.96938	-2.34035	-4.10333	7.09789
117.18750	2.32503	-2.39957	-2.10709	3.47045
121.09375	3.07523	-4.00233	-5.53845	1.45061
125.00000	2.93261	-5.95079	-5.78939	1.99417
128.90625	2.76302	-4.83676	-5.73991	1.57129
132.81250	3.60799	-3.08263	-5.18194	2.09468
136.71875	2.06312	-4.77408	-4.05611	3.12734
140.62500	-1.69515	-2.01733	-5.61377	4.09146
144.53125	-4.00331	-2.78538	-7.50685	2.63395
148.43750	-3.79536	-8.46764	-6.93391	0.44514
152.34375	-5.23409	-3.42560	-5.05555	1.52533
156.25000	-4.64875	-1.09790	-5.58675	1.60733
160.15625	-2.82200	-6.47100	-5.67474	-1.70942
164.06250	-3.26882	-5.66522	-4.79779	0.03197
167.96875	-0.69065	-4.45197	-6.53432	-1.51887
171.87500	-0.79925	-3.77346	-9.36786	-6.29965
175.78125	-3.71123	-5.07153	-8.31231	-3.91180
179.68750	0.49879	-4.46899	-7.73456	-2.65151
183.59375	3.52622	-2.90393	-8.53864	-1.77813
187.50000	-1.61940	-3.26546	-7.76418	-1.50094
191.40625	-0.81579	-4.12716	-4.42142	-2.44733
195.31250	2.05303	-2.99643	-2.96715	-1.34449
199.21875	1.01282	-0.84604	-2.52460	-3.56702
203.12500	2.68343	-4.17052	-3.41555	-4.00108
207.03125	5.50880	-5.71353	-6.99670	-2.72529
210.93750	2.77489	-4.08492	-9.96232	-5.86094
214.84375	-0.25267	-2.12668	-8.49142	-3.58833
218.75000	-0.47656	-0.03439	-8.57908	1.18714
222.65625	-1.76688	-3.01676	-10.78123	2.63504
226.56250	0.14752	-3.73683	-6.64841	3.67331
230.46875	1.10973	-0.82705	-4.23431	1.99062
234.37500	1.45763	-3.26938	-4.74089	0.23312
238.28125	6.50461	-3.24275	-6.15396	0.33170
242.18750	6.69607	-2.26184	-8.47189	2.01861
246.09375	0.02857	-3.78121	-4.30050	1.98222
250.00000	-1.37796	-4.42742	-4.56504	0.95686
253.90625	-2.48849	-6.02295	-5.82058	1.25128
257.81250	-5.84865	-6.44221	-4.11360	0.31473
261.71875	-6.17678	-4.32233	-4.54347	0.60107
265.62500	-4.11283	-3.42824	-5.18908	1.87358
269.53125	-3.47768	-5.61918	-4.91191	0.70447
273.43750	-5.24295	-4.34486	-5.28615	-0.53831
277.34375	-0.87264	-2.38037	-5.68189	-0.07219
281.25000	2.32479	-1.94426	-5.03767	0.40177
285.15625	3.44013	-0.66208	-6.89474	-1.88817
289.06250	1.25925	-3.59679	-8.09642	-0.38138
292.96875	-6.00119	-4.28048	-7.57254	3.32113
296.87500	-3.55187	-1.13109	-8.84479	3.60314
300.78125	-2.45171	-3.18532	-7.93761	1.02228
304.68750	-3.50034	-2.33104	-4.17729	-0.03252
308.59375	-0.46099	0.43123	-4.85208	3.33798
312.50000	0.87732	-0.59261	-4.62413	3.96041
316.40625	-2.60688	-0.68019	-4.33657	2.47526
320.31250	-7.61371	-0.79162	-5.58609	0.45198
324.21875	-11.63591	0.43077	-7.91360	-3.03255
328.12500	-12.26317	0.01808	-7.26716	-3.04850
332.03125	-12.00794	-2.55010	-7.32252	-4.26720
335.93750	-11.33810	-2.64067	-10.29030	-5.87563
339.84375	-10.34278	-3.22451	-9.26341	-4.93226
343.75000	-6.05638	-2.85177	-6.01317	-1.61686
347.65625	0.10472	-1.20985	-3.25354	3.82826
351.56250	3.29205	-2.09552	-0.35872	9.65937
355.46875	10.94822	-4.19309	-0.92016	14.81243
359.37500	4.67121	-2.02195	-7.28316	7.03477
363.28125	-7.71225	0.71645	-10.56103	-1.01852
367.18750	-2.43828	2.79177	-9.33069	0.59857
371.09375	7.69387	2.78433	-5.09027	9.06962
375.00000	9.85439	1.51085	-6.04488	12.55966
378.90625	8.81842	3.21884	-8.91166	8.15164
382.81250	8.37947	1.86912	-5.03422	7.63254
386.71875	7.50997	1.54750	-8.57436	7.00707
390.62500	7.24220	1.20983	-13.46042	6.85318
394.53125	6.33022	-0.03533	-8.74354	7.10627
398.43750	6.93144	1.61914	-6.49273	6.47898
402.34375	9.17937	2.21967	-6.35314	7.82074
406.25000	11.82087	1.90813	-6.22171	9.75789
410.15625	11.60920	3.25343	-5.72754	9.85559
414.06250	12.05937	1.24038	-7.00419	8.11864
417.96875	13.11092	-2.79186	-9.69660	3.63008
421.87500	12.01415	-2.26013	-9.27737	3.17722
425.78125	8.48255	-0.96051	-9.12080	3.61445
429.68750	3.87305	-3.17332	-8.48641	2.35870
433.59375	3.66955	-3.93102	-7.27602	3.50452
437.50000	1.96876	-3.97089	-8.45009	2.02309
441.40625	3.18316	-6.73404	-10.17784	-1.05528
445.31250	5.55573	-8.66921	-10.42001	0.66684
449.21875	4.18168	-6.78882	-11.66511	2.08796
453.12500	4.12616	-4.26869	-11.17376	1.31764
457.03125	8.55693	-1.91833	-9.20107	4.88145
460.93750	10.48827	-1.53072	-10.66443	6.40970
464.84375	11.10167	-3.48752	-10.52028	6.55901
468.75000	7.70260	-2.75782	-10.02638	8.63783
472.65625	9.39933	0.22605	-8.62674	7.59726
476.56250	16.75572	-0.26116	-7.11518	7.36935
480.46875	15.79686	-0.75178	-6.70544	7.44479
484.37500	18.67566	-1.12848	-7.00138	8.80379
488.28125	20.07890	-0.75060	-7.19669	9.51552
492.18750	13.04095	0.28457	-5.68129	8.23604
496.09375	6.01216	-1.01511	-5.01428	8.67979
500.00000	5.40726	-3.59087	-7.96984	4.87443
503.90625	4.90937	-3.60553	-6.71104	3.77861
507.81250	3.43765	-3.99067	-5.99710	3.51083
511.71875	0.54567	-4.90035	-7.17561	2.82602
515.62500	2.91733	-3.37538	-7.33258	5.99012
519.53125	5.91191	-3.60057	-10.42691	3.53728
523.43750	1.63648	-3.66457	-11.66102	-0.45355
527.34375	-0.71599	-2.40422	-12.87369	-1.72121
531.25000	-3.10437	-5.25642	-12.30579	-2.19075
535.15625	-0.99303	-8.95481	-8.43065	4.13286
539.06250	6.83201	-7.63045	-8.03151	13.91243
542.96875	-0.81271	-2.51298	-10.16379	3.76739
546.87500	-9.30268	-0.01990	-11.70865	-9.80685
550.78125	-2.74379	-1.18761	-13.01550	-7.22157
554.68750	0.72584	-0.42861	-13.95202	-4.14765
558.59375	0.91329	1.64576	-15.28857	-5.49909
562.50000	-2.03354	2.67123	-17.52795	-8.13190
566.40625	-4.99293	3.16330	-18.21511	-11.88055
570.31250	-6.42978	3.67914	-18.57402	-13.47940
574.21875	-5.62790	3.26410	-18.25781	-9.99067
578.12500	-1.37106	2.46957	-16.48337	-5.13540
582.03125	2.00322	1.00991	-15.21602	-3.91256
585.93750	1.73950	-2.52433	-14.25962	-4.31465
589.84375	1.15028	-1.93897	-14.47740	-1.22461
593.75000	3.71677	0.51033	-12.08335	0.29925
597.65625	4.81146	-1.53295	-12.82508	-1.51542
601.56250	2.83599	-3.06335	-16.11952	-1.70148
605.46875	4.04738	-1.36722	-15.55485	-0.40363
609.37500	8.71570	-1.11929	-12.41196	2.94592
613.28125	10.62611	-1.84159	-9.13084	5.76524
617.18750	7.77284	-1.09495	-9.55209	2.13767
621.09375	9.32878	-1.08608	-9.35694	-3.91155
625.00000	11.60362	-1.42284	-9.60783	-2.96510
628.90625	10.62803	-1.92057	-7.14056	1.04421
632.81250	7.04072	-2.18111	-6.17959	3.98511
636.71875	4.28685	-1.85801	-7.06832	6.22650
640.62500	9.39284	0.49580	-9.43175	6.38470
644.53125	10.30795	1.33937	-10.51892	4.12124
648.43750	8.50108	0.49220	-8.73713	2.33520
652.34375	8.67395	-1.31560	-6.45579	3.41533
656.25000	7.24440	-3.82308	-5.37514	2.28834
660.15625	5.04177	-3.95811	-3.44836	0.98616
664.06250	4.19186	-2.74951	-4.18300	3.13035
667.96875	3.54645	-3.95386	-11.56048	1.57926
671.87500	1.82595	-3.27540	-11.97633	1.63347
675.78125	3.34600	-1.35005	-7.29439	4.82693
679.68750	3.12352	-0.74755	-8.73119	2.86351
683.59375	0.10676	-1.19724	-10.34117	2.12486
687.50000	-0.60683	-3.57354	-8.35789	1.59595
691.40625	1.00240	-5.24116	-7.43262	2.66397
695.31250	1.05053	-3.70754	-5.97838	4.57240
699.21875	-1.19877	-3.97482	-6.34166	5.97603
703.12500	1.27742	-4.88178	-7.63554	3.52711
707.03125	7.32593	-2.79855	-7.99321	2.38514
710.93750	11.44166	-4.79643	-8.54117	5.69624
714.84375	16.06953	-4.85281	-7.47317	5.55118
718.75000	17.86004	-3.96937	-5.14318	5.89425
722.65625	14.55480	-5.74300	-5.33064	8.55075
726.56250	8.81325	-3.64261	-6.43587	6.36529
730.46875	4.13424	-6.37393	-6.84221	3.87652
734.37500	2.87021	-8.01042	-6.13991	6.95400
738.28125	1.47005	-6.37220	-5.13537	7.45533
742.18750	3.67591	-3.37673	-5.84156	7.12737
746.09375	10.30488	-0.46392	-5.69938	8.70253
750.00000	14.13623	-0.30436	-3.14340	10.49750
753.90625	13.42842	0.92058	-3.99596	7.97121
757.81250	12.88862	-0.30463	-5.91535	7.03444
761.71875	11.75441	-1.81115	-3.92764	9.73814
765.62500	12.60941	-1.72304	-2.55852	13.83099
769.53125	14.45314	-2.70523	-0.66963	13.46751
773.43750	12.28476	-2.23679	-0.64091	12.22451
777.34375	10.61095	0.13063	-3.45425	9.86994
781.25000	8.97304	1.77541	-4.42168	7.52314
785.15625	10.89402	-0.16585	-2.24952	9.26226
789.06250	14.35404	0.52575	-3.04818	9.15715
792.96875	11.12265	1.85663	-2.92722	6.41266
796.87500	8.73663	2.18542	-3.39363	6.29148
800.78125	7.41892	2.14576	-5.70974	6.12803
804.68750	6.37006	-0.22351	-5.97865	5.07298
808.59375	4.57404	-0.68477	-5.04159	1.99642
812.50000	5.10636	1.91758	-4.41061	4.63352
816.40625	1.62203	-0.58774	-4.92878	6.37167
820.31250	-6.20546	-3.51985	-5.77523	3.54252
824.21875	-4.18373	-1.08872	-4.07335	3.28143
828.12500	0.83003	0.11016	-3.02379	1.25081
832.03125	-0.92941	-1.65228	-3.07900	1.64392
835.93750	-4.28889	-4.16058	-4.03200	2.85605
839.84375	-2.89068	-1.92400	-3.81079	0.57608
843.75000	-0.21600	-0.74557	-5.79850	0.66816
847.65625	2.31869	0.49324	-6.66515	-0.33348
851.56250	2.68545	0.01036	-5.78483	-0.54614
855.46875	4.29763	-1.68441	-5.94316	1.78657
859.37500	6.48205	-0.31930	-4.65029	1.26171
863.28125	2.96287	0.80732	-3.89871	0.46117
867.18750	0.98402	-3.96725	-4.68290	-1.54812
871.09375	1.84867	-2.36307	-6.88927	-3.55330
875.00000	0.78562	1.60148	-5.42619	-0.86916
878.90625	1.36123	-0.31699	-5.06952	0.36373
882.81250	3.74275	-2.47259	-6.43004	-0.96124
886.71875	8.51415	-0.77968	-4.32911	1.23371
890.62500	9.85794	2.10596	-3.97700	2.28853
894.53125	3.70769	1.66664	-5.30398	-0.68199
898.43750	5.51756	0.90341	-5.06772	0.30223
902.34375	8.97400	2.30969	-4.12220	0.43497
906.25000	8.79462	3.60976	-1.97603	-0.04573
910.15625	11.80607	5.35793	0.53287	2.87227
914.06250	11.45008	4.95655	-0.34079	3.95565
917.96875	8.87493	1.73004	-0.21263	3.09321
921.87500	10.59829	1.85883	-0.19623	5.86352
925.78125	13.91615	2.75543	-0.84551	8.71795
929.68750	12.93255	1.75136	1.40062	7.05886
933.59375	14.34029	2.60537	-0.20945	5.38374
937.50000	16.66834	2.16248	-0.57758	6.72239
941.40625	13.04711	2.62274	0.11228	5.25523
945.31250	13.40445	4.71684	-0.53271	3.35047
949.21875	14.44739	3.37379	2.25154	5.57686
953.12500	10.76485	1.46155	1.93704	6.41766
957.03125	9.95684	0.58847	3.90979	7.96609
960.93750	16.31972	1.37889	6.47590	11.50833
964.84375	18.14116	1.03374	4.20254	8.83646
968.75000	13.53261	2.56924	3.48767	4.87059
972.65625	8.78170	2.32964	1.66394	6.24688
976.56250	5.25826	-0.17227	0.35496	3.19772
980.46875	4.70173	0.94879	0.76470	0.04894
984.37500	9.19169	0.57204	2.88630	5.03364
988.28125	12.20604	-0.25895	5.10861	7.35641
992.18750	9.59981	1.17921	3.80354	4.86760
996.09375	7.40562	1.08826	0.44131	5.31079
1000.00000	6.80036	1.73587	1.11215	5.53422
1003.90625	7.10795	3.33281	-0.85239	4.43789
1007.81250	6.03881	3.35057	-2.95890	2.55797
1011.71875	6.77285	1.23209	-1.31688	4.29030
1015.62500	8.74116	1.14529	0.94379	4.63355
1019.53125	6.49733	0.51715	3.08752	6.20969
1023.43750	5.44510	1.25889	3.46517	10.68004
1027.34375	9.13646	2.11627	3.86419	9.00927
1031.25000	9.97147	0.87570	2.41746	9.34540
1035.15625	6.84462	-0.80804	1.05453	7.61026
1039.06250	7.01393	-1.49831	2.25955	8.52528
1042.96875	10.24816	1.20141	2.94785	14.09440
1046.87500	11.02537	-1.14070	3.41758	14.21959
1050.78125	11.13721	-4.72612	3.31954	14.38714
1054.68750	17.02417	1.67383	0.77135	17.86389
1058.59375	28.09057	8.18035	-5.40042	21.34744
1062.50000	27.96406	7.19102	-4.81927	20.72914
1066.40625	14.93127	2.04201	4.16392	15.36866
1070.31250	8.65913	-1.47153	10.25189	12.15797
1074.21875	8.25206	-7.12475	12.58272	15.24374
1078.12500	9.68824	-12.35162	11.13362	21.30772
1082.03125	12.25650	-12.60257	10.78927	22.53048
1085.93750	10.38085	-10.89880	12.95447	23.33710
1089.84375	13.41780	-9.91062	14.34842	27.23290
1093.75000	14.37247	-10.28191	13.92197	25.53330
1097.65625	12.24365	-9.50477	12.77729	19.68932
1101.56250	14.29749	-5.79712	10.69156	16.27982
1105.46875	15.10588	-3.69818	8.03283	15.16018
1109.37500	15.34207	-4.65914	6.34051	20.12155
1113.28125	13.22325	-4.57563	5.59234	22.53803
1117.18750	14.80234	-4.23206	3.96226	22.53701
1121.09375	15.55261	-3.01450	4.56033	21.72607
1125.00000	16.61899	-3.35138	4.71240	22.26993
1128.90625	18.46417	-5.46097	4.76203	19.83271
1132.81250	18.90652	-5.72162	5.32013	18.34175
1136.71875	19.37655	-4.99567	4.43145	17.76314
1140.62500	16.42433	-3.85076	2.87396	13.89239
1144.53125	11.29585	-2.20136	3.39850	14.44979
1148.43750	10.69808	0.17484	6.38910	13.06700
1152.34375	15.30346	-1.63313	6.25285	15.75913
1156.25000	19.91822	-3.73775	7.73644	22.28812
1160.15625	17.31288	-2.66407	10.06612	22.59788
1164.06250	17.26908	-1.05259	8.52555	22.32469
1167.96875	18.23551	-3.46591	7.99789	22.78855
1171.87500	16.51509	-4.80220	6.77622	23.24587
1175.78125	11.58829	-2.87694	5.01134	20.79849
1179.68750	8.94829	-2.27452	3.57450	20.84983
1183.59375	5.12568	-6.35060	3.17339	18.90249
1187.50000	3.20322	-9.12987	5.15674	15.55316
1191.40625	4.40957	-6.76830	6.88788	12.59189
1195.31250	4.86066	-6.84641	6.32760	8.85940
1199.21875	10.26716	-4.69614	3.94972	4.62197
1203.12500	11.93756	-3.58847	3.05891	3.78483
1207.03125	5.49527	-3.51990	3.50718	2.64284
1210.93750	5.17872	-1.48853	2.55635	1.92459
1214.84375	9.40360	-1.14202	2.81860	2.98818
1218.75000	9.58230	-0.25871	1.52231	6.55456
1222.65625	8.29149	1.19104	1.73784	6.79339
1226.56250	4.96739	-0.73787	3.85613	5.81658
1230.46875	8.34679	-0.24586	3.85280	8.16277
1234.37500	15.54412	1.34108	6.16684	9.62829
1238.28125	12.93501	-0.24417	5.55976	11.33818
1242.18750	7.88782	-0.87508	3.24197	7.78645
1246.09375	9.27843	0.82891	2.98130	7.74962
1250.00000	11.09484	2.19726	3.11977	9.14131
1253.90625	9.58091	1.00458	3.47612	9.03232
1257.81250	11.05541	1.39107	5.18317	8.49823
1261.71875	10.72682	1.49620	5.15638	10.39581
1265.62500	11.98447	3.59892	5.71969	14.89132
1269.53125	11.81330	3.01962	7.20580	12.11012
1273.43750	9.24183	1.47329	5.21993	4.42006
1277.34375	9.17948	1.82601	3.21260	2.87115
1281.25000	4.31787	1.85906	4.66279	1.73296
1285.15625	2.20939	1.93238	3.61164	-1.36321
1289.06250	2.44567	0.60927	3.21593	-0.66265
1292.96875	5.25805	-0.88040	2.93399	6.66589
1296.87500	12.94502	-2.96930	4.07938	14.20018
1300.78125	7.19481	-1.80021	4.58378	7.18660
1304.68750	0.90751	1.47148	0.68855	-3.13613
1308.59375	11.60201	2.21900	0.41685	1.03983
1312.50000	12.53706	2.80667	-1.36970	4.07946
1316.40625	9.45535	3.12182	0.93265	3.39986
1320.31250	10.49206	2.20439	2.50380	8.62899
1324.21875	10.09598	-1.00557	-0.22645	9.17349
1328.12500	10.67712	-0.61258	0.82311	8.75436
1332.03125	10.52910	2.05717	2.37970	9.55010
1335.93750	8.78103	3.17515	5.85901	9.15031
1339.84375	7.35855	2.18823	6.88611	6.46723
1343.75000	9.62995	1.75496	3.68966	6.55902
1347.65625	10.95564	2.59080	2.01725	10.39233
1351.56250	12.12795	1.70495	1.68878	9.37354
1355.46875	8.50179	2.02479	2.33631	6.06492
1359.37500	8.26834	2.98696	4.03208	8.36032
1363.28125	12.00165	4.91936	4.78369	10.78300
1367.18750	10.82835	5.38284	3.99960	8.37052
1371.09375	8.06628	1.74886	0.98740	2.33575
1375.00000	8.21175	-1.13647	2.85343	-0.21852
1378.90625	12.81646	-1.04039	4.01601	0.20834
1382.81250	20.43577	1.23612	2.65552	1.70362
1386.71875	19.56586	0.10846	3.14479	3.09248
1390.62500	16.88013	-0.22943	3.49693	2.93818
1394.53125	19.59403	0.94292	4.18460	10.44357
1398.43750	21.80656	-2.64086	7.24132	21.50083
1402.34375	13.98076	-0.83173	6.97801	16.39521
1406.25000	4.93672	3.28883	3.08026	3.42339
1410.15625	1.50112	2.61925	1.96278	1.50599
1414.06250	1.95072	5.03833	-0.92551	4.20079
1417.96875	8.64282	7.04981	-3.21498	6.56142
1421.87500	13.18646	7.17850	-5.21326	9.33150
1425.78125	16.10118	10.08968	-5.86257	11.78273
1429.68750	18.34086	14.32363	-7.64578	12.94397
1433.59375	12.89871	11.55112	-8.04711	13.68627
1437.50000	8.77979	9.09347	-4.38598	14.62187
1441.40625	7.97901	8.74777	-1.68149	13.15468
1445.31250	6.32173	6.81247	-0.31185	10.04116
1449.21875	3.33547	5.46933	-1.95988	5.01490
1453.12500	3.27944	3.55705	-2.27442	3.03532
1457.03125	6.50091	4.29557	-1.91337	4.98689
1460.93750	10.44628	3.47415	-1.36191	10.14106
1464.84375	10.65609	2.72591	-1.21767	12.30452
1468.75000	8.06231	3.45546	-0.72373	10.75645
1472.65625	6.13204	4.02152	0.27300	9.71550
1476.56250	4.22049	5.54873	-0.63300	5.86072
1480.46875	4.46997	1.83443	-0.62618	5.12982
1484.37500	7.75130	-0.55713	1.49553	7.29424
1488.28125	10.76578	0.62636	0.49440	5.99083
1492.18750	11.38311	0.85555	-1.61655	5.11381
1496.09375	9.59193	0.76452	-2.15820	6.76580
1500.00000	9.38965	2.62083	-0.27850	6.98926
1503.90625	10.10014	0.99424	-0.22837	7.10180
1507.81250	6.61337	-0.19696	-0.72317	9.65403
1511.71875	4.92973	-0.30090	-1.49872	12.19219
1515.62500	8.50967	-1.19361	-0.04388	12.13236
1519.53125	11.10076	-1.82191	4.92041	11.29074
1523.43750	12.86880	-4.30364	5.70097	12.13454
1527.34375	12.12767	-3.84928	1.26489	10.06058
1531.25000	8.93300	-2.67238	2.23578	5.15834
1535.15625	8.62628	-0.32685	1.27575	3.42288
1539.06250	9.19812	-1.42015	0.06317	4.74042
1542.96875	9.61153	-2.74978	1.15444	5.87703
1546.87500	13.20900	-3.88316	2.43012	8.41951
1550.78125	12.51467	-4.24519	3.54087	8.58676
1554.68750	11.55160	-2.27757	3.00738	9.64559
1558.59375	15.36493	-1.41209	3.28257	11.11420
1562.50000	13.62645	-2.80442	3.86378	9.68978
1566.40625	16.30757	-2.71545	5.59421	14.80512
1570.31250	17.69079	0.21791	6.04125	16.42931
1574.21875	17.28335	0.60861	4.74572	11.85903
1578.12500	15.49574	0.61979	4.90847	8.65529
1582.03125	12.42268	-0.84000	6.17585	9.87766
1585.93750	13.77012	-1.15091	5.11762	11.08681
1589.84375	14.79207	-0.16279	3.28814	8.93830
1593.75000	14.13472	-0.93705	5.27926	8.84998
1597.65625	14.02017	-2.17467	9.37269	11.46710
1601.56250	13.65590	-1.69049	7.68996	12.08640
1605.46875	12.85212	-1.20329	7.44884	13.38378
1609.37500	14.69943	-0.95549	8.57701	13.10640
1613.28125	18.22105	0.33671	6.62004	12.70174
1617.18750	17.78481	-0.52851	5.79589	12.70007
1621.09375	16.51979	-2.13153	5.18520	13.90306
1625.00000	16.77950	-1.25959	5.74019	19.28127
1628.90625	16.20632	-2.16039	9.01328	20.06668
1632.81250	15.03615	-2.42107	8.76553	17.76900
1636.71875	15.90823	-0.08342	8.68267	18.39823
1640.62500	17.79036	1.86736	7.93103	17.34715
1644.53125	15.07871	1.50208	6.84389	16.29197
1648.43750	12.06257	1.46069	8.62569	16.92307
1652.34375	13.44373	2.87615	7.28070	14.37639
1656.25000	11.20799	0.77150	5.13789	13.65188
1660.15625	10.61656	-0.97542	9.48219	15.97553
1664.06250	8.15458	-0.57275	10.35924	17.71628
1667.96875	9.12041	-0.16554	12.24915	21.40283
1671.87500	12.23458	0.10987	11.43041	20.24779
1675.78125	11.73957	-1.18838	9.26256	18.60565
1679.68750	12.72558	1.02572	11.04915	20.67110
1683.59375	10.11134	3.39645	10.64800	21.94673
1687.50000	11.41195	1.02013	10.21370	18.19387
1691.40625	12.21492	0.15830	10.33311	18.05267
1695.31250	11.85977	3.30356	10.17566	18.75189
1699.21875	14.04249	1.42453	10.61827	16.93172
1703.12500	16.51849	1.72631	11.33907	16.09412
1707.03125	15.71688	2.19779	11.78734	14.54887
1710.93750	11.77372	-0.20311	10.83637	10.60687
1714.84375	13.17778	2.96387	3.44292	6.02917
1718.75000	26.65285	7.47355	-0.27099	16.04217
1722.65625	24.15298	2.47638	8.00307	24.74222
1726.56250	3.50257	-4.69074	16.56821	11.67726
1730.46875	-6.41509	-7.01923	15.75901	0.32358
1734.37500	-8.48545	-9.05878	12.43200	-1.83748
1738.28125	-8.67729	-11.44995	13.43667	-4.96294
1742.18750	-10.50121	-13.69260	16.75985	-4.88846
1746.09375	-13.54313	-15.61508	18.91676	-2.10498
1750.00000	-16.96510	-15.05270	14.62295	-5.95154
1753.90625	-19.68809	-12.61905	12.15867	-11.29877
1757.81250	-21.43727	-13.03844	12.25403	-12.23601
1761.71875	-18.94562	-15.35096	11.82418	-9.12983
1765.62500	-11.24132	-14.45706	11.98455	-5.03746
1769.53125	-7.38345	-11.41011	11.45595	-2.58080
1773.43750	-3.50825	-11.34478	11.88761	-0.60076
1777.34375	-0.34736	-9.78337	11.89488	1.47650
1781.25000	2.44644	-6.92990	10.92744	4.77029
1785.15625	5.17290	-6.85666	9.87629	4.49440
1789.06250	3.79728	-8.98559	9.88350	6.00066
1792.96875	4.59484	-10.87831	8.39273	8.09085
1796.87500	4.22299	-9.34081	7.52345	6.76052
1800.78125	3.30775	-6.96297	9.63954	7.80545
1804.68750	5.88479	-3.69135	9.77359	7.15288
1808.59375	8.11759	-3.74974	9.50186	8.50820
1812.50000	8.24651	-3.56510	9.32708	8.72719
1816.40625	7.58220	-3.65294	5.98837	8.04739
1820.31250	9.42462	-2.55580	6.35073	8.84416
1824.21875	9.43126	0.27805	8.85845	7.77677
1828.12500	9.20644	-2.55248	8.69919	8.96915
1832.03125	9.46121	-3.10618	9.04693	8.95886
1835.93750	4.89251	-3.19704	7.69098	4.93249
1839.84375	5.88743	-5.39278	9.92684	5.87564
1843.75000	9.77043	-4.21435	9.95378	6.77308
1847.65625	9.48418	-1.36394	9.49013	8.18863
1851.56250	7.43294	-0.23524	13.59394	10.79609
1855.46875	7.02999	-1.52716	11.82388	9.50196
1859.37500	4.37884	-2.57965	11.50499	10.18546
1863.28125	8.11199	-3.06491	12.65952	10.99631
1867.18750	9.35602	-3.00434	11.87540	11.80717
1871.09375	6.99676	-3.01193	12.08660	12.21910
1875.00000	8.35077	-3.88269	12.34095	14.49987
1878.90625	12.14936	-5.39834	13.90647	14.52361
1882.81250	15.33625	-3.52476	14.15772	16.42163
1886.71875	11.24270	-2.23491	12.22932	16.60147
1890.62500	8.15385	-2.97570	12.58151	14.02941
1894.53125	11.67350	-2.60928	12.86625	12.26721
1898.43750	7.43897	-2.16379	12.69957	10.83346
1902.34375	5.65696	-1.96641	13.24214	13.38333
1906.25000	9.90955	0.54236	13.77668	14.11105
1910.15625	10.90603	-0.12718	13.46505	16.62576
1914.06250	11.35550	-2.94628	12.59143	16.49998
1917.96875	12.80939	-2.54644	10.70495	12.41367
1921.87500	15.33831	-0.80606	10.72134	13.97486
1925.78125	13.82077	-0.71540	12.89257	18.03771
1929.68750	14.04576	-0.10787	12.31823	17.99009
1933.59375	15.85626	-1.26861	11.51402	16.31474
1937.50000	17.37836	-1.71158	13.16055	16.44439
1941.40625	19.80101	-0.84850	13.85044	16.18587
1945.31250	20.56124	0.84263	10.38487	13.87805
1949.21875	19.58955	3.12583	9.13976	13.28387
1953.12500	18.32459	2.82524	9.22828	9.69240
1957.03125	16.71065	2.35495	7.57465	6.80858
1960.93750	13.80610	1.93645	7.32024	9.54504
1964.84375	8.77764	2.39702	6.25565	10.09663
1968.75000	7.39246	-0.90271	8.76424	10.96592
1972.65625	11.10304	-0.33665	10.16393	13.95404
1976.56250	12.01176	1.59352	8.45207	12.91961
1980.46875	9.44049	0.29684	9.66760	11.38263
1984.37500	10.30397	0.32285	8.56582	15.15856
1988.28125	6.06548	-0.50824	9.17638	11.84033
1992.18750	5.07083	1.33264	8.67715	7.73961
1996.09375	6.10002	1.24153	7.32962	8.58564
2000.00000	4.68872	1.48611	10.01512	11.22651
2003.90625	7.41371	1.87414	7.64763	11.33879
2007.81250	9.16481	-1.33171	4.73527	8.65279
2011.71875	10.30144	0.57900	7.98899	5.54970
2015.62500	5.82255	0.89508	9.44381	4.28085
2019.53125	3.98128	-0.94205	8.36414	7.06539
2023.43750	8.97255	1.41133	9.95053	9.11781
2027.34375	9.84291	2.26861	9.14075	6.64075
2031.25000	8.66271	3.04256	9.30577	4.96169
2035.15625	10.37044	2.97044	11.16620	4.83779
2039.06250	9.73334	1.47416	9.95366	3.33463
2042.96875	4.50546	0.54748	8.62728	2.85924
2046.87500	1.25281	0.62284	7.88825	4.59561
2050.78125	0.96115	2.27552	6.98430	2.74792
2054.68750	3.62415	1.82551	5.64490	-1.43164
2058.59375	7.43714	0.67629	6.32300	-0.76919
2062.50000	12.14523	3.31321	5.69535	0.62656
2066.40625	16.03483	3.40222	5.81395	0.90641
2070.31250	15.80601	2.70907	5.85794	4.54487
2074.21875	15.80128	5.11441	3.75655	6.82405
2078.12500	13.20757	4.31964	5.93381	6.84341
2082.03125	7.31366	2.45690	8.00698	6.45381
2085.93750	3.01975	0.93713	6.14286	5.24513
2089.84375	0.01211	1.11934	6.32801	2.69333
2093.75000	-1.04854	0.34497	8.31910	2.60474
2097.65625	0.85129	1.12201	7.17445	5.22149
2101.56250	2.09853	1.60615	8.71513	4.63181
2105.46875	2.90618	-0.32429	11.29443	7.94358
2109.37500	4.75329	0.72932	9.60208	10.88948
2113.28125	6.26007	3.63321	10.06268	9.27585
2117.18750	5.82368	2.76794	10.04433	8.06518
2121.09375	7.78183	0.35901	7.82182	8.86503
2125.00000	11.66770	0.02207	7.97385	9.00489
2128.90625	9.07959	0.33002	7.21759	8.58131
2132.81250	6.70034	1.27811	8.58150	8.70093
2136.71875	5.55754	3.61567	10.11034	8.12113
2140.62500	4.61893	5.56635	7.74688	7.47274
2144.53125	5.93634	4.79808	8.67433	8.43208
2148.43750	5.74055	2.33907	12.47078	9.46594
2152.34375	-0.93705	-1.08063	12.33457	8.53070
2156.25000	-2.77012	-1.97657	8.98292	3.77674
2160.15625	0.66757	-1.30585	9.70080	3.68258
2164.06250	-0.58590	-0.09736	10.57780	4.61725
2167.96875	-0.82902	0.71275	8.03548	2.66249
2171.87500	2.68787	0.58520	7.61955	4.32767
2175.78125	2.19260	1.70453	7.06331	3.49106
2179.68750	3.98416	3.11268	8.04400	5.95918
2183.59375	5.80198	2.66282	6.83698	7.23452
2187.50000	3.87898	2.30106	7.20850	5.89906
2191.40625	7.09935	3.05078	9.34255	7.77235
2195.31250	6.34101	2.97252	8.78223	7.26260
2199.21875	6.10577	2.30209	8.82188	6.65099
2203.12500	9.79018	2.20079	9.13978	7.82782
2207.03125	13.42058	0.65753	8.37916	9.50579
2210.93750	15.11810	-0.93756	6.62240	11.20457
2214.84375	14.10435	-0.99413	6.88456	9.04414
2218.75000	9.44733	-0.11094	8.40868	8.58067
2222.65625	7.75310	1.74166	6.20649	10.83356
2226.56250	11.27825	-0.59034	5.90709	12.27385
2230.46875	11.03080	-2.11313	7.51543	13.81371
2234.37500	10.16897	1.48829	9.82940	10.84653
2238.28125	11.58869	1.51466	12.04269	12.55597
2242.18750	13.39091	-1.53395	9.32180	15.45068
2246.09375	11.15468	4.19922	8.25517	12.59293
2250.00000	12.16484	8.38795	12.42286	10.76080
2253.90625	15.88860	5.58340	11.97326	12.26312
2257.81250	14.94512	3.14929	10.45681	12.93745
2261.71875	17.03364	0.43380	12.44451	12.82003
2265.62500	18.29084	0.52177	10.59018	14.89758
2269.53125	20.53679	5.58344	9.65857	18.15982
2273.43750	17.96479	6.85752	13.71651	18.52778
2277.34375	10.64925	5.19550	11.70904	16.57542
2281.25000	10.62239	5.22847	9.53276	13.82499
2285.15625	14.15447	5.70465	11.30199	12.33992
2289.06250	16.00210	4.78445	12.92081	14.24870
2292.96875	18.00815	4.50347	12.63877	13.11516
2296.87500	16.42733	4.02628	10.56068	12.18741
2300.78125	17.92941	1.97185	10.25907	11.62032
2304.68750	22.11797	4.03471	9.58722	12.17625
2308.59375	21.53003	5.18501	10.12129	14.33708
2312.50000	18.03241	3.75790	8.33468	14.15291
2316.40625	17.36788	4.87879	9.42816	17.09921
2320.31250	19.21003	5.16994	11.80503	18.70154
2324.21875	22.03698	5.98915	12.29810	20.45440
2328.12500	20.20012	4.36737	14.15345	20.84069
2332.03125	19.64878	1.79890	14.09819	21.23304
2335.93750	19.91502	4.52852	12.33928	22.84741
2339.84375	21.31253	5.55613	10.94867	23.79021
2343.75000	21.56894	3.51096	10.97558	22.26980
2347.65625	14.43269	3.13793	14.13825	20.46149
2351.56250	10.36650	2.65484	15.42142	19.03933
2355.46875	10.36634	2.97462	14.05432	16.13323
2359.37500	10.53551	1.92198	10.91483	13.99595
2363.28125	10.23919	2.24251	10.86052	15.20942
2367.18750	9.46844	2.70589	9.67340	12.79656
2371.09375	13.55592	3.50413	10.28749	9.17890
2375.00000	18.13333	4.64797	11.75057	11.86234
2378.90625	15.08204	5.95285	8.88381	15.10925
2382.81250	14.64244	7.42337	8.73205	15.79817
2386.71875	16.18983	7.10149	13.65343	15.57487
2390.62500	11.89209	5.95769	12.79678	13.80846
2394.53125	9.36761	5.51820	11.87265	14.46368
2398.43750	7.55045	4.35190	14.52643	16.65604
2402.34375	6.97696	4.14623	13.05430	18.39990
2406.25000	11.63212	6.65497	13.99170	18.32146
2410.15625	13.03120	5.58239	14.48587	16.80657
2414.06250	13.07746	5.58368	13.20931	15.47169
2417.96875	14.93395	8.80392	11.72565	12.99690
2421.87500	9.80685	9.33538	12.54781	12.14025
2425.78125	5.87143	8.62008	13.91317	10.96474
2429.68750	7.30483	7.21285	12.53282	7.29052
2433.59375	6.69745	5.24616	14.14611	7.22658
2437.50000	8.21919	7.62356	15.38961	8.96773
2441.40625	7.82095	7.27769	12.85600	7.50021
2445.31250	6.56623	5.34233	10.19620	5.59501
2449.21875	6.80295	7.62541	10.15987	5.80635
2453.12500	7.55225	7.72763	10.65114	3.02047
2457.03125	8.35570	6.85435	9.80331	2.55394
2460.93750	11.09186	7.24161	9.54879	5.69288
2464.84375	10.89828	8.10508	6.87232	3.82658
2468.75000	8.30403	4.40234	6.56028	4.29258
2472.65625	9.19382	2.14785	9.57156	6.47438
2476.56250	6.87883	3.67501	11.08295	5.03660
2480.46875	3.50140	2.37822	9.88083	2.69344
2484.37500	3.55881	2.40412	9.98775	5.66321
2488.28125	5.76702	4.39344	12.61286	9.19446
2492.18750	7.59269	6.23426	9.29307	8.71986
2496.09375	9.83035	7.75483	7.54251	8.35682
2500.00000	10.43345	6.38760	8.61623	10.99739
2503.90625	3.08485	1.13455	10.68080	8.69178
2507.81250	-2.01414	0.74907	12.20056	3.58785
2511.71875	-2.08660	2.65966	11.82781	2.49906
2515.62500	-3.74522	-1.05366	10.86490	3.24455
2519.53125	-2.76622	-3.29379	12.20266	2.80544
2523.43750	1.41893	-1.74633	16.20655	3.24584
2527.34375	-0.93437	-0.08325	15.39673	3.18604
2531.25000	-0.90608	1.49658	12.74108	1.50677
2535.15625	-0.00441	-1.39614	12.58675	-0.22914
2539.06250	-1.44761	-0.87784	9.76236	-0.12087
2542.96875	-1.03470	0.61297	9.64473	1.41813
2546.87500	-1.46713	1.49411	10.11446	6.37771
2550.78125	-2.16204	1.93781	10.41924	9.76786
2554.68750	-2.31984	1.48773	14.72078	10.02033
2558.59375	-0.92459	0.74138	15.80177	9.07089
2562.50000	-4.27529	1.76652	14.77113	5.22836
2566.40625	-14.08547	-1.36805	13.27800	-4.56525
2570.31250	-20.76128	1.56523	12.51610	-11.40307
2574.21875	-20.76608	6.38809	12.83221	-13.95923
2578.12500	-30.61266	1.16103	13.39775	-24.81910
2582.03125	-42.95355	-6.74571	17.88847	-37.69971
2585.93750	-45.63581	-5.84794	18.44184	-41.32622
2589.84375	-52.26989	1.98988	13.38882	-54.35444
2593.75000	-69.44787	2.82725	11.35060	-68.94872
2597.65625	-80.84488	1.18663	13.42929	-75.19662
2601.56250	-80.40362	0.46191	18.19334	-76.99545
2605.46875	-85.64004	-1.46859	19.56376	-82.14544
2609.37500	-95.07518	-2.83258	14.64790	-94.10825
2613.28125	-95.98621	-0.73458	13.49672	-96.12517
2617.18750	-93.19940	2.02641	13.07533	-92.09805
2621.09375	-84.79456	5.25850	11.25572	-88.47798
2625.00000	-79.70008	7.74197	11.00474	-86.32372
2628.90625	-76.64723	6.43812	9.44258	-84.32996
2632.81250	-74.59437	6.58027	11.20941	-82.19578
2636.71875	-77.75195	3.67969	13.94701	-79.55237
2640.62500	-77.07910	0.39225	13.19518	-75.36596
2644.53125	-74.55314	-0.37606	10.09326	-72.79521
2648.43750	-66.69064	3.61176	7.84566	-68.94122
2652.34375	-59.26595	8.65355	2.06831	-65.44452
2656.25000	-47.80260	8.16050	0.73123	-55.69333
2660.15625	-37.51538	7.62227	5.47841	-43.29691
2664.06250	-37.15736	5.20431	5.14654	-38.33318
2667.96875	-32.96858	6.41726	3.81290	-38.67640
2671.87500	-23.00503	10.31892	2.18813	-34.19088
2675.78125	-16.65075	7.81176	2.43778	-23.34268
2679.68750	-15.26236	6.80231	2.20963	-20.47188
2683.59375	-9.01268	9.57581	-1.01210	-18.39087
2687.50000	-3.68329	8.81109	-3.86409	-9.25047
2691.40625	-2.47790	7.94901	-3.74478	-0.12488
2695.31250	2.00150	7.46775	0.93281	4.60318
2699.21875	4.18353	6.79734	0.56944	4.79709
2703.12500	6.65881	9.11360	-1.93332	5.57068
2707.03125	11.09473	8.37612	-1.08228	7.24824
2710.93750	12.38897	5.97505	-0.42154	10.55837
2714.84375	13.79251	3.90376	-1.77124	13.23283
2718.75000	12.35861	2.77227	-3.06773	12.36609
2722.65625	10.26120	3.01302	0.37103	10.18648
2726.56250	10.56263	2.29262	3.29499	14.44698
2730.46875	15.15004	0.36686	3.69446	18.80711
2734.37500	17.10848	2.35644	1.97907	19.86895
2738.28125	18.93079	4.39735	1.77472	22.78685
2742.18750	24.35912	2.55743	2.27724	22.05496
2746.09375	26.55498	1.44072	0.40468	19.59982
2750.00000	27.96778	2.80879	0.54297	18.17031
2753.90625	31.28839	3.63056	0.09328	17.25479
2757.81250	32.76232	3.21102	0.18845	16.31706
2761.71875	31.62716	4.92770	1.37021	17.81100
2765.62500	36.10756	3.40387	1.53040	22.70878
2769.53125	38.35333	0.80968	1.80748	26.37376
2773.43750	32.15470	0.47197	1.83605	27.54734
2777.34375	29.67404	0.42159	3.85781	29.62399
2781.25000	25.61754	0.45445	5.30781	31.30549
2785.15625	23.50827	0.93051	6.67407	31.83488
2789.06250	22.13219	-0.39272	5.47224	30.92295
2792.96875	18.89986	-2.68857	3.57842	29.38622
2796.87500	19.73635	-4.37466	6.33542	27.24951
2800.78125	19.62647	-1.99706	6.43674	25.07047
2804.68750	18.97960	-3.96364	4.15303	25.22321
2808.59375	21.21196	-6.43986	6.29869	27.78673
2812.50000	25.77272	-6.25530	6.92960	25.99063
2816.40625	22.28746	-5.94042	5.60543	23.29569
2820.31250	16.07080	-2.42589	5.16173	24.89782
2824.21875	16.07699	-1.20391	5.25179	23.42704
2828.12500	15.85175	-4.43752	3.48064	23.81312
2832.03125	12.47969	-6.60312	3.42535	25.41415
2835.93750	11.53701	-7.90290	4.08391	23.40197
2839.84375	14.94908	-8.48709	3.09619	20.71821
2843.75000	16.81700	-9.72654	4.33182	20.40644
2847.65625	14.91863	-11.71147	5.47971	22.62731
2851.56250	14.88169	-11.38878	5.55403	19.99616
2855.46875	17.70186	-7.84574	4.58967	13.46350
2859.37500	13.84160	-6.48080	2.25594	8.90842
2863.28125	13.14217	-8.17498	3.81319	9.71879
2867.18750	14.38594	-7.71169	3.43178	10.52911
2871.09375	12.02626	-8.12240	2.43406	9.32886
2875.00000	12.97700	-10.20213	4.70287	13.62384
2878.90625	14.35762	-10.91204	5.86526	18.07926
2882.81250	15.93234	-9.84454	4.50459	17.15625
2886.71875	18.68819	-8.95775	2.97902	12.90342
2890.62500	19.62818	-7.28120	3.73393	13.95722
2894.53125	20.72978	-5.30320	3.21257	15.82094
2898.43750	19.31532	-2.84327	2.64279	15.59542
2902.34375	17.93570	-1.03432	6.00572	18.14483
2906.25000	17.35259	-2.55512	7.74882	19.27495
2910.15625	13.11039	-4.43367	8.24295	16.95389
2914.06250	9.93296	-3.62658	10.18968	18.03636
2917.96875	10.98330	-4.83871	8.70599	18.78463
2921.87500	10.69106	-5.51611	6.70750	14.70421
2925.78125	9.97890	-2.20230	8.87860	13.93145
2929.68750	9.39746	-1.59495	6.69232	9.45103
2933.59375	10.80450	-3.15889	3.87328	9.38683
2937.50000	13.13182	-2.39332	6.72843	16.36578
2941.40625	12.33037	-1.12756	8.22396	14.49496
2945.31250	11.88128	0.16035	9.59342	11.78372
2949.21875	12.52073	3.24917	8.75109	9.98014
2953.12500	15.68743	2.14253	9.64527	10.41749
2957.03125	15.28190	-1.14845	11.61785	9.14489
2960.93750	15.19745	0.85047	8.94564	7.85140
2964.84375	17.42140	3.72843	8.68671	11.22301
2968.75000	10.79777	3.65199	7.56870	12.09183
2972.65625	11.68743	1.80029	8.16235	13.06471
2976.56250	15.41638	2.92445	10.88257	12.43263
2980.46875	16.47107	2.03047	10.88918	14.11857
2984.37500	21.76636	2.86219	10.19013	16.68514
2988.28125	21.15380	5.25430	9.59172	16.58981
2992.18750	19.75574	3.87157	9.09236	12.89158
2996.09375	19.57564	2.16862	6.53588	10.91649
