4.3,4.1258,3.8634,3.5253,3.2058,2.7181,2.1975,1.7514,1.044,0.21065,-0.78335,-1.6874,-3.145,-4.9546,-6.6493,-9.5091,-13.195,-15.551,-14.463,-10.766,-7.8375,-6.0962,-4.3161,-2.927,-2.0064,-1.0021,-0.22252,0.26549,0.82289,1.2914,1.6882,1.9339,2.2341,2.513,2.6852,2.8917,3.0368,3.1517,3.2521,3.3847,3.4896,3.5262,3.5361,3.4945,3.4448,3.3328,3.1871,2.9841,2.8327,2.635,2.4832,2.411,2.4195,2.5586,2.7676,3.1727,3.7911,4.5701,5.2318,6.1879,7.2087,7.9922,9.0321,10.05,11.021,11.709,12.56,13.336,13.865,14.5,15.059,15.433,15.865,16.216,16.486,16.632,16.749,16.778,16.748,16.639,16.45,16.261,15.945,15.559,15.116,14.752,14.245,13.74,13.392,13.025,12.837,12.889,13.1,13.588,14.258,14.832,15.639,16.448,17.03,17.757,18.415,19.001,19.385,19.823,20.18,20.393,20.606,20.737,20.781,20.772,20.68,20.511,20.34,20.064,19.742,19.469,19.053,18.575,18.043,17.622,17.038,16.468,16.064,15.593,15.237,15.081,15.059,15.265,15.69,16.138,16.872,17.718,18.406,19.366,20.345,21.077,22.037,22.968,23.858,24.495,25.3,26.048,26.568,27.205,27.779,28.288,28.628,29.023,29.351,29.55,29.756,29.891,29.946,29.957,29.897,29.768,29.624,29.373,29.051,28.765,28.323,27.814,27.387,26.759,26.068,25.315,24.712,23.861,22.961,22.258,21.292,20.299,19.293,18.539,17.545,16.575,15.87,14.965,14.102,13.491,12.718,11.984,11.296,10.805,10.179,9.5829,9.1494,8.5835,7.9803,7.5072,6.9087,6.3962,5.999,5.7631,5.4731,5.1577,4.8916,4.4695,3.9672,3.3856
-3.2888,-2.8554,-2.2797,-1.7619,-1.423,-1.0397,-0.74655,-0.58774,-0.4628,-0.42933,-0.48153,-0.56171,-0.71037,-0.87318,-0.98704,-1.1026,-1.1341,-1.0926,-0.93625,-0.66525,-0.31335,-0.0040133,0.43096,0.86177,1.1742,1.5538,1.8912,2.1125,2.3508,2.5222,2.6248,2.6663,2.6776,2.6352,2.5731,2.4522,2.3086,2.1484,2.0234,1.8606,1.7099,1.6044,1.4663,1.3095,1.1691,0.93556,0.62614,0.19581,-0.23029,-0.98035,-1.995,-2.9859,-4.7469,-7.1443,-9.3788,-11.335,-8.795,-4.83,-2.2705,0.55538,2.8878,4.3915,6.1473,7.6698,8.9999,9.8834,10.922,11.812,12.39,13.043,13.565,13.876,14.182,14.37,14.438,14.411,14.27,14.013,13.746,13.295,12.743,12.271,11.584,10.858,10.141,9.6468,9.1103,8.7878,8.7216,8.8779,9.2895,9.8997,10.445,11.247,12.088,12.726,13.563,14.372,14.952,15.678,16.343,16.939,17.337,17.799,18.181,18.412,18.647,18.798,18.856,18.858,18.775,18.609,18.432,18.128,17.746,17.412,16.897,16.301,15.618,15.046,14.199,13.248,12.453,11.256,9.854,8.6224,6.6487,4.1912,1.4962,0.52689,2.5923,6.0909,8.493,11.243,13.572,15.108,16.936,18.56,20.013,21.004,22.207,23.285,24.014,24.888,25.654,26.312,26.738,27.215,27.59,27.805,28,28.093,28.096,28.008,27.816,27.519,27.226,26.74,26.144,25.623,24.827,23.911,23.142,22,20.718,19.28,18.087,16.321,14.314,12.61,9.9881,6.7851,2.6282,-1.5509,-7.6791,-4.4557,-1.1609,1.6469,3.375,4.2387,4.9962,5.4278,5.6169,5.634,5.5062,5.2218,4.9097,4.3839,3.7593,3.2449,2.5199,1.7718,1.0184,0.46674,-0.21905,-0.83269,-1.2192,-1.6609,-2.0209,-2.3516
-12.083,-9.5932,-7.038,-5.1589,-4.0586,-2.9011,-2.0313,-1.5222,-1.0188,-0.66165,-0.42542,-0.31045,-0.21925,-0.17763,-0.15966,-0.13646,-0.10393,-0.049304,0.076058,0.26098,0.50735,0.72133,1.0488,1.3903,1.6359,1.9459,2.2161,2.3772,2.5164,2.5464,2.453,2.2914,1.9384,1.3981,0.84437,-0.12842,-1.4321,-3.1784,-4.878,-7.8985,-11.711,-13.254,-10.378,-6.6837,-4.555,-2.3713,-0.7145,0.56734,1.3458,2.194,2.8835,3.3264,3.8564,4.3558,4.7271,5.2626,5.8472,6.5004,7.0323,7.7841,8.569,9.169,9.9688,10.741,11.469,11.976,12.592,13.126,13.468,13.838,14.102,14.226,14.286,14.219,14.016,13.767,13.297,12.664,12.072,11.111,9.9282,8.878,7.2158,5.1878,2.6807,0.38291,-3.3542,-6.8861,-6.6948,-3.4755,-0.41266,2.0247,3.5628,5.3668,6.9719,8.0784,9.4392,10.68,11.535,12.573,13.493,14.293,14.814,15.404,15.871,16.142,16.402,16.549,16.585,16.535,16.376,16.113,15.849,15.415,14.89,14.442,13.78,13.056,12.289,11.704,10.932,10.19,9.6599,9.0006,8.4145,8.0398,7.6582,7.4539,7.492,7.7126,8.3012,9.2262,10.106,11.458,12.926,14.057,15.56,17.018,18.409,19.398,20.636,21.776,22.563,23.518,24.362,25.092,25.564,26.09,26.499,26.725,26.92,26.99,26.959,26.805,26.52,26.101,25.698,25.037,24.235,23.537,22.478,21.267,20.259,18.784,17.163,15.41,14.022,12.11,10.186,8.7928,7.101,5.7168,4.7492,4.3268,4.1442,4.2968,4.5465,4.9491,5.338,5.5722,5.757,5.7723,5.6182,5.3981,4.9482,4.2942,3.6489,2.5618,1.1822,-0.078667,-2.1167,-4.736,-8.2594,-11.918,-19.369,-19.497,-14.698,-10.947,-8.7683,-7.4589
-0.11571,-0.052621,0.082806,0.23211,0.32897,0.41207,0.43728,0.39368,0.27919,0.075762,-0.23946,-0.5352,-1.0456,-1.6999,-2.288,-3.2188,-4.2873,-5.1191,-6.0498,-6.3532,-5.7351,-4.7299,-3.1011,-1.4783,-0.36423,0.93992,2.0394,2.7383,3.4799,4.0426,4.4289,4.6096,4.7089,4.6482,4.4935,4.1711,3.7377,3.2293,2.838,2.3751,2.0841,2.0393,2.2465,2.7168,3.1824,3.8753,4.5924,5.2902,5.7849,6.3904,6.9369,7.318,7.7968,8.2554,8.5923,9.04,9.4947,9.9604,10.321,10.806,11.301,11.681,12.193,12.706,13.209,13.573,14.039,14.466,14.754,15.084,15.339,15.473,15.564,15.548,15.41,15.222,14.852,14.342,13.861,13.081,12.136,11.319,10.098,8.7272,7.2317,6.0334,4.3353,2.4665,0.88416,-1.6774,-5.1051,-8.6237,-7.3083,-2.4484,1.5443,3.89,6.4222,8.4592,9.738,11.18,12.366,13.331,13.927,14.563,15.026,15.266,15.451,15.486,15.42,15.205,14.85,14.354,13.887,13.136,12.221,11.427,10.204,8.782,7.1446,5.7768,3.8049,1.8462,0.70059,0.18689,0.87742,1.808,3.1696,4.4716,5.6534,6.4772,7.535,8.6008,9.4318,10.614,11.886,12.901,14.319,15.778,17.238,18.312,19.697,21,21.914,23.038,24.044,24.922,25.495,26.141,26.65,26.941,27.205,27.327,27.324,27.193,26.915,26.487,26.066,25.37,24.514,23.764,22.612,21.277,20.147,18.451,16.509,14.267,12.34,9.331,5.5952,2.0888,-3.0453,-2.6787,1.0784,3.2271,5.282,6.7291,7.5422,8.3599,8.9467,9.253,9.4805,9.5028,9.3425,9.1203,8.7003,8.1318,7.6077,6.7867,5.8371,5.0563,3.968,2.8454,1.7683,1.0276,0.14474,-0.62367,-1.1426,-1.7872,-2.4414,-3.1456
2.9382,2.5002,1.8529,1.13,0.53432,-0.29374,-1.1063,-1.6803,-2.2983,-2.7525,-3.0574,-3.223,-3.4477,-3.7531,-4.1023,-4.7589,-5.6814,-6.5245,-7.7084,-8.3756,-7.7165,-6.4079,-4.2786,-2.1836,-0.77367,0.85677,2.2328,3.1139,4.1072,4.909,5.5485,5.9324,6.3277,6.6022,6.7402,6.8441,6.8848,6.8663,6.8268,6.7602,6.6814,6.629,6.5632,6.505,6.4672,6.4212,6.3739,6.3336,6.305,6.2696,6.2572,6.2776,6.3601,6.5078,6.6617,6.9088,7.194,7.5061,7.7427,8.05,8.3578,8.5943,8.9343,9.3339,9.8127,10.23,10.864,11.558,12.095,12.8,13.459,13.901,14.402,14.785,15.036,15.135,15.144,15.014,14.829,14.46,13.962,13.514,12.828,12.052,11.192,10.503,9.5398,8.5526,7.8331,6.9497,6.248,5.8675,5.8551,6.2129,6.9083,7.5624,8.5219,9.4765,10.158,10.987,11.712,12.307,12.668,13.03,13.248,13.312,13.263,13.063,12.815,12.361,11.769,11.054,10.446,9.5452,8.5463,7.7317,6.5471,5.2157,3.7057,2.4418,0.61315,-1.0812,-1.8464,-1.7538,-0.76482,0.14067,1.2939,2.2037,2.7617,2.92,2.7953,2.2868,1.6973,0.97801,1.3554,2.8833,5.8992,9.0233,11.849,13.739,15.979,17.932,19.23,20.762,22.086,23.214,23.939,24.751,25.391,25.763,26.117,26.313,26.358,26.287,26.068,25.703,25.338,24.734,24,23.37,22.43,21.387,20.547,19.366,18.139,16.9,15.99,14.848,13.841,13.208,12.559,12.14,11.93,11.882,11.912,12.001,12.069,12.134,12.163,12.157,12.088,11.921,11.648,11.376,10.934,10.4,9.94,9.2459,8.4679,7.8377,6.9449,5.9998,5.0186,4.2741,3.2579,2.2153,1.4049,0.27777,-0.91263,-2.1725
3.6544,2.8797,1.5932,-0.077604,-1.6385,-4.334,-8.1818,-12.628,-26.562,-16.937,-10.728,-8.2768,-6.2459,-4.9654,-4.3299,-3.7533,-3.3616,-3.1104,-2.7735,-2.3561,-1.7874,-1.2746,-0.48559,0.38722,1.0764,1.9824,2.8492,3.4479,4.1688,4.7827,5.2862,5.5977,5.9252,6.1653,6.2917,6.4048,6.4605,6.4517,6.4168,6.3347,6.204,6.0641,5.8182,5.4847,5.1662,4.6309,3.9441,3.0936,2.3223,1.1286,-0.15482,-1.0461,-1.8124,-1.7689,-1.2103,-0.11436,0.97784,1.8567,2.3124,2.5953,2.5051,2.1548,1.2794,-0.030956,-1.2948,-1.373,0.46509,3.2697,5.2727,7.5636,9.4259,10.574,11.82,12.789,13.511,13.909,14.267,14.444,14.471,14.38,14.168,13.936,13.54,13.057,12.503,12.054,11.426,10.784,10.309,9.6964,9.1218,8.6208,8.3102,7.9997,7.8361,7.814,7.9326,8.2057,8.4997,8.9602,9.4499,9.8969,10.172,10.433,10.537,10.492,10.243,9.7571,9.2259,8.2854,7.068,5.5977,4.3618,2.7116,1.3599,0.77077,0.62581,0.95397,1.4329,1.7649,2.1301,2.4364,2.6429,2.8783,3.0698,3.2159,3.4282,3.5884,3.6045,3.4976,3.2279,2.824,2.4748,2.0517,2.095,2.8005,4.7308,7.2454,9.8156,11.633,13.846,15.815,17.138,18.706,20.065,21.225,21.968,22.797,23.446,23.818,24.164,24.343,24.371,24.274,24.025,23.631,23.246,22.62,21.873,21.242,20.318,19.317,18.53,17.455,16.383,15.352,14.637,13.791,13.103,12.704,12.331,12.124,12.052,12.06,12.126,12.226,12.292,12.33,12.299,12.234,12.093,11.868,11.541,11.228,10.719,10.117,9.6092,8.8531,8.0139,7.3331,6.3592,5.311,4.2057,3.3491,2.1607,0.94049,-0.0061277,-1.3225,-2.7188,-4.211
4.7089,4.1968,3.3675,2.3779,1.5497,0.38222,-0.78027,-1.5475,-2.3341,-2.7845,-2.9897,-3.0422,-3.1429,-3.3591,-3.6241,-4.1113,-4.6847,-5.0897,-5.4452,-5.3843,-4.7663,-4.0201,-2.8259,-1.6023,-0.71618,0.34039,1.2364,1.7865,2.3707,2.7901,3.0458,3.1388,3.1414,3.0435,2.9277,2.7558,2.6047,2.5283,2.5199,2.5663,2.6497,2.6935,2.6891,2.5738,2.372,1.93,1.2381,0.24284,-0.75992,-2.459,-4.7009,-6.7631,-9.2638,-8.9556,-7.0516,-4.3808,-2.2843,-0.75874,0.062192,0.78057,1.1011,1.081,0.74838,0.16476,-0.33761,-0.27713,0.80056,2.7443,4.3592,6.3751,8.1118,9.2098,10.41,11.339,12.023,12.392,12.708,12.841,12.835,12.697,12.429,12.151,11.692,11.153,10.559,10.085,9.4172,8.7055,8.1324,7.3025,6.3709,5.2903,4.3472,2.8766,1.1701,-0.13598,-1.3051,-0.91106,0.3326,2.3514,4.2047,5.6977,6.5649,7.4037,7.9041,8.0644,7.9959,7.5968,7.0695,6.0327,4.5463,2.5239,0.58822,-2.5589,-5.537,-5.8849,-3.8248,-1.5447,0.13875,1.0626,1.9329,2.485,2.7453,2.9055,2.9329,2.9221,2.8576,2.7268,2.5723,2.4993,2.5418,2.76,3.0741,3.7136,4.6058,5.4489,6.7754,8.2773,9.8845,11.109,12.712,14.243,15.324,16.655,17.84,18.865,19.522,20.248,20.798,21.096,21.338,21.406,21.344,21.112,20.714,20.155,19.634,18.807,17.837,17.017,15.808,14.468,13.374,11.797,10.087,8.2622,6.8686,5.1566,4.023,3.8117,4.3419,5.3731,6.4952,7.2627,8.135,8.8349,9.2563,9.6703,9.8983,9.9494,9.8812,9.6714,9.314,8.9535,8.3472,7.6084,6.9745,6.024,4.9572,4.0914,2.8438,1.4919,0.064358,-1.0368,-2.4926,-3.8507,-4.7822,-5.8848,-6.8393,-7.7479
4.4014,4.2694,4.0172,3.6782,3.3767,2.9187,2.4134,2.0192,1.456,0.85836,0.18999,-0.37086,-1.265,-2.3725,-3.3971,-5.143,-7.563,-10.067,-15.097,-20.081,-14.117,-10.327,-6.947,-4.6022,-3.2978,-1.984,-1.0617,-0.58657,-0.22552,-0.16455,-0.38916,-0.76873,-1.5591,-2.7213,-3.8557,-5.6842,-7.5735,-8.537,-8.0121,-6.2855,-4.471,-3.3224,-2.1428,-1.3337,-0.94997,-0.69953,-0.71462,-0.95119,-1.2388,-1.7217,-2.2612,-2.6098,-2.8892,-2.9011,-2.7397,-2.3153,-1.6809,-0.92818,-0.32173,0.49687,1.2911,1.8511,2.5481,3.2219,3.9098,4.4523,5.2225,6.0413,6.6712,7.4936,8.2597,8.7694,9.3371,9.7553,10.009,10.086,10.037,9.8114,9.5289,9.0047,8.3211,7.7183,6.8187,5.8716,4.9452,4.3132,3.6095,3.0779,2.7774,2.4303,2.0353,1.4687,0.872,-0.20647,-1.6256,-2.8125,-3.9442,-3.4836,-2.0916,0.14736,2.1553,3.7905,4.7784,5.7944,6.4879,6.8191,7.0286,6.9972,6.8299,6.4409,5.892,5.2393,4.7166,4.05,3.4917,3.1758,2.8915,2.7203,2.5875,2.4794,2.2819,1.9877,1.6931,1.1872,0.56207,-0.018972,-1.0152,-2.2608,-3.6831,-4.8254,-6.3443,-7.2641,-6.9519,-5.1279,-2.6169,-0.69124,1.7396,3.9698,6.0135,7.4355,9.1887,10.786,11.881,13.2,14.35,15.321,15.929,16.575,17.029,17.242,17.355,17.268,17.071,16.631,15.988,15.148,14.391,13.219,11.88,10.781,9.2157,7.5559,6.2593,4.4468,2.468,0.16374,-1.9197,-5.3714,-8.6892,-8.2681,-4.7071,-1.4994,0.88682,2.2647,3.6738,4.6819,5.236,5.7724,6.0895,6.1731,6.0871,5.8005,5.332,4.8646,4.0758,3.1125,2.2841,1.0377,-0.34322,-1.4724,-3.1125,-4.9686,-7.1486,-9.1075,-12.347,-16.566,-19.793,-19.343,-15.9,-13.303
2.2405,2.4558,2.6626,2.7698,2.7825,2.7161,2.5609,2.3823,2.0667,1.663,1.169,0.74222,0.090151,-0.65045,-1.2586,-2.1206,-2.9845,-3.5707,-4.1729,-4.4707,-4.4038,-4.1562,-3.6679,-3.0929,-2.6727,-2.2026,-1.8714,-1.7277,-1.7096,-1.9143,-2.3784,-2.9068,-3.8807,-5.2104,-6.457,-8.4476,-10.491,-11.516,-10.924,-8.9698,-6.976,-5.7082,-4.3565,-3.3735,-2.8656,-2.4401,-2.2915,-2.3963,-2.6387,-3.1642,-3.8956,-4.5516,-5.5647,-6.6388,-7.3039,-7.6311,-6.9971,-5.5817,-4.3127,-2.5913,-1.023,0.04409,1.3216,2.4409,3.4242,4.0857,4.884,5.5941,6.0633,6.6045,7.0337,7.274,7.4807,7.5439,7.4497,7.2657,6.8586,6.2518,5.6583,4.6552,3.3825,2.2136,0.30004,-2.1845,-5.5144,-8.6164,-11.64,-9.2623,-6.6918,-4.0661,-2.2626,-1.0424,-0.38364,0.25048,0.71437,1.0166,1.4383,1.9439,2.3823,3.0498,3.7517,4.421,4.8833,5.4275,5.8634,6.1131,6.3312,6.418,6.3932,6.2592,6.0199,5.6887,5.3893,4.9313,4.421,4.0057,3.4118,2.7821,2.1014,1.5494,0.75227,-0.13013,-0.83931,-1.8609,-3.0069,-3.9765,-5.4091,-6.9605,-8.7336,-10.359,-12.829,-14.741,-14.605,-12.137,-8.8966,-6.5298,-3.6521,-1.0567,1.2886,2.8957,4.8611,6.6353,7.8346,9.2517,10.456,11.447,12.051,12.672,13.078,13.24,13.26,13.049,12.735,12.095,11.189,9.9944,8.8906,7.1148,4.9544,3.0603,0.19654,-2.7733,-4.5468,-5.4947,-5.1523,-4.54,-4.1557,-3.7492,-3.3407,-2.9426,-2.2627,-1.4465,-0.59281,0.041547,0.86884,1.574,1.9679,2.3083,2.4694,2.4653,2.2539,1.7932,1.0649,0.34812,-0.84345,-2.3113,-3.5771,-5.4117,-7.2884,-8.5793,-9.942,-10.924,-11.722,-12.341,-13.251,-14.061,-14.31,-13.861,-12.708,-11.333
-0.22808,0.44749,1.1378,1.6279,1.8799,2.0845,2.165,2.151,2.0534,1.8785,1.6218,1.3825,0.99847,0.55596,0.18771,-0.32415,-0.85807,-1.249,-1.725,-2.1248,-2.4131,-2.5374,-2.5727,-2.483,-2.3626,-2.1727,-2.011,-1.9317,-1.927,-2.073,-2.3742,-2.7021,-3.2633,-3.9166,-4.4223,-5.0382,-5.4642,-5.6219,-5.5262,-5.1555,-4.5843,-4.0775,-3.3933,-2.7844,-2.4161,-2.0822,-1.9644,-2.0762,-2.3346,-2.9348,-3.8795,-4.8896,-6.7673,-9.4226,-12.059,-15.607,-13.605,-9.2831,-6.7004,-4.0505,-2.0232,-0.79532,0.5806,1.7306,2.6961,3.3264,4.0587,4.683,5.0763,5.5051,5.8115,5.949,6.0027,5.894,5.6117,5.2804,4.6752,3.8825,3.1691,2.0666,0.80392,-0.2379,-1.7423,-3.355,-4.8796,-5.7737,-6.2158,-5.5585,-4.5468,-2.9761,-1.5233,-0.30669,0.44825,1.2656,1.8978,2.2799,2.6968,3.0488,3.2798,3.5817,3.9052,4.2483,4.5085,4.8498,5.176,5.4013,5.6525,5.826,5.891,5.8738,5.7362,5.4781,5.2003,4.7165,4.0984,3.5468,2.6982,1.7163,0.60622,-0.3141,-1.6311,-3.0234,-4.0906,-5.4969,-6.8147,-7.6923,-8.6551,-9.5684,-10.619,-11.376,-12.19,-12.882,-13.241,-13.137,-11.937,-10.357,-7.7488,-5.0096,-2.3506,-0.4949,1.7589,3.7579,5.0831,6.6108,7.8789,8.8997,9.5129,10.129,10.523,10.673,10.678,10.459,10.148,9.5275,8.6558,7.5003,6.4315,4.6928,2.5292,0.58829,-2.4429,-5.6699,-7.3826,-7.4206,-6.0962,-4.9022,-4.2891,-3.8214,-3.6373,-3.599,-3.5968,-3.4918,-3.2012,-2.8495,-2.1964,-1.3708,-0.76802,-0.12428,0.2733,0.41495,0.35528,-0.044212,-0.81488,-1.6412,-3.1194,-5.135,-7.1003,-10.71,-16.497,-24.551,-23.445,-16.48,-13.308,-11.841,-10.578,-9.7159,-9.2199,-8.6401,-8.0645,-7.4766
-0.24617,0.47151,1.1451,1.5583,1.7422,1.8571,1.875,1.8544,1.8186,1.7692,1.7133,1.6528,1.5241,1.2923,1.0339,0.55936,-0.088055,-0.70084,-1.6822,-2.8173,-3.9672,-4.6725,-5.0877,-4.7258,-4.0893,-3.0616,-2.1255,-1.5816,-1.1122,-0.95357,-1.111,-1.4289,-2.1461,-3.1681,-4.1061,-5.4958,-6.7689,-7.3716,-7.1312,-6.0092,-4.5912,-3.5336,-2.2834,-1.2843,-0.69689,-0.11405,0.23968,0.38262,0.36586,0.19238,-0.12563,-0.4459,-0.91202,-1.3314,-1.5844,-1.7499,-1.5987,-1.1777,-0.73997,-0.11332,0.49102,0.90676,1.4162,1.8814,2.3576,2.7406,3.2921,3.8694,4.2884,4.7994,5.2098,5.4175,5.5359,5.4326,5.0927,4.6675,3.8663,2.7811,1.7894,0.25233,-1.4159,-2.5957,-3.7236,-3.9802,-3.48,-2.8474,-1.8476,-0.78557,0.016827,1.0309,1.9201,2.6467,3.0858,3.492,3.7015,3.7299,3.6083,3.3422,3.0662,2.6616,2.3529,2.3083,2.4905,2.9956,3.6744,4.2126,4.8715,5.4093,5.7078,5.9541,5.9959,5.8372,5.5908,5.0887,4.3873,3.7235,2.6314,1.2853,-0.33268,-1.7492,-3.9266,-6.5614,-8.8633,-12.224,-14.959,-15.463,-14.517,-13.687,-13.28,-13.093,-13.25,-14.421,-16.105,-19.757,-24.261,-18.66,-11.581,-6.8926,-3.3894,-1.198,1.3035,3.3993,4.7268,6.1972,7.3724,8.2884,8.819,9.3259,9.6216,9.7185,9.6978,9.5239,9.306,8.9063,8.3833,7.7447,7.1935,6.3605,5.4349,4.71,3.7424,2.8427,2.2457,1.5733,0.97239,0.33507,-0.23576,-1.2263,-2.6282,-4.0849,-6.8512,-11.004,-14.326,-11.358,-6.7801,-3.7615,-2.1133,-0.46715,0.6073,1.104,1.4418,1.4453,1.1128,0.66389,-0.16292,-1.2,-2.0838,-3.3211,-4.4882,-5.157,-5.6367,-5.7051,-5.5807,-5.4314,-5.2434,-5.1234,-5.0775,-5.1046,-5.1988,-5.2873
1.9754,2.0481,1.9288,1.543,1.0976,0.33459,-0.50346,-1.0126,-1.2893,-0.99255,-0.2738,0.33244,1.0463,1.5184,1.6726,1.5838,1.1053,0.44914,-0.89309,-2.974,-6.2807,-10.181,-16.133,-9.9153,-5.9848,-2.624,-0.4687,0.62705,1.5632,2.0028,1.9919,1.6944,0.88135,-0.45283,-1.8892,-4.5709,-8.438,-12.031,-10.471,-6.291,-3.211,-1.5461,0.058882,1.1656,1.7532,2.2802,2.5842,2.7376,2.7813,2.7938,2.7819,2.7841,2.8245,2.8438,2.864,2.9081,2.9374,2.8935,2.788,2.5053,2.0299,1.5212,0.61502,-0.47144,-1.409,-1.5925,-0.84762,0.65599,1.8751,3.3188,4.4297,5.043,5.5543,5.7264,5.5646,5.2177,4.4344,3.2353,2.0001,-0.22611,-3.4799,-7.0925,-14.228,-10.568,-4.8638,-2.2067,0.30758,2.1754,3.2577,4.3785,5.1877,5.731,5.9633,6.0317,5.809,5.43,4.5814,3.2577,1.8621,-0.82355,-5.0161,-10.202,-8.3092,-3.0558,0.44003,2.2592,3.9812,5.1316,5.7251,6.2088,6.4027,6.3367,6.1293,5.6513,4.9447,4.2703,3.164,1.8024,0.16564,-1.2649,-3.4966,-6.1321,-8.3747,-11.508,-13.778,-13.957,-12.995,-12.009,-10.755,-9.9178,-9.2533,-8.7438,-8.2761,-7.6709,-6.7608,-5.6402,-3.7507,-1.7613,0.23031,1.6659,3.4448,4.9917,5.9714,7.0437,7.8624,8.4249,8.6816,8.8002,8.697,8.4992,8.1363,7.7351,7.4639,7.2013,7.0889,7.0889,7.12,7.1526,7.1403,7.0764,6.9165,6.6814,6.4519,6.0731,5.5947,5.0033,4.4596,3.5787,2.5021,1.5661,0.23773,-0.88352,-1.3783,-1.2099,-0.16514,1.2103,2.0922,3.0363,3.7304,4.0636,4.2883,4.3193,4.1889,3.9798,3.5746,3.0663,2.667,2.1374,1.5916,1.1854,0.68199,0.23095,-0.20123,-0.54843,-1.0749,-1.689,-2.2441,-3.1324,-4.2818,-5.7544
0.78713,0.47122,-0.20032,-1.263,-2.4053,-4.6415,-8.2357,-12.961,-27.492,-12.271,-6.6689,-4.1946,-1.9859,-0.56449,0.15579,0.7193,0.93886,0.91482,0.68149,0.29361,-0.10466,-0.30877,-0.28868,0.11605,0.62625,1.4498,2.2513,2.7735,3.3048,3.6126,3.6772,3.5744,3.2547,2.7368,2.2652,1.5926,0.99231,0.60947,0.52024,0.61945,0.8734,1.0811,1.2618,1.2868,1.1808,0.86826,0.37952,-0.21856,-0.65264,-1.0752,-1.1418,-0.9229,-0.36811,0.32605,0.85261,1.4581,1.8468,1.9861,1.9113,1.5234,0.73268,-0.18813,-1.9992,-4.738,-8.6967,-11.096,-8.3373,-4.2511,-1.9819,0.21903,1.7185,2.4997,3.1812,3.5415,3.6245,3.5226,3.191,2.6658,2.1774,1.4543,0.72984,0.29239,0.036048,0.25905,0.86353,1.4726,2.3936,3.3136,3.9303,4.6146,5.1397,5.4923,5.6236,5.6085,5.3608,5.0037,4.2852,3.2712,2.3546,0.9626,-0.43818,-1.2809,-1.2396,-0.44205,0.67108,1.4541,2.3305,2.958,3.2493,3.4359,3.43,3.2427,2.9889,2.4975,1.8316,1.223,0.27334,-0.84756,-2.1296,-3.1905,-4.6534,-6.1088,-7.1706,-8.4908,-9.572,-10.158,-10.782,-10.956,-10.639,-10.57,-10.566,-9.9809,-9.2245,-8.0023,-6.4307,-5.1265,-3.3892,-1.7512,-0.15582,0.98707,2.3647,3.498,4.1814,4.8913,5.3418,5.4843,5.3578,4.8683,3.9656,2.9741,1.1663,-1.1822,-2.9925,-3.9552,-2.3841,-0.11989,1.3186,2.7983,3.8391,4.3865,4.8802,5.164,5.2602,5.2704,5.1768,5.0026,4.8213,4.5316,4.2069,3.9635,3.66,3.4332,3.3653,3.3496,3.3095,3.3888,3.5004,3.5762,3.5607,3.4913,3.3004,3.0054,2.6605,2.3854,1.9988,1.6155,1.3281,0.96497,0.62748,0.35871,-0.046263,-0.51702,-1.0387,-1.4939,-2.1794,-3.003,-3.7058,-4.7711,-6.0452,-7.6195
-2.2872,-2.4154,-2.6979,-3.133,-3.5596,-4.2227,-4.8941,-5.2854,-5.396,-4.9672,-4.124,-3.3981,-2.461,-1.6631,-1.176,-0.67015,-0.30359,-0.09745,0.1142,0.29733,0.51156,0.71164,1.0402,1.4428,1.7843,2.2768,2.7524,3.0777,3.4391,3.694,3.8306,3.8465,3.7644,3.5746,3.3704,3.0507,2.6967,2.3331,2.0515,1.6722,1.2622,0.90392,0.33846,-0.38362,-1.0769,-2.2948,-3.9747,-6.4146,-9.085,-14.903,-19.753,-13.472,-8.1336,-4.9099,-3.2088,-1.5937,-0.53387,0.12754,0.39701,0.4937,0.31583,0.030475,-0.46701,-1.0111,-1.4697,-1.6569,-1.6365,-1.3522,-1.0517,-0.64049,-0.29734,-0.10755,0.039112,0.0846,0.039408,-0.020243,-0.13596,-0.25201,-0.33666,-0.42012,-0.44538,-0.41445,-0.28893,-0.052944,0.25791,0.57018,1.0919,1.6207,2.0036,2.4962,2.9334,3.2751,3.4456,3.5642,3.5292,3.4034,3.1239,2.7076,2.3361,1.8349,1.3368,0.88335,0.59771,0.30175,0.055902,-0.13138,-0.41653,-0.73409,-0.99654,-1.3913,-1.8102,-2.2366,-2.5661,-3.0346,-3.5675,-4.0503,-4.8108,-5.7603,-6.8882,-7.8508,-9.2436,-10.7,-11.74,-12.931,-13.859,-14.398,-14.935,-15.463,-16.844,-18.404,-20.611,-21.765,-19.874,-15.674,-11.737,-9.3349,-6.7783,-4.6706,-2.8632,-1.7095,-0.44006,0.54767,1.1365,1.7171,2.0198,2.026,1.8322,1.2908,0.36543,-0.63596,-2.432,-4.6897,-6.3754,-7.2492,-5.8008,-3.6724,-2.3118,-0.91751,0.029586,0.51053,0.93276,1.1595,1.2545,1.3398,1.4138,1.4979,1.5724,1.6811,1.7837,1.8497,1.9113,1.9137,1.9027,1.9147,1.8313,1.5899,1.3647,0.96906,0.42112,-0.069365,-0.83734,-1.7644,-2.7521,-3.4368,-4.1264,-4.4804,-4.5472,-4.4762,-4.3221,-4.2297,-4.2602,-4.5085,-4.9689,-5.437,-6.2179,-7.121,-7.8318,-8.7198,-9.411,-9.8392
-5.304,-4.8945,-4.3512,-3.8588,-3.5479,-3.2289,-2.9785,-2.8042,-2.5704,-2.3344,-2.0824,-1.9021,-1.6842,-1.5132,-1.4279,-1.3542,-1.3201,-1.2922,-1.2035,-1.0111,-0.66694,-0.31177,0.2947,0.99378,1.549,2.2791,2.9576,3.4101,3.9138,4.2889,4.5304,4.6166,4.6064,4.4642,4.2764,3.9282,3.4839,2.9585,2.5279,1.9159,1.2788,0.78065,0.10651,-0.60532,-1.186,-2.0415,-3.0429,-4.154,-4.986,-5.8367,-5.9412,-5.4005,-4.1303,-2.6798,-1.6538,-0.5436,0.31493,0.94219,1.2588,1.5089,1.5875,1.5502,1.393,1.1432,0.84275,0.59026,0.2136,-0.18255,-0.5074,-1.0269,-1.6171,-2.1078,-2.7874,-3.4506,-3.9862,-4.2431,-4.3308,-4.1749,-3.9591,-3.6257,-3.29,-3.0591,-2.8005,-2.5831,-2.2925,-1.9994,-1.5261,-0.96206,-0.4654,0.253,0.9545,1.5551,1.9305,2.3055,2.5279,2.5951,2.5635,2.3853,2.1545,1.7606,1.295,0.72833,0.23895,-0.5024,-1.3515,-2.0828,-3.2203,-4.5242,-5.5831,-6.9939,-8.1808,-8.8348,-8.8976,-8.6383,-8.3254,-8.2522,-8.4486,-9.0322,-10.065,-11.206,-13.395,-16.451,-19.502,-23.972,-23.464,-20.914,-18.367,-17.291,-17.29,-16.94,-16.956,-17.273,-16.137,-13.541,-10.601,-8.6534,-6.5318,-4.7421,-3.2001,-2.261,-1.2671,-0.49311,-0.016096,0.45933,0.73938,0.88119,0.90737,0.82335,0.59754,0.36325,-0.0037415,-0.37239,-0.60348,-0.79363,-0.82195,-0.77483,-0.75592,-0.81781,-1.0729,-1.3989,-2.0031,-2.731,-3.2251,-3.6483,-3.6336,-3.1853,-2.6691,-1.9101,-1.2078,-0.75585,-0.26478,0.080126,0.21011,0.25813,0.2851,0.094,-0.21455,-0.79034,-1.6351,-2.4947,-3.9922,-6.0539,-9.0385,-12.153,-17.613,-17.266,-13.579,-10.163,-8.1846,-7.2942,-6.6724,-6.6296,-7.1328,-7.8496,-9.2783,-11.285,-13.208,-16.07,-17.712,-16.503
-10.015,-7.8341,-5.6124,-4.0108,-3.1258,-2.2495,-1.6432,-1.3259,-1.0604,-0.92679,-0.9155,-0.97439,-1.1537,-1.4538,-1.7799,-2.3567,-3.1124,-3.7755,-4.6662,-5.2354,-5.005,-4.1674,-2.515,-0.70228,0.57814,2.0754,3.3245,4.0936,4.9134,5.4994,5.8594,5.9887,5.9804,5.7677,5.4761,4.917,4.173,3.264,2.5039,1.4276,0.37872,-0.28688,-0.93864,-1.2637,-1.311,-1.2085,-1.0023,-0.76732,-0.57345,-0.26952,0.11479,0.45894,0.9788,1.5444,1.9335,2.4084,2.8259,3.1384,3.3049,3.4249,3.4418,3.3856,3.2071,2.9092,2.493,2.0929,1.4359,0.59922,-0.15221,-1.344,-2.8255,-4.1738,-6.3602,-9.0973,-12.154,-13.674,-12.685,-10.202,-8.5493,-6.9491,-5.9962,-5.6499,-5.6225,-6.0246,-6.6617,-7.0888,-7.0369,-5.7995,-4.3979,-2.5056,-0.88281,0.40966,1.1673,1.8968,2.3508,2.5257,2.556,2.4213,2.2122,1.7787,1.2177,0.54701,-0.041556,-0.9737,-2.1022,-3.1027,-4.7461,-6.9439,-9.154,-13.389,-21.54,-27.819,-18.039,-13.016,-10.452,-9.2917,-8.4603,-8.2592,-8.6198,-9.1911,-10.365,-11.97,-13.244,-14.411,-14.365,-13.586,-12.27,-11.092,-9.8076,-9.1285,-8.537,-7.649,-6.9262,-5.9106,-4.7856,-4.0274,-3.0617,-2.1483,-1.4529,-1.0718,-0.67993,-0.4045,-0.28553,-0.19288,-0.048701,0.19462,0.43019,0.78825,1.1766,1.4574,1.7761,1.9967,2.0958,2.1299,2.022,1.7346,1.382,0.65371,-0.42574,-1.5446,-3.6278,-6.7115,-10.231,-18.457,-16.732,-10.051,-7.2627,-4.8965,-3.3793,-2.591,-1.8415,-1.2632,-0.83205,-0.67975,-0.56337,-0.47656,-0.5261,-0.77984,-1.2728,-1.8438,-2.8702,-4.1513,-5.7251,-6.9594,-8.142,-8.201,-7.6067,-6.4483,-5.3653,-4.815,-4.4646,-4.5222,-5.0289,-5.7385,-7.1418,-9.114,-10.98,-13.743,-15.275,-14.327
-7.2134,-5.6574,-3.9327,-2.6774,-1.998,-1.3791,-1.0547,-0.95733,-1.0002,-1.1688,-1.4486,-1.7022,-2.1154,-2.6313,-3.1142,-3.9948,-5.267,-6.6646,-9.6286,-15.263,-19.734,-12.256,-6.2154,-2.4053,-0.2966,1.8976,3.5748,4.5597,5.5674,6.2685,6.6839,6.8171,6.7587,6.4276,5.9969,5.1565,3.9852,2.4298,0.95598,-1.5398,-4.7737,-7.6729,-10.199,-8.1262,-5.7919,-3.2861,-1.453,-0.088148,0.71155,1.5581,2.2214,2.6181,3.024,3.3131,3.45,3.5896,3.6643,3.679,3.6781,3.664,3.6215,3.5642,3.4257,3.1863,2.7874,2.3627,1.6154,0.6151,-0.30767,-1.7421,-3.4742,-4.9672,-7.2268,-9.7473,-12.296,-13.335,-12.415,-10.145,-8.5617,-6.9033,-5.9308,-5.6715,-5.9845,-7.1514,-9.741,-12.91,-16.194,-11.068,-7.2307,-3.7347,-1.432,0.15166,0.97174,1.6704,1.9839,2.0147,1.8013,1.3634,0.9508,0.29032,-0.45756,-1.1791,-1.7006,-2.3922,-3.1482,-3.7737,-4.6823,-5.7885,-6.7137,-7.8763,-8.7537,-9.0143,-8.7224,-7.9147,-7.0059,-6.3834,-5.6851,-5.2223,-5.0002,-4.9357,-4.9675,-5.1285,-5.2327,-5.2782,-5.2225,-5.0978,-4.8068,-4.4279,-3.887,-3.6488,-3.3163,-2.7421,-2.3606,-1.829,-1.3519,-1.0496,-0.65617,-0.38159,-0.39342,-0.55669,-1.0014,-1.805,-2.6635,-3.9767,-4.9859,-4.9061,-3.9768,-2.1925,-0.41706,0.70924,1.9104,2.7942,3.2706,3.6691,3.7936,3.6703,3.4079,2.8141,1.9352,1.064,-0.35945,-2.0344,-3.3067,-4.6214,-5.1215,-4.8902,-4.5338,-4.1664,-4.0525,-4.1087,-4.2887,-4.3991,-3.9788,-3.4466,-2.7779,-2.0801,-1.584,-1.1397,-0.8987,-0.84241,-0.95901,-1.178,-1.3969,-1.5421,-1.6667,-1.6046,-1.4463,-1.2091,-0.94283,-0.76282,-0.63885,-0.69948,-0.94286,-1.2531,-1.8369,-2.5714,-3.1517,-3.9427,-4.6506,-5.2578
-1.692,-1.477,-1.2736,-1.2066,-1.2823,-1.575,-2.077,-2.5812,-3.3754,-4.2825,-5.1592,-5.7284,-6.2599,-6.4877,-6.4306,-6.2563,-6.0623,-5.9502,-5.7956,-5.4266,-4.6154,-3.6617,-2.0693,-0.34101,0.89924,2.4008,3.6865,4.4907,5.3509,5.9641,6.3329,6.4473,6.3779,6.0335,5.5994,4.7588,3.599,2.0839,0.69011,-1.5165,-4.0501,-5.8737,-7.173,-6.4273,-5.1058,-3.2646,-1.6584,-0.34489,0.4714,1.3308,1.9378,2.2381,2.4192,2.345,2.1466,1.7243,1.1272,0.53411,0.218,0.093619,0.30975,0.60381,1.0171,1.2779,1.2738,1.0646,0.47303,-0.49231,-1.4826,-3.1634,-5.1983,-6.8554,-8.9136,-10.105,-9.9587,-9.206,-7.85,-6.4031,-5.3701,-4.215,-3.3365,-2.8788,-2.5443,-2.4956,-2.5515,-2.4842,-2.2791,-1.7374,-1.1102,-0.26649,0.46756,1.0092,1.2225,1.2377,0.93491,0.48255,-0.4094,-1.7017,-2.8656,-4.5685,-6.26,-7.4133,-7.657,-7.3419,-6.8228,-6.5578,-6.3641,-6.3417,-6.4405,-6.6291,-6.7433,-6.6771,-6.4877,-6.0951,-5.4914,-5.0097,-4.3466,-3.7154,-3.1455,-2.8055,-2.4503,-2.1768,-2.0301,-1.9255,-1.874,-1.8702,-1.9132,-1.9783,-2.1423,-2.2552,-2.1785,-2.07,-1.9546,-1.6361,-1.2709,-0.94234,-0.55902,-0.41812,-0.49444,-0.74845,-1.4851,-2.8071,-4.2707,-7.1655,-11.57,-12.422,-8.8455,-4.6913,-1.76,-0.14916,1.4617,2.6335,3.2872,3.8855,4.2385,4.3662,4.3202,4.087,3.6644,3.2467,2.5711,1.809,1.2074,0.3765,-0.45444,-1.3507,-2.132,-3.4428,-5.2764,-7.1802,-11.072,-18.15,-17.207,-11.984,-7.5766,-5.0818,-3.8466,-2.7706,-2.1103,-1.7808,-1.5536,-1.4916,-1.4156,-1.3136,-1.102,-0.78806,-0.45834,0.0205,0.4678,0.78513,1.1561,1.3926,1.5019,1.4946,1.3679,1.1153,0.85729,0.43446,-0.09197,-0.71555
1.4149,1.1255,0.57457,-0.182,-0.91144,-2.1238,-3.6208,-4.9597,-7.0667,-9.5785,-12.634,-15.246,-17.745,-15.998,-13.464,-10.405,-8.0388,-6.58,-4.9282,-3.5196,-2.2409,-1.3362,-0.16006,0.9598,1.7651,2.77,3.6604,4.2523,4.9233,5.4414,5.7971,5.9411,5.9568,5.7645,5.4633,4.8556,4.0096,2.9367,2.01,0.66755,-0.6883,-1.6209,-2.6191,-3.1149,-3.1087,-2.6184,-1.7252,-0.68893,0.068074,0.93818,1.5406,1.7801,1.7845,1.3721,0.74086,-0.70793,-3.011,-6.6497,-10.634,-12.338,-7.1029,-4.1913,-1.6616,-0.1808,0.59188,0.78303,0.56533,-0.15753,-1.0731,-2.8544,-5.4181,-8.1344,-13.592,-18.403,-12.458,-8.898,-5.7142,-3.5199,-2.2501,-0.93926,0.045165,0.62434,1.2071,1.6173,1.9276,2.0766,2.2321,2.4025,2.4686,2.4822,2.4293,2.2159,1.9295,1.3686,0.547,-0.27502,-1.6856,-3.6469,-5.6427,-9.2426,-15.165,-24.647,-18.057,-12.465,-9.7355,-8.5827,-7.8919,-7.7914,-7.9931,-8.5722,-9.1823,-9.5125,-9.3936,-8.6232,-7.3954,-6.337,-4.9923,-3.7825,-2.727,-2.0806,-1.3926,-0.87812,-0.62197,-0.46524,-0.50201,-0.67187,-1.116,-1.8122,-2.859,-3.6601,-4.8547,-5.9507,-6.0709,-5.2335,-3.7646,-2.6041,-1.3583,-0.48728,0.11258,0.31768,0.27443,0.023186,-0.28112,-0.77431,-1.0597,-1.0045,-0.72325,-0.033271,0.79831,1.4247,2.2252,2.9347,3.3818,3.8817,4.2626,4.5072,4.5998,4.6031,4.4704,4.2925,3.9516,3.5039,3.0981,2.4646,1.7303,0.86112,0.1007,-1.082,-2.4823,-3.6661,-5.2205,-6.5896,-6.5095,-5.8763,-4.9586,-3.8916,-3.3483,-2.9176,-2.8929,-3.1412,-3.6441,-4.2954,-4.8951,-5.0364,-4.596,-3.5721,-2.637,-1.307,-0.077371,0.70434,1.5708,2.2646,2.7578,3.0181,3.2248,3.2834,3.2292,3.0525,2.7559,2.3434
3.933,3.3744,2.4139,1.1505,-0.022167,-1.9224,-4.2684,-6.3628,-9.5645,-13.034,-16.231,-17.962,-18.632,-16.539,-13.922,-10.552,-7.7792,-6.0771,-4.2011,-2.6996,-1.4782,-0.69821,0.18175,0.95444,1.4779,2.1495,2.7936,3.2715,3.8979,4.4957,5.0162,5.3286,5.611,5.708,5.6321,5.3223,4.7427,3.891,3.0484,1.6136,-0.24948,-2.0028,-4.9572,-8.6935,-10.625,-8.3606,-4.6667,-1.8398,-0.26621,1.2755,2.3129,2.7824,3.0437,2.8934,2.4879,1.5961,0.34649,-1.1386,-2.0414,-2.2411,-1.2238,-0.12137,1.2682,2.3091,2.9697,3.2177,3.2421,2.9459,2.553,1.8182,0.91705,0.25038,-0.47014,-0.75988,-0.48431,-0.0058733,0.81941,1.706,2.3258,3.0761,3.7081,4.0882,4.4945,4.7908,4.9612,4.9846,4.9603,4.8102,4.5989,4.2438,3.7516,3.1207,2.5894,1.7898,0.89838,0.16651,-0.86434,-1.9504,-2.8928,-4.1199,-5.1559,-5.8529,-6.0153,-5.9175,-5.8043,-5.7845,-6.1342,-7.0633,-8.1723,-10.425,-14.311,-22.758,-29.333,-16.026,-10.837,-8.3282,-5.8373,-3.9357,-2.4564,-1.533,-0.51605,0.22681,0.61223,0.92383,0.94536,0.75755,0.20877,-0.7581,-2.2253,-4.0075,-7.6424,-13.155,-16.636,-9.7775,-4.9674,-2.5967,-0.49737,1.0075,1.9881,2.4308,2.7931,2.9131,2.8534,2.6978,2.5013,2.2399,2.0767,1.9259,1.8334,1.8391,1.9868,2.2764,2.5759,3.05,3.5305,3.9448,4.1935,4.4198,4.5208,4.5002,4.3665,4.122,3.8793,3.5014,3.05,2.5504,2.1552,1.6021,1.0428,0.63207,0.22234,-0.17572,-0.49549,-0.47825,-0.58516,-0.79262,-1.0126,-1.4871,-2.3134,-3.3048,-5.1708,-8.0639,-13.435,-23.348,-16.81,-8.8871,-5.6507,-2.7385,-0.61697,0.63324,1.9214,2.9157,3.6671,4.0933,4.4952,4.7388,4.8195,4.803,4.6666,4.4088
6.1891,5.6245,4.6387,3.3434,2.136,0.14938,-2.3971,-4.7709,-8.8683,-14.92,-23.752,-19.639,-13.798,-10.3,-8.3921,-6.3021,-4.6128,-3.5622,-2.4287,-1.5992,-1.0284,-0.75768,-0.57867,-0.55867,-0.59928,-0.6374,-0.45645,-0.063658,0.79452,1.9218,3.0953,3.9119,4.8287,5.4777,5.7902,5.952,5.821,5.3763,4.8298,3.8106,2.4233,1.1247,-0.91855,-2.8854,-3.6049,-2.7806,-0.81587,1.1497,2.3886,3.7051,4.6649,5.1902,5.639,5.8452,5.866,5.7897,5.5918,5.4079,5.3196,5.3162,5.4729,5.6601,5.9431,6.2264,6.4327,6.5156,6.5321,6.4208,6.2854,6.0379,5.751,5.5405,5.3112,5.1692,5.142,5.1812,5.3243,5.5452,5.7346,6.0016,6.2705,6.4501,6.6415,6.753,6.754,6.6965,6.4836,6.0568,5.6439,4.9162,3.9558,2.8267,1.8973,0.63002,-0.44659,-1.0147,-1.3932,-1.3513,-1.2184,-1.065,-0.92161,-0.83982,-0.84361,-0.9222,-1.1512,-1.4961,-2.1288,-3.0565,-3.9581,-5.3764,-6.9186,-8.1198,-8.5398,-8.2439,-7.231,-6.2649,-4.8711,-3.4056,-1.968,-0.9533,0.27919,1.2903,1.8984,2.5003,2.842,2.937,2.8442,2.5207,1.9984,1.4695,0.97091,0.52638,0.53708,1.0583,1.9554,2.6613,3.5518,4.3336,4.8469,5.0878,5.2429,5.1493,4.9395,4.512,3.8338,2.9632,2.1829,0.91416,-0.46944,-1.4401,-2.2687,-2.0876,-1.3285,0.0084278,1.2766,2.2928,2.8733,3.3792,3.6282,3.6646,3.5638,3.3294,3.1184,2.8241,2.5554,2.3582,2.2595,2.1772,2.1441,2.1319,2.1001,2.1936,2.0705,1.9627,1.8876,1.5951,1.2939,0.68484,-0.078596,-0.77074,-1.9663,-3.2043,-4.2675,-4.7156,-4.421,-3.3663,-2.3074,-0.78652,0.58234,1.4973,2.5812,3.4568,4.1634,4.5776,4.9966,5.2677,5.3887,5.4381,5.3725,5.198
6.4776,6.1426,5.494,4.6181,3.8089,2.5293,1.056,-0.14806,-1.7814,-3.1957,-4.1286,-4.4032,-4.2961,-3.8134,-3.3796,-2.8274,-2.4151,-2.1971,-2.0791,-2.1645,-2.4894,-2.8992,-3.6974,-4.9306,-6.2629,-8.9125,-12.626,-13.599,-9.03,-4.5531,-1.3085,0.53891,2.4255,3.7817,4.5178,5.1746,5.5149,5.5685,5.4523,5.1266,4.6592,4.2669,3.7554,3.3946,3.2696,3.3455,3.6718,4.1608,4.5724,5.1151,5.6037,5.9128,6.2495,6.4957,6.6446,6.758,6.8053,6.8401,6.8454,6.8394,6.8425,6.844,6.8403,6.8396,6.8187,6.7968,6.7663,6.7175,6.6495,6.5348,6.3931,6.2528,6.0327,5.7817,5.4987,5.2957,5.0623,4.8844,4.8262,4.8539,4.987,5.1508,5.3838,5.5789,5.6746,5.6652,5.4389,5.0037,4.508,3.4968,2.103,0.1691,-1.8256,-5.492,-11.01,-13.846,-9.2364,-5.2251,-3.1458,-1.2853,-0.091966,0.68701,1.0409,1.2526,1.2306,1.0282,0.58637,-0.059254,-0.69986,-1.7171,-2.8808,-4.2025,-5.274,-6.8321,-8.4555,-9.3131,-9.0385,-7.0936,-4.632,-2.9108,-1.0166,0.48317,1.3873,2.2789,2.9114,3.2419,3.5278,3.6593,3.7225,3.8398,3.9183,3.9982,4.2122,4.5032,4.8489,5.0893,5.4375,5.6618,5.7429,5.7399,5.5426,5.1525,4.7579,3.9854,2.9497,1.6464,0.35646,-1.8922,-5.0523,-8.7195,-17.88,-14.181,-8.5188,-4.3772,-1.9557,-0.43369,0.26076,0.7144,0.70485,0.45413,-0.14654,-0.97255,-1.637,-2.4184,-2.7989,-2.6955,-2.3636,-1.7175,-1.0027,-0.47284,0.055014,0.58264,1.0578,1.1466,1.2597,1.2478,1.1173,0.75894,0.26173,-0.15185,-0.84275,-1.5027,-2.0588,-2.3772,-2.4906,-2.265,-1.968,-1.3218,-0.53402,0.052648,0.82756,1.5124,2.0605,2.3852,2.7055,2.8897,2.9719,3.0059,2.9544,2.8391
5.0136,4.9311,4.653,4.2155,3.7975,3.1619,2.4692,1.9324,1.2354,0.59194,0.029929,-0.33427,-0.72745,-1.1023,-1.3896,-1.8141,-2.3583,-2.8739,-3.6982,-4.6758,-5.7456,-6.5505,-7.6136,-8.6114,-9.3221,-10.318,-11.018,-10.597,-8.51,-5.6687,-3.0434,-1.3615,0.46075,1.8661,2.6689,3.4409,3.911,4.1445,4.1862,4.0981,3.8942,3.7032,3.4531,3.2256,3.1025,3.0194,3.0307,3.1182,3.2251,3.4008,3.6059,3.7577,3.9718,4.1748,4.3197,4.4678,4.6076,4.6741,4.68,4.6227,4.4713,4.3125,4.0588,3.7831,3.5562,3.4487,3.4105,3.5001,3.5929,3.7098,3.7369,3.6608,3.3949,2.9167,2.2105,1.5456,0.51176,-0.52321,-1.0997,-1.3235,-0.85881,-0.21441,0.77158,1.6445,2.3077,2.6014,2.7603,2.6799,2.3887,1.7521,0.79735,-0.52455,-1.7113,-3.4768,-4.9916,-5.4271,-4.7188,-3.1349,-1.9943,-0.63396,0.40938,1.1486,1.5357,1.8261,1.8956,1.8299,1.5252,1.0242,0.51015,-0.3772,-1.5046,-2.9752,-4.3568,-6.7606,-10.196,-13.331,-14.284,-9.9955,-6.3255,-4.2727,-2.261,-0.83391,-0.046751,0.68484,1.1532,1.3772,1.5752,1.74,1.9173,2.1332,2.3814,2.8286,3.1573,3.5523,3.9147,4.1453,4.3793,4.4308,4.3664,4.1983,3.7991,3.244,2.6981,1.8216,0.85543,-0.27933,-1.1677,-2.354,-3.5446,-4.2535,-4.7743,-4.6417,-4.1532,-3.28,-2.457,-1.8967,-1.7421,-1.9025,-2.5614,-3.4062,-5.1531,-7.7139,-10.454,-15.584,-19.148,-14.826,-11.884,-9.1327,-7.1849,-5.9846,-4.5225,-3.5589,-2.5843,-1.9707,-1.553,-1.2855,-1.2755,-1.4211,-1.8893,-2.4149,-3.2461,-4.3816,-5.6259,-6.5273,-7.5786,-7.9081,-7.5652,-6.6411,-5.4441,-4.5506,-3.6003,-2.8827,-2.4224,-2.2429,-2.1917,-2.28,-2.4104,-2.5549,-2.626,-2.6
3.949,3.8885,3.6947,3.4205,3.2013,2.9134,2.6429,2.4544,2.2076,1.932,1.6253,1.3555,0.91086,0.33174,-0.21163,-1.1329,-2.3012,-3.3959,-5.1996,-7.5013,-10.334,-12.68,-14.775,-13.828,-12.112,-9.8709,-7.9116,-6.5629,-4.8104,-3.1381,-1.5621,-0.49234,0.72274,1.6922,2.2456,2.754,3.0116,3.0372,2.9194,2.615,2.1907,1.8209,1.3192,0.86792,0.59958,0.34447,0.19758,0.13114,0.11107,0.11091,0.12744,0.1829,0.30392,0.53007,0.73618,1.1138,1.4873,1.7575,1.8644,1.8155,1.4848,1.0267,0.12409,-1.0639,-2.264,-2.8353,-2.7073,-1.7092,-0.74344,0.36779,1.0907,1.3582,1.3123,0.77363,-0.30025,-1.568,-4.0852,-8.2249,-13.891,-22.282,-10.293,-6.4567,-3.387,-1.4281,-0.14038,0.50618,1.1028,1.3402,1.3764,1.2956,1.0245,0.68386,0.40963,0.085973,-0.093249,-0.056634,0.14155,0.54091,0.94218,1.4602,1.9676,2.3835,2.615,2.8282,2.8908,2.8543,2.6843,2.3685,2.0566,1.5217,0.85271,0.092313,-0.54539,-1.3745,-2.0944,-2.453,-2.5352,-2.1942,-1.5565,-1.0625,-0.48112,-0.084076,0.020111,-0.054391,-0.41023,-0.83691,-1.5264,-2.1126,-2.2739,-2.1271,-1.2654,-0.12583,0.63154,1.6047,2.3599,2.793,3.0878,3.1983,3.0568,2.7623,2.2157,1.4097,0.64782,-0.46748,-1.7507,-2.9532,-3.6552,-4.2459,-4.3158,-4.0888,-3.5754,-2.9307,-2.4505,-1.8908,-1.4678,-1.316,-1.3936,-1.8186,-2.6458,-3.6058,-5.3243,-7.5901,-9.5645,-12.345,-14.097,-14.479,-14.216,-13.6,-12.49,-11.26,-9.3102,-7.1141,-5.6827,-4.6546,-3.5603,-3.0006,-2.7974,-2.8488,-3.2656,-3.8777,-5.0547,-6.83,-9.419,-12.196,-18.715,-36.63,-19.736,-13.188,-9.9248,-8.3652,-6.9621,-6.2196,-6.0127,-6.203,-6.93,-8.1537,-9.3461,-10.83,-11.098,-9.9924
3.2304,2.7755,2.0881,1.4608,1.1527,1.0524,1.2981,1.613,2.0549,2.4155,2.5963,2.6003,2.3775,1.9219,1.4044,0.44834,-0.82939,-1.996,-3.9534,-6.3828,-9.3857,-11.915,-14.153,-12.617,-10.378,-7.6712,-5.3895,-3.936,-2.2566,-0.80585,0.41683,1.1834,2.0251,2.6063,2.8705,3.0042,2.8695,2.4497,1.9459,1.0314,-0.148,-1.1548,-2.5716,-3.7735,-4.3692,-4.6508,-4.5043,-4.2784,-4.1902,-4.3155,-4.7396,-5.161,-5.6507,-5.5556,-4.9391,-3.5332,-2.1079,-0.88915,-0.23048,0.20656,0.12916,-0.34796,-1.6633,-4.091,-8.6594,-15.098,-12.978,-5.8219,-2.8737,-0.3934,1.0492,1.6587,1.9427,1.7036,0.99041,0.17912,-1.1926,-2.7031,-3.6733,-4.2388,-3.8319,-3.1182,-2.0602,-1.0961,-0.37308,0.056352,0.48209,0.67887,0.79991,0.85309,0.85894,0.91153,0.94496,1.0526,1.2507,1.4447,1.7809,2.1054,2.4019,2.7659,3.1006,3.3911,3.5569,3.7225,3.7992,3.7903,3.7407,3.6049,3.4703,3.2483,2.9944,2.7282,2.5405,2.3312,2.1819,2.1164,2.0919,2.1176,2.1575,2.1524,2.0464,1.7616,1.3578,0.52903,-0.79364,-2.2283,-5.0941,-10.033,-19.545,-14.291,-6.9494,-3.0982,-1.2998,0.50766,1.6829,2.2707,2.6604,2.7869,2.5441,2.1806,1.4338,0.30062,-0.77392,-2.6823,-5.3376,-8.932,-12.435,-13.869,-9.6351,-6.8978,-4.2418,-2.3353,-1.2717,-0.24215,0.4313,0.76411,0.80409,0.56021,-0.0096527,-0.65332,-1.7751,-3.1924,-4.4403,-6.318,-8.4537,-11.151,-13.912,-20.473,-32.132,-18.664,-12.419,-8.8794,-6.2098,-5.0563,-3.7054,-2.87,-2.4736,-2.3685,-2.5347,-2.9341,-3.8133,-4.9621,-6.4838,-7.652,-9.1596,-9.9615,-9.8751,-9.2749,-8.2977,-7.6671,-6.9713,-6.5731,-6.6178,-6.9785,-8.082,-10.097,-12.415,-17.019,-18.259,-13.568
2.1242,0.74464,-1.8056,-5.3482,-8.0505,-7.2922,-3.5909,-1.3484,0.79518,2.2281,3.0973,3.4487,3.5788,3.3567,2.9718,2.2066,1.1463,0.17873,-1.2727,-2.8052,-4.2362,-5.0745,-5.6524,-5.5501,-5.0236,-3.9233,-2.5717,-1.5514,-0.26936,0.86345,1.8101,2.3774,2.9352,3.2542,3.3241,3.1706,2.7089,1.9074,1.0522,-0.4999,-2.6849,-4.8836,-9.0096,-16.102,-22.959,-15.139,-10.721,-8.6547,-8.0028,-8.0185,-9.0924,-10.943,-16.039,-35.684,-16.574,-8.8757,-4.8721,-2.1668,-0.76424,0.52024,1.2486,1.4782,1.4244,1.0892,0.71645,0.61613,0.91406,1.6856,2.4089,3.2781,3.9307,4.2044,4.2915,4.0609,3.5495,3.0298,2.1787,1.2742,0.60517,-0.18261,-0.74733,-1.0369,-1.1983,-1.209,-1.1615,-1.1094,-1.1806,-1.2614,-1.3931,-1.6471,-1.7504,-1.7063,-1.4866,-0.99885,-0.39262,0.05357,0.66554,1.2302,1.5649,1.999,2.3426,2.6214,2.7957,2.9424,3.0435,3.0646,3.0377,2.9796,2.9124,2.8454,2.833,2.874,2.9637,3.1104,3.3157,3.4741,3.6738,3.8384,3.9067,3.8974,3.7556,3.4214,3.0532,2.31,1.3023,0.35788,-1.0995,-2.5341,-3.2044,-3.1878,-1.9348,-0.68534,0.27131,1.3188,2.0189,2.2999,2.5304,2.4243,2.0888,1.7155,0.94834,0.0086805,-0.89576,-2.3642,-4.0675,-6.0795,-7.2324,-7.4398,-5.7318,-4.0733,-1.9833,-0.25458,0.77449,1.8769,2.6343,3.1132,3.2878,3.276,3.0008,2.6402,1.9297,0.97055,0.1123,-1.2076,-2.7368,-4.3581,-5.5754,-6.8918,-7.4794,-7.4506,-6.583,-5.5888,-4.5052,-3.5878,-2.7802,-2.0115,-1.5917,-1.2613,-1.2204,-1.3545,-1.8313,-2.5336,-3.4683,-4.2698,-5.3468,-6.4492,-7.0628,-7.6216,-7.6961,-7.381,-6.7523,-6.0286,-5.4701,-5.2288,-5.1434,-5.3444,-5.5632,-5.8125,-5.7723,-5.4024
1.7483,0.54851,-1.4336,-3.651,-4.8493,-4.5243,-2.5111,-0.87648,0.93805,2.2685,3.156,3.5523,3.7764,3.6342,3.3057,2.5712,1.4969,0.45323,-1.2458,-3.3282,-5.7619,-7.625,-9.2905,-8.79,-7.3791,-5.2064,-3.2826,-2.0552,-0.69198,0.37455,1.1795,1.6276,2.01,2.1801,2.1638,1.9229,1.4201,0.63611,-0.15558,-1.5179,-3.2211,-4.7327,-6.9753,-8.9817,-9.9335,-10.141,-9.621,-9.0619,-8.7967,-8.657,-8.7117,-8.8041,-8.8017,-8.2362,-7.2182,-5.3101,-3.2778,-1.3359,-0.10734,1.2846,2.3528,2.978,3.6075,4.0623,4.4244,4.6575,4.9738,5.2683,5.4675,5.6613,5.73,5.6706,5.4202,4.9553,4.2625,3.5709,2.4374,1.0443,-0.15741,-1.9262,-3.7425,-4.9126,-5.8421,-5.9309,-5.5171,-5.3125,-5.3588,-5.9045,-6.8173,-8.4204,-10.304,-10.995,-9.9311,-7.7358,-5.8142,-4.6477,-3.5919,-2.8137,-2.4122,-2.0278,-1.6937,-1.4062,-1.2056,-0.99393,-0.90507,-0.90615,-1.0866,-1.3648,-1.5965,-1.8244,-1.8202,-1.4739,-1.0379,-0.28419,0.51382,1.0927,1.7826,2.3399,2.7549,2.9567,3.0813,3.041,2.9048,2.5961,2.1733,1.804,1.3269,0.87856,0.58654,0.51412,0.57056,0.65293,0.85366,0.96201,0.97953,0.90452,0.66296,0.20053,-0.35928,-0.90745,-1.6119,-2.2661,-2.6848,-3.024,-3.2459,-3.1579,-2.9681,-2.4703,-1.6637,-0.96995,0.057717,1.0626,1.7791,2.6286,3.3229,3.8465,4.111,4.3016,4.2853,4.1262,3.7374,3.1481,2.578,1.6572,0.59037,-0.59982,-1.526,-2.7669,-3.9406,-4.7016,-5.6645,-5.7852,-5.7341,-5.1515,-4.0677,-3.0395,-2.402,-1.6814,-1.3354,-1.2652,-1.4381,-2.0142,-2.9161,-3.9226,-5.6158,-8.0632,-10.582,-15.03,-17.552,-14.386,-10.132,-7.3118,-5.3948,-4.3811,-3.4135,-2.7743,-2.467,-2.178,-2.0061,-1.9346
1.3164,0.81859,0.21753,-0.18464,-0.28541,-0.095856,0.41579,0.92928,1.6738,2.346,2.8775,3.1457,3.2828,3.1596,2.8795,2.2221,1.2288,0.23373,-1.4946,-3.8158,-6.9758,-10.061,-14.073,-12.48,-9.5229,-6.4901,-4.4271,-3.299,-2.2103,-1.4651,-0.98821,-0.75448,-0.57165,-0.52972,-0.58235,-0.75608,-1.0701,-1.5646,-2.0685,-2.9088,-3.9322,-4.7888,-5.9701,-7.1486,-7.9797,-8.9619,-9.7786,-10.412,-10.674,-10.716,-10.329,-9.6953,-8.5566,-7.1799,-5.9859,-4.4154,-2.7715,-1.2264,-0.13743,1.1525,2.2651,2.9745,3.767,4.3967,4.8751,5.1537,5.4282,5.6055,5.6606,5.6523,5.5096,5.3186,4.9164,4.325,3.4988,2.6951,1.3304,-0.48252,-2.2161,-5.3326,-10.039,-16.177,-27.716,-14.249,-10.289,-8.9437,-8.219,-8.7669,-9.6933,-12.08,-15.554,-17.528,-15.347,-12.101,-9.93,-8.9753,-8.2925,-8.4018,-8.6481,-9.1594,-9.3113,-8.7987,-8.1755,-7.3096,-6.8263,-6.8034,-7.2508,-8.4233,-9.758,-12.087,-13.705,-12.164,-9.9443,-7.2018,-5.0259,-3.7349,-2.3569,-1.311,-0.51133,-0.073103,0.32665,0.54619,0.57376,0.5108,0.30268,0.092557,-0.24481,-0.58415,-0.95344,-1.0893,-1.4254,-1.4886,-1.6314,-1.8216,-2.0789,-2.3346,-3.0256,-3.881,-5.2169,-6.405,-8.1482,-9.6036,-9.7378,-8.7712,-7.2259,-5.6948,-4.7411,-3.5906,-2.64,-1.962,-1.1036,-0.26607,0.37113,1.1816,1.9771,2.6789,3.1266,3.5845,3.8553,3.9198,3.8218,3.508,3.1188,2.4103,1.4633,0.27212,-0.80921,-2.5634,-4.8147,-6.9248,-11.059,-17.087,-16.477,-12.301,-8.2002,-5.5516,-4.1611,-2.9175,-2.1209,-1.8283,-1.7436,-2.0218,-2.6563,-3.3604,-4.6775,-6.3456,-7.867,-9.6822,-10.331,-9.5105,-7.7048,-5.8888,-4.394,-3.5004,-2.6046,-1.9605,-1.6178,-1.3207,-1.1865,-1.2017
-0.80319,-1.2643,-1.654,-1.676,-1.4455,-0.88398,-0.16001,0.42326,1.186,1.8647,2.4103,2.7184,2.9474,2.9842,2.8676,2.5266,1.9593,1.3825,0.4407,-0.64717,-1.7695,-2.5291,-3.2727,-3.5709,-3.5517,-3.3317,-3.1256,-3.044,-3.1057,-3.3469,-3.7117,-4.0033,-4.2989,-4.4025,-4.3698,-4.2208,-4.097,-4.1116,-4.2531,-4.6513,-5.2798,-5.9035,-6.9264,-8.2143,-9.3022,-10.994,-13.042,-15.521,-17.572,-19.355,-17.833,-15.422,-12.227,-9.405,-7.5539,-5.4293,-3.4736,-1.8246,-0.68939,0.64701,1.7732,2.4899,3.273,3.8829,4.3089,4.5335,4.6966,4.7517,4.7258,4.6198,4.4369,4.2535,3.9299,3.4882,2.9022,2.3548,1.4283,0.24453,-0.81002,-2.4158,-4.0882,-5.1943,-6.1158,-6.2738,-6.058,-5.9109,-5.8994,-6.2472,-6.625,-7.3626,-7.9855,-8.4727,-8.6082,-8.6871,-8.79,-9.1332,-9.9367,-11.722,-13.865,-19.233,-45.018,-19.703,-15.052,-11.841,-10.217,-9.8142,-10.014,-11.208,-12.682,-15.416,-17.571,-16.014,-13.727,-11.047,-8.9195,-7.5944,-6.1165,-4.8939,-3.9315,-3.3674,-2.8119,-2.4933,-2.4045,-2.471,-2.7456,-3.0647,-3.6578,-4.2632,-4.9468,-5.3895,-5.8703,-5.9301,-6.0348,-5.8261,-5.7104,-5.7612,-6.1219,-6.9083,-8.4374,-10.096,-13.807,-19.754,-20.885,-14.411,-10.352,-7.8334,-6.6252,-5.4928,-4.8915,-4.5696,-4.2299,-3.7205,-3.1168,-2.0047,-0.68847,0.60066,1.4825,2.4414,3.1455,3.4987,3.7328,3.6914,3.4954,3.0146,2.277,1.2908,0.37161,-1.0966,-2.8791,-4.3339,-6.5552,-7.9957,-8.4113,-7.4493,-5.9069,-4.4127,-3.4298,-2.4649,-1.7753,-1.449,-1.2639,-1.2682,-1.5012,-1.7613,-2.2675,-2.7686,-3.1731,-3.5393,-3.7096,-3.631,-3.3417,-2.9108,-2.4488,-2.1147,-1.7442,-1.4745,-1.3281,-1.2444,-1.2661,-1.3755
-5.3107,-7.1179,-8.8447,-8.2734,-6.718,-4.4818,-2.5849,-1.404,-0.12348,0.90703,1.7044,2.1714,2.6414,2.9321,3.0376,3.0387,2.8782,2.6665,2.2715,1.7865,1.2526,0.83633,0.29228,-0.22153,-0.62673,-1.2185,-1.9394,-2.6261,-3.8307,-5.4683,-7.6526,-9.6424,-12.123,-12.252,-10.813,-8.7307,-7.226,-6.3452,-6.0272,-6.0106,-6.3994,-6.9257,-7.9274,-9.2019,-10.363,-12.175,-14.348,-16.95,-19.205,-21.287,-19.574,-16.856,-13.416,-10.451,-8.5202,-6.2693,-4.2065,-2.4345,-1.2375,0.13447,1.272,1.9624,2.6713,3.1343,3.3737,3.4084,3.3022,3.0516,2.8237,2.5055,2.2773,2.1695,2.1344,2.1522,2.1636,2.1162,1.9469,1.6508,1.3346,0.84688,0.29669,-0.098867,-0.59888,-1.0404,-1.4589,-1.7704,-2.2971,-2.8234,-3.363,-4.0094,-4.7057,-5.2848,-5.708,-6.1862,-6.6289,-6.9973,-7.6722,-8.4642,-9.2305,-10.09,-10.495,-10.081,-9.4136,-8.4866,-7.8717,-7.6904,-7.8665,-8.4277,-9.0717,-10.018,-10.945,-11.677,-12.055,-12.084,-11.697,-10.994,-9.7024,-8.3049,-7.0869,-6.3659,-5.6453,-5.2912,-5.1981,-5.4127,-5.9129,-6.5131,-7.625,-9.1498,-11.065,-12.97,-14.492,-14.837,-13.325,-10.974,-9.1765,-8.2604,-7.2519,-6.9462,-6.8318,-7.0933,-7.3925,-7.6327,-7.4702,-6.9773,-6.2118,-5.6687,-5.4189,-5.5754,-6.344,-7.5074,-10.11,-13.483,-13.001,-8.2416,-4.2396,-1.3603,0.26133,1.884,3.0234,3.6222,4.1092,4.2896,4.247,3.9578,3.4539,2.7455,2.1106,1.1576,0.14329,-0.60659,-1.4345,-2.1442,-2.4101,-2.5228,-2.2923,-1.9702,-1.6897,-1.2846,-0.96895,-0.7634,-0.59515,-0.53476,-0.5725,-0.65869,-0.81931,-1.0223,-1.1691,-1.3749,-1.5193,-1.6084,-1.6631,-1.6758,-1.6695,-1.6768,-1.6736,-1.7137,-1.7832,-1.92,-2.115,-2.3498
-6.6297,-9.4666,-13.188,-11.846,-9.0433,-6.0409,-3.9193,-2.7177,-1.4405,-0.4062,0.47121,1.0392,1.7123,2.2513,2.567,2.8457,2.9779,2.9872,2.8834,2.6617,2.3396,2.0466,1.6001,1.0704,0.62246,-0.097462,-0.99262,-1.8323,-3.2462,-5.1474,-7.7256,-10.219,-13.744,-13.854,-11.723,-9.1144,-7.4165,-6.4867,-6.2007,-6.2625,-6.7854,-7.4407,-8.5975,-10.039,-11.253,-12.887,-14.406,-15.488,-15.844,-15.704,-14.972,-14.108,-12.505,-10.66,-9.2002,-7.1335,-5.134,-3.2266,-1.9389,-0.46455,0.73386,1.4189,2.045,2.3143,2.2333,1.9199,1.1808,0.058259,-0.97611,-2.37,-3.2288,-3.1363,-2.1818,-0.87539,0.30412,1.0106,1.7276,2.2061,2.4288,2.5661,2.5555,2.4619,2.2391,1.8864,1.4117,0.95295,0.22139,-0.70729,-1.4849,-2.6661,-3.917,-5.0635,-5.7092,-6.1262,-6.0791,-5.7999,-5.3922,-4.9622,-4.7199,-4.4354,-4.1774,-3.9121,-3.7447,-3.5977,-3.6454,-3.793,-4.2526,-4.9709,-5.7383,-7.0813,-8.8699,-11.343,-13.922,-19.278,-25.32,-20.264,-14.737,-11.587,-9.5995,-8.6172,-7.86,-7.5377,-7.5782,-7.8996,-8.5631,-9.265,-10.456,-12.262,-14.494,-16.743,-20.665,-20.019,-16.802,-12.919,-10.109,-8.4399,-6.7757,-5.5273,-4.6291,-4.1163,-3.5593,-3.1341,-2.8489,-2.5494,-2.3238,-2.283,-2.3907,-2.8469,-3.6732,-4.6095,-6.1331,-7.2581,-6.8925,-4.7264,-2.1425,0.09311,1.4497,2.8711,3.9,4.4383,4.8805,5.0474,4.9954,4.7212,4.2288,3.5517,2.9468,2.0466,1.1141,0.38788,-0.39852,-1.1543,-1.5459,-1.7698,-1.8715,-1.7905,-1.6903,-1.5096,-1.3125,-1.1973,-1.037,-0.96152,-0.92078,-0.94896,-1.0067,-1.1682,-1.2927,-1.5262,-1.7808,-2.0028,-2.304,-2.5984,-2.8582,-3.0351,-3.2652,-3.497,-3.7103,-4.0402,-4.4505,-4.9436
-1.5561,-2.3151,-3.0931,-3.4983,-3.5809,-3.5134,-3.3919,-3.2845,-3.0413,-2.5954,-1.8332,-1.1045,-0.088965,0.86047,1.4573,2.0622,2.4393,2.5724,2.5862,2.4383,2.1718,1.9264,1.5587,1.1664,0.8729,0.46329,-0.010163,-0.42417,-1.0824,-1.8621,-2.7041,-3.3131,-3.9464,-4.2507,-4.2574,-4.1615,-4.0779,-4.1532,-4.3904,-4.9936,-5.9453,-6.9245,-8.6381,-10.914,-13.008,-16.467,-19.976,-21.075,-19.887,-17.997,-16.609,-15.918,-15.197,-14.017,-12.46,-9.5663,-6.7101,-4.055,-2.3818,-0.52308,0.86851,1.6338,2.265,2.468,2.1924,1.6568,0.39788,-1.6402,-3.9431,-8.9461,-20.217,-15.007,-7.1472,-3.3105,-0.93817,0.33291,1.6028,2.5228,3.0596,3.5863,3.9422,4.0849,4.1197,3.9582,3.5713,3.1152,2.2709,1.0574,-0.093716,-2.1779,-5.012,-9.153,-13.051,-13.629,-9.0398,-6.4722,-3.9837,-2.3615,-1.4257,-0.54231,0.089842,0.49342,0.67195,0.73379,0.61552,0.37544,-0.13011,-0.90222,-1.6532,-2.9269,-4.534,-6.4665,-8.1016,-10.18,-11.398,-11.366,-10.514,-9.5142,-8.862,-8.5862,-8.5742,-8.8277,-9.2323,-9.88,-10.733,-11.422,-12.351,-13.185,-13.6,-13.944,-13.27,-12.625,-11.27,-9.6039,-7.7755,-6.4368,-4.9091,-3.5128,-2.431,-1.6734,-0.88708,-0.2112,0.17295,0.61141,0.89252,1.1016,1.1449,1.1471,1.0393,0.9696,0.92817,1.0873,1.3725,1.9957,2.7901,3.6506,4.2631,4.9797,5.531,5.8094,6.0034,5.9672,5.7873,5.3499,4.6609,3.7395,2.8885,1.5718,0.077872,-1.0943,-2.6508,-3.769,-4.5375,-4.5654,-4.4466,-4.0856,-3.7791,-3.462,-3.1814,-3.0248,-2.8649,-2.7058,-2.5965,-2.5304,-2.5405,-2.6226,-2.8022,-3.1292,-3.6483,-4.1079,-4.8293,-5.5519,-6.1407,-6.3995,-6.5862,-6.6651,-6.7629,-7.1437,-7.9274,-9.2054
1.9621,1.4873,0.7858,-0.02637,-0.75532,-2.004,-3.701,-5.4151,-8.2821,-10.003,-7.6334,-5.0382,-2.2632,-0.28108,0.77865,1.7223,2.2143,2.3147,2.1445,1.714,1.1021,0.60465,0.040194,-0.25183,-0.25278,-0.026077,0.31026,0.56036,0.7969,0.90671,0.89697,0.82915,0.69403,0.48117,0.28346,-0.042319,-0.46101,-1.0205,-1.5524,-2.452,-3.6007,-4.6459,-6.3724,-8.5063,-10.532,-13.815,-17.327,-18.206,-16.929,-15.307,-14.796,-15.395,-18.647,-28.211,-20.112,-11.196,-6.2123,-2.6351,-0.67175,1.3838,2.8508,3.6388,4.2952,4.5459,4.3949,4.0439,3.2425,2.1401,1.1713,-0.097773,-0.96062,-1.1205,-0.74432,-0.017217,0.78386,1.3883,2.1921,3.0099,3.6301,4.4405,5.1596,5.6025,6.0198,6.2179,6.1532,5.9265,5.3428,4.4532,3.5131,1.9447,-0.069021,-2.2832,-3.6597,-3.9063,-2.4249,-1.0074,0.7031,2.0733,2.8956,3.759,4.386,4.8009,4.9968,5.0917,5.0255,4.8359,4.4343,3.8162,3.2416,2.311,1.2248,0.029292,-0.90293,-2.121,-3.2039,-3.9247,-4.8073,-5.6432,-6.5622,-7.3213,-8.43,-9.6545,-10.616,-12.016,-13.477,-14.703,-16.482,-17.723,-17.874,-16.625,-13.755,-11.644,-9.5598,-7.5505,-5.5329,-4.195,-2.6698,-1.2736,-0.14751,0.64155,1.478,2.2166,2.6648,3.2007,3.6039,3.963,4.1581,4.4083,4.6018,4.7508,4.9433,5.1719,5.3729,5.6851,6.037,6.4139,6.6806,7.0068,7.2461,7.3522,7.375,7.2076,6.9404,6.3674,5.5123,4.3247,3.1779,1.2349,-1.3154,-3.7337,-8.2348,-13.639,-15.049,-11.815,-8.8814,-7.3174,-6.656,-6.1829,-6.0655,-5.9972,-5.9708,-5.7258,-5.3909,-5.0446,-4.7261,-4.4635,-4.517,-4.8251,-5.6251,-6.531,-8.3706,-10.925,-13.734,-14.342,-12.335,-10.09,-8.9582,-8.3482,-8.6828,-10.04
3.2244,3.0184,2.5933,1.9483,1.2711,0.045172,-1.6828,-3.3502,-5.9083,-7.3655,-5.6812,-3.6153,-1.2368,0.47381,1.3433,2.0256,2.1907,1.9975,1.2943,0.0053613,-1.9383,-3.915,-6.9322,-8.0982,-6.5618,-3.7217,-1.4028,-0.10133,1.165,2.0333,2.5726,2.807,2.9054,2.8027,2.5935,2.1811,1.5836,0.81776,0.15763,-0.79409,-1.8159,-2.5841,-3.562,-4.4981,-5.1481,-5.8876,-6.3772,-6.5566,-6.5263,-6.275,-6.0475,-5.9073,-5.5571,-4.8326,-3.8449,-1.9414,0.070704,1.9966,3.2409,4.6202,5.657,6.215,6.6876,6.8611,6.7826,6.5696,6.1126,5.5065,4.9754,4.2291,3.4499,2.8776,2.0802,1.2226,0.33063,-0.21826,-0.43062,0.40591,1.5518,3.3206,4.9367,5.968,7.0377,7.7653,8.1785,8.2978,8.208,7.8869,7.4957,6.8692,6.1737,5.5291,5.1797,4.9543,5.0144,5.2552,5.6534,6.1696,6.535,7.0166,7.4362,7.7799,7.9685,8.1215,8.1297,8.0396,7.772,7.3405,6.9019,6.1671,5.2786,4.2385,3.3904,2.1164,0.7427,-0.38565,-2.0122,-3.8721,-5.9238,-7.6473,-10.102,-12.687,-14.395,-16.253,-17.533,-18.604,-21.115,-24.891,-25.901,-21.541,-14.972,-11.398,-8.8036,-6.4045,-4.2737,-2.9267,-1.4688,-0.19451,0.86248,1.5226,2.2645,2.8906,3.309,3.8038,4.2642,4.6587,4.9539,5.2949,5.6082,5.7889,5.9975,6.1417,6.2352,6.3347,6.4492,6.5832,6.726,6.941,7.1716,7.329,7.4465,7.4209,7.2731,6.8404,6.1311,5.0757,4.0463,2.291,0.048375,-1.8757,-5.0649,-7.7069,-8.8819,-8.8347,-8.2325,-8.0882,-8.443,-9.3888,-11.008,-12.311,-13.592,-13.134,-11.282,-9.772,-8.0765,-6.9008,-6.3114,-6.0158,-6.2487,-6.8572,-8.2852,-10.567,-13.125,-13.413,-11.063,-8.3493,-6.8642,-5.5827,-4.9462,-4.7413
1.1281,1.4841,1.7305,1.7218,1.5667,1.2044,0.71762,0.32929,-0.070447,-0.20801,-0.01161,0.30324,0.80326,1.2705,1.5064,1.5899,1.3552,0.94782,0.037977,-1.3779,-3.4229,-5.4159,-8.4354,-9.5676,-8.0323,-5.1378,-2.725,-1.3468,0.092631,1.1138,1.7989,2.1094,2.2686,2.1722,1.9275,1.3471,0.48531,-0.64399,-1.6541,-3.1209,-4.4776,-5.2135,-5.5481,-5.2319,-4.7036,-3.9164,-3.1281,-2.3852,-1.8451,-1.1666,-0.48683,0.023077,0.75283,1.5455,2.1925,3.1224,4.0618,4.9359,5.5272,6.1584,6.6057,6.8054,6.9025,6.8174,6.5758,6.3018,5.8554,5.3133,4.8604,4.1659,3.3432,2.5696,1.2486,-0.63781,-3.6103,-7.3937,-21.543,-10.158,-4.215,0.25222,3.1455,4.7124,6.2697,7.3581,8.0744,8.4008,8.6182,8.5859,8.4672,8.1503,7.7569,7.3149,6.9857,6.5763,6.2466,6.0556,5.9461,5.9604,6.09,6.3672,6.7559,7.1867,7.4933,7.8378,8.0525,8.1252,8.0606,7.8216,7.5044,6.912,6.1129,5.1093,4.2177,2.8545,1.2479,-0.11292,-2.1786,-4.5878,-7.4128,-9.9382,-14.156,-20.31,-28.36,-31.814,-23.053,-20.354,-18.398,-16.837,-15.438,-13.968,-11.85,-9.6487,-8.2489,-6.4275,-4.8855,-3.9225,-2.7143,-1.8681,-1.1261,-0.78462,-0.36089,-0.10229,0.10052,0.36015,0.77265,1.2554,1.6983,2.2408,2.723,2.9817,3.1715,3.1541,2.9992,2.6506,2.2312,1.9341,1.9377,2.3125,3.0328,3.6448,4.3775,4.9122,5.1322,5.1698,4.8835,4.299,3.6576,2.5742,1.2346,0.16162,-1.4624,-2.8411,-4.4186,-5.301,-6.762,-8.2987,-9.7162,-12.121,-15.49,-18.732,-24.343,-22.296,-17.296,-14.708,-12.008,-10.071,-8.8444,-7.6426,-6.7655,-6.3714,-6.0196,-5.8036,-5.5233,-5.2008,-4.5339,-3.7302,-3.1468,-2.4526,-1.9279,-1.6035
-1.1979,-0.35715,0.38927,0.81971,0.99475,1.0784,1.0686,1.0253,0.96097,0.9479,0.98337,1.0387,1.1395,1.2028,1.2072,1.1051,0.85005,0.52126,-0.093351,-0.87962,-1.7765,-2.4336,-3.1349,-3.4414,-3.3737,-2.9006,-2.1505,-1.4972,-0.63229,0.14127,0.74694,1.0569,1.2652,1.1776,0.91055,0.23466,-0.83198,-2.4087,-4.0416,-7.1653,-12.341,-19.555,-16.671,-9.5743,-6.5427,-3.7831,-1.8158,-0.30315,0.64023,1.6985,2.6151,3.2362,3.9749,4.6598,5.1333,5.6856,6.1698,6.5209,6.6998,6.7928,6.7072,6.5235,6.1172,5.5619,4.8931,4.3742,3.7271,3.1916,2.8853,2.5471,2.2214,1.9172,1.3783,0.65129,-0.17707,-0.69454,-0.9162,-0.20108,0.83669,2.4881,4.0793,5.1282,6.287,7.1717,7.7926,8.0919,8.292,8.2796,8.1396,7.7998,7.2905,6.6469,6.0691,5.2075,4.2709,3.5253,2.6601,2.0703,2.0095,2.4639,3.3755,4.4491,5.2325,6.1254,6.814,7.1611,7.4118,7.3978,7.2266,6.778,6.0742,5.1191,4.2265,2.8272,1.1567,-0.26705,-2.4059,-4.8203,-7.4716,-9.6376,-12.491,-15.207,-16.733,-17.648,-17.342,-16.553,-15.2,-14.012,-12.582,-11.539,-10.394,-8.8694,-8.1984,-6.9563,-6.005,-5.4046,-4.682,-4.2585,-4.0989,-4.1531,-4.5251,-5.1934,-5.8355,-6.4679,-6.354,-5.1591,-4.0034,-2.4594,-1.2939,-0.67377,-0.30456,-0.45241,-0.97967,-2.3317,-4.7007,-8.2823,-10.571,-7.8176,-3.6486,-1.3562,0.8289,2.2446,2.9263,3.4462,3.5695,3.3701,3.0299,2.3606,1.4856,0.66817,-0.47586,-1.8021,-3.3297,-4.4578,-6.2474,-8.2344,-9.7665,-12.126,-14.367,-16.123,-17.618,-18.226,-17.672,-16.524,-14.632,-12.391,-10.877,-8.9107,-7.2512,-6.1198,-4.8645,-3.7898,-2.8738,-2.2799,-1.5568,-0.95752,-0.57824,-0.19499,0.041941,0.12933
-0.64535,-0.13824,0.34814,0.6644,0.81007,0.90731,0.92257,0.90794,0.85097,0.78097,0.73943,0.74742,0.82151,0.93265,1.017,1.091,1.0533,0.91632,0.57152,0.034739,-0.66011,-1.2628,-2.1074,-2.8938,-3.2868,-3.4066,-2.9777,-2.3328,-1.312,-0.28046,0.59027,1.0932,1.5235,1.6516,1.5448,1.1556,0.45232,-0.56476,-1.5223,-3.0031,-4.435,-5.0693,-4.7464,-3.2576,-1.8699,-0.066202,1.5149,2.8638,3.7401,4.7649,5.6263,6.1922,6.8517,7.402,7.7442,8.0906,8.3048,8.3675,8.2879,8.0071,7.4795,6.9027,5.8544,4.4547,2.7259,1.2958,-0.42722,-1.1542,-0.86539,0.13934,1.1667,1.8085,2.417,2.8202,3.1315,3.3613,3.76,4.2964,4.8052,5.5636,6.3591,6.9351,7.6226,8.1661,8.5404,8.7047,8.7377,8.5918,8.3284,7.8275,7.1085,6.1593,5.2933,3.86,2.0202,0.26088,-3.0133,-7.7388,-10.356,-5.8298,-1.2307,1.9335,3.669,5.4181,6.6554,7.3059,7.8568,8.0667,8.0251,7.7013,7.0904,6.1941,5.3374,3.9383,2.2538,0.79439,-1.3976,-3.849,-6.5698,-8.6933,-11.588,-14.043,-15.22,-15.616,-14.957,-14.11,-12.949,-11.65,-10.672,-9.8644,-9.2176,-8.4912,-8.0016,-7.3754,-6.787,-6.2777,-5.8733,-5.441,-5.4797,-5.6802,-6.6438,-8.4901,-10.887,-17.586,-25.055,-12.082,-8.1191,-4.7294,-2.6354,-1.5989,-0.81649,-0.64836,-0.89492,-1.7833,-3.2564,-5.0124,-5.6622,-4.4666,-2.0649,-0.40142,1.3684,2.5906,3.2098,3.6792,3.8334,3.6981,3.4517,2.9317,2.2446,1.5777,0.64968,-0.63294,-1.9296,-3.1903,-4.9488,-7.0819,-8.8307,-11.635,-14.704,-17.572,-21.664,-25.867,-25.598,-22.822,-18.264,-14.568,-11.954,-9.0143,-6.4562,-4.8388,-2.9907,-1.4667,-0.2363,0.53367,1.3276,1.9134,2.2161,2.4294,2.4229,2.2115
1.1694,1.0724,0.92286,0.79868,0.73572,0.69081,0.59728,0.45667,0.15955,-0.26686,-0.66513,-0.80727,-0.64422,-0.036319,0.55493,1.3156,1.8644,2.0975,2.0978,1.7077,0.8753,-0.081752,-1.9114,-4.6157,-7.3535,-10.683,-8.334,-5.2414,-2.0136,0.21443,1.7551,2.5615,3.25,3.6103,3.6931,3.6065,3.3448,3.002,2.7396,2.4625,2.3622,2.4606,2.8431,3.5153,4.1295,5.0376,5.9609,6.8397,7.4451,8.1829,8.8446,9.2847,9.806,10.237,10.498,10.761,10.882,10.86,10.716,10.322,9.6489,8.9136,7.5556,5.605,2.7679,-0.32566,-7.4004,-12.926,-5.5122,-0.57711,2.0708,3.3297,4.4392,5.1516,5.6343,5.9239,6.322,6.7744,7.1677,7.7565,8.3817,8.8321,9.3675,9.7838,10.033,10.098,10.009,9.6947,9.3354,8.6493,7.7784,6.7134,5.7988,4.4266,2.8396,1.5517,-0.35296,-1.9502,-2.2396,-0.73362,1.7816,4.1803,5.72,7.3952,8.6507,9.3575,9.983,10.294,10.311,10.067,9.5218,8.6766,7.8472,6.4712,4.794,3.3307,1.0751,-1.5322,-4.64,-7.4245,-12.085,-19.715,-38.437,-20.597,-14.687,-12.326,-10.151,-8.8064,-8.0106,-7.7413,-7.5381,-8.1167,-8.2116,-8.7329,-8.3974,-7.6721,-6.408,-5.1813,-4.2406,-3.9296,-3.7924,-4.1219,-4.4498,-4.8135,-4.5928,-3.4779,-2.4152,-0.90874,0.4246,1.219,2.0497,2.5964,2.8497,3.0223,3.0851,3.1806,3.3283,3.722,4.252,4.6838,5.181,5.5197,5.6369,5.6041,5.3791,5.0042,4.6501,4.1206,3.5194,3.061,2.2992,1.387,0.37896,-0.66757,-2.2134,-4.1508,-5.9504,-8.7146,-12.104,-15.484,-20.562,-26.567,-29.698,-26.173,-19.526,-13.531,-10.161,-6.3646,-3.3643,-1.5009,0.56545,2.2128,3.5251,4.3053,5.0975,5.6294,5.858,5.947,5.7832,5.342
0.89945,-0.13829,-1.5912,-2.5719,-2.6436,-2.0846,-1.4787,-1.3662,-1.8843,-3.397,-6.3757,-9.6111,-9.8567,-4.8205,-1.9052,0.71483,2.3621,3.1163,3.6062,3.5735,3.0371,2.2942,0.84485,-1.1467,-2.8583,-4.334,-3.3661,-1.6176,0.62144,2.3806,3.6067,4.2203,4.6942,4.8323,4.7629,4.4814,4.1238,3.818,3.7136,3.8261,4.2218,4.6677,5.389,6.155,6.7227,7.4307,8.0705,8.6305,9.0016,9.4428,9.8592,10.158,10.546,10.93,11.205,11.538,11.797,11.933,11.947,11.795,11.43,10.994,10.179,9.0978,7.7865,6.7582,5.5801,4.9962,5.0049,5.4134,5.9003,6.1431,6.2571,6.1278,5.8294,5.5989,5.426,5.6219,6.037,6.881,7.8337,8.5212,9.2925,9.8533,10.168,10.223,10.072,9.6305,9.1283,8.2149,7.049,5.7241,4.6579,3.3737,2.4048,2.0332,2.0307,2.5753,3.2133,4.399,5.7862,7.223,8.2612,9.4869,10.512,11.109,11.68,11.976,12.013,11.816,11.324,10.533,9.7467,8.4275,6.8141,5.4032,3.2796,0.88976,-1.6866,-3.6241,-6.187,-8.1885,-8.9836,-8.9632,-7.9854,-7.1002,-5.9892,-5.3016,-4.9138,-5.1949,-5.9942,-7.6788,-10.536,-17.149,-23.462,-13.3,-7.5285,-4.4735,-2.3882,-1.4616,-0.55073,-0.0070468,0.20574,0.53862,0.82258,1.217,1.6068,2.1967,2.8929,3.4323,4.184,4.9227,5.4247,6.0412,6.5628,7.0091,7.2909,7.5783,7.7506,7.7944,7.6818,7.3578,6.9491,6.2054,5.2406,4.2017,3.4713,2.7624,2.4105,2.3729,2.2358,2.1993,1.7314,1.2751,0.33588,-0.91072,-2.1064,-3.9447,-6.1537,-8.043,-10.821,-13.671,-15.228,-14.056,-10.574,-6.959,-4.4366,-1.5664,0.85172,2.4122,4.1545,5.5626,6.6678,7.3078,7.9513,8.3384,8.4739,8.4556,8.2117,7.7263
-1.9718,-4.2697,-9.4485,-22.371,-15.051,-7.779,-4.6495,-3.5063,-3.0607,-3.5607,-4.7835,-5.5759,-5.3236,-3.3025,-1.6019,0.3009,1.6727,2.3512,2.863,3.0105,2.8755,2.6267,2.1547,1.6728,1.3834,1.2021,1.3334,1.587,2.065,2.5255,2.8341,2.9198,2.7884,2.2916,1.6605,0.43726,-1.1835,-2.9388,-3.7351,-3.1769,-1.3001,0.20896,1.9395,3.249,3.994,4.6828,5.0688,5.2196,5.2267,5.1733,5.1285,5.1894,5.4588,5.9428,6.4023,7.0648,7.7385,8.3035,8.6685,9.0279,9.2199,9.2548,9.148,8.8877,8.5126,8.1776,7.7178,7.2741,6.9449,6.4801,5.9098,5.3433,4.329,2.8571,0.77553,-1.3051,-4.7033,-5.8365,-3.6451,-0.21727,2.3663,3.8039,5.1661,6.0188,6.4651,6.5404,6.3357,5.7852,5.1036,3.8902,2.1669,-0.13116,-2.353,-6.1059,-9.1604,-8.2219,-4.6649,-1.6817,0.11977,2.1361,3.8316,5.3253,6.3091,7.4532,8.4117,8.9854,9.5661,9.8927,9.9767,9.855,9.4479,8.7497,8.033,6.7895,5.2213,3.8184,1.6456,-0.84796,-3.589,-5.616,-7.8637,-8.8239,-8.6206,-7.7093,-6.4974,-5.6315,-4.7309,-4.0708,-3.7504,-3.7977,-4.2988,-4.8793,-5.768,-6.5056,-6.4534,-5.7124,-4.3344,-2.99,-1.8161,-1.2102,-0.63998,-0.31062,-0.27776,-0.34194,-0.54827,-0.87854,-1.0292,-1.1341,-0.82229,-0.31706,0.70683,1.9035,2.8001,3.9194,4.858,5.6037,6.0295,6.3848,6.5121,6.417,6.0312,5.2774,4.423,2.822,0.51538,-2.7668,-5.9347,-9.029,-6.6769,-4.3479,-2.1826,-0.83725,-0.40271,-0.24674,-0.49598,-0.98372,-1.5272,-2.3268,-3.2254,-3.8312,-4.5038,-4.8897,-4.7957,-4.3276,-3.3177,-1.8966,-0.75384,0.76328,2.2046,3.1671,4.3053,5.2437,5.971,6.3829,6.7522,6.9192,6.9287,6.7791,6.4644,5.9936
-0.96827,-1.7357,-2.7514,-3.3632,-3.3298,-2.736,-1.9666,-1.4503,-0.9642,-0.70743,-0.55149,-0.43479,-0.17712,0.22487,0.56313,0.99801,1.3226,1.4555,1.4831,1.3632,1.1396,0.95323,0.70748,0.52395,0.44408,0.41451,0.47742,0.55006,0.66091,0.70761,0.65048,0.48257,0.067934,-0.67976,-1.5366,-3.2298,-5.9154,-10.266,-14.449,-11.762,-6.4858,-3.8726,-1.541,-0.10411,0.54314,0.88102,0.68676,-0.02421,-0.89025,-2.4264,-4.0912,-4.9245,-4.6942,-3.2819,-1.99,-0.39039,1.0792,2.3778,3.2452,4.2718,5.1136,5.6253,6.1211,6.4177,6.54,6.5016,6.3286,5.9916,5.6437,5.0219,4.1929,3.4182,2.1107,0.4287,-1.7484,-3.7588,-6.5389,-7.4832,-6.0874,-3.4505,-1.264,-0.043809,1.1339,1.838,2.1356,2.1346,1.818,1.2157,0.54679,-0.62369,-2.1528,-4.1615,-6.0117,-8.7857,-10.7,-9.9779,-7.5828,-5.0097,-3.3654,-1.5201,0.072945,1.469,2.4208,3.5869,4.5894,5.2448,5.9422,6.4268,6.6366,6.6844,6.4669,5.9544,5.3583,4.3,2.8738,1.5538,-0.61351,-3.4106,-7.1212,-10.996,-20.609,-21.241,-14.166,-9.7284,-7.0914,-5.6996,-4.3683,-3.4124,-2.8798,-2.5744,-2.459,-2.5345,-2.4543,-2.596,-2.5191,-2.4679,-2.2192,-2.0232,-1.909,-1.7955,-1.912,-2.1828,-2.51,-3.3032,-4.4107,-6.0909,-7.835,-10.757,-12.58,-10.731,-6.9918,-3.8281,-1.9779,-0.033321,1.45,2.5356,3.1436,3.6932,3.9501,3.9278,3.6353,2.9723,2.2171,0.76368,-1.2316,-3.8181,-5.9487,-7.631,-6.7552,-5.3721,-3.7653,-2.9422,-2.4419,-2.3631,-2.5291,-2.8778,-3.1606,-3.4881,-3.7336,-3.7267,-3.5852,-3.2667,-2.7418,-2.2773,-1.5337,-0.69298,-0.066937,0.79058,1.5806,2.1134,2.7291,3.2121,3.5455,3.6997,3.7513,3.6463,3.4716,3.1061,2.6252,2.0835
0.73891,0.71446,0.65896,0.64228,0.69077,0.8318,1.0307,1.1851,1.3711,1.5063,1.5988,1.6186,1.6156,1.5246,1.4054,1.1269,0.68436,0.24998,-0.45389,-1.26,-2.0658,-2.5759,-2.9852,-3.0852,-2.9887,-2.7289,-2.4557,-2.2658,-2.1097,-2.028,-2.0178,-2.0555,-2.1888,-2.3958,-2.6308,-3.0658,-3.576,-3.9805,-4.0455,-3.6679,-2.8552,-2.1604,-1.3521,-0.83919,-0.7307,-0.99442,-1.8015,-3.2821,-4.9652,-8.2962,-13.854,-20.739,-17.857,-12.382,-10.118,-8.0504,-6.2859,-4.2822,-2.7973,-0.89489,0.75278,1.7648,2.8366,3.5968,4.063,4.2546,4.2861,4.0905,3.8013,3.2399,2.4813,1.7936,0.74742,-0.37711,-1.5092,-2.2604,-2.995,-3.2805,-3.1953,-2.7785,-2.2338,-1.8537,-1.4871,-1.3321,-1.4524,-1.7003,-2.2164,-2.9385,-3.48,-4.32,-5.1192,-5.8817,-6.4484,-7.0217,-7.2659,-7.294,-6.9906,-6.4536,-5.999,-5.2275,-4.3113,-3.2202,-2.2836,-0.99477,0.28572,1.1646,2.1738,2.9795,3.413,3.7621,3.8354,3.6249,3.2681,2.5461,1.5361,0.58754,-0.89887,-2.6157,-4.4385,-5.7373,-7.0316,-7.3928,-7.0115,-6.0255,-4.8798,-4.0563,-3.0749,-2.3312,-1.7513,-1.4592,-1.1678,-1.1297,-1.1369,-1.2458,-1.476,-1.6816,-2.0022,-2.3371,-2.7462,-3.0739,-3.5277,-4.0983,-4.5731,-5.3823,-6.5599,-8.1153,-9.6624,-12.153,-13.361,-12.064,-9.0015,-6.1921,-4.4893,-2.6506,-1.1912,-0.047953,0.62812,1.3287,1.7731,1.9709,2.0037,1.8032,1.4981,0.90174,0.13246,-0.688,-1.2577,-1.8522,-2.2325,-2.3319,-2.6027,-2.9033,-3.3786,-4.0218,-4.9958,-6.1721,-6.9424,-7.6095,-7.4019,-6.8491,-5.7759,-4.6266,-3.5892,-2.8837,-2.0545,-1.3906,-0.93387,-0.4368,-0.036748,0.2143,0.4462,0.574,0.58472,0.49633,0.24682,-0.18011,-0.64271,-1.4117,-2.3425,-3.3114
1.6824,1.9077,2.1055,2.2356,2.3056,2.3847,2.4707,2.5282,2.5875,2.6173,2.5787,2.5028,2.2944,1.9379,1.5484,0.81849,-0.19919,-1.1956,-2.9105,-5.1608,-7.9439,-10.103,-11.476,-10.205,-8.7639,-7.2105,-6.266,-5.8932,-5.7342,-5.7835,-5.8409,-5.7261,-5.3133,-4.6528,-4.0858,-3.3426,-2.6711,-2.0845,-1.682,-1.1763,-0.72478,-0.43756,-0.18197,-0.12932,-0.27035,-0.71778,-1.5143,-2.6828,-3.7939,-5.5753,-7.4706,-8.8108,-10.33,-11.986,-13.812,-17.763,-19.627,-12.808,-8.9133,-5.2335,-2.6575,-1.2159,0.23161,1.2439,1.8853,2.1742,2.2975,2.1662,1.8954,1.3238,0.52888,-0.21122,-1.325,-2.5302,-3.6523,-4.3157,-4.8452,-4.9231,-4.7403,-4.3635,-3.9747,-3.7693,-3.7388,-4.0271,-4.6533,-5.3828,-6.6052,-7.9643,-8.9511,-9.6508,-9.748,-9.3974,-9.0571,-8.7908,-8.7184,-8.885,-9.2154,-9.9583,-10.643,-11.601,-11.938,-10.803,-9.2184,-6.8083,-4.58,-3.134,-1.4926,-0.20183,0.55034,1.2823,1.6895,1.7967,1.699,1.2998,0.6579,0.034977,-0.93748,-1.9662,-2.9498,-3.586,-4.1281,-4.2931,-4.1828,-3.7262,-3.0872,-2.5584,-1.8842,-1.2903,-0.80445,-0.5949,-0.42952,-0.41266,-0.63514,-0.9663,-1.543,-2.0609,-2.955,-3.9523,-4.9311,-5.6907,-6.394,-6.792,-6.9878,-7.0411,-7.1351,-7.3624,-7.4815,-7.6305,-7.5573,-7.2405,-6.6303,-5.8257,-5.1531,-4.257,-3.3559,-2.4474,-1.7955,-0.9845,-0.27884,0.16181,0.58816,0.84067,0.90479,0.87283,0.70193,0.42177,0.17331,-0.21978,-0.65485,-1.0705,-1.724,-2.5076,-3.7301,-4.9437,-7.1217,-10.449,-14.409,-24.629,-17.687,-12.671,-8.7978,-6.4379,-4.8842,-4.0449,-3.2996,-2.8282,-2.6232,-2.5187,-2.5183,-2.5726,-2.6681,-2.7844,-2.935,-3.1093,-3.4619,-4.0655,-4.7507,-6.0595,-8.0105,-10.899
2.2428,2.4203,2.5183,2.5114,2.4718,2.4225,2.408,2.4383,2.5207,2.6184,2.6731,2.6602,2.5072,2.1765,1.765,0.98078,-0.13156,-1.2545,-3.2077,-5.866,-9.509,-12.891,-15.257,-12.551,-10.428,-8.6883,-7.9698,-8.0484,-8.9039,-10.764,-13.437,-14.622,-12.255,-8.6886,-6.5061,-4.2683,-2.621,-1.3976,-0.69138,0.025123,0.52571,0.77755,0.95832,0.95564,0.84299,0.52098,0.0022909,-0.70443,-1.3555,-2.3685,-3.5059,-4.4529,-5.8588,-7.4315,-8.7122,-10.223,-10.412,-8.7063,-6.9898,-4.8613,-3.1191,-2.0724,-0.99209,-0.21974,0.30478,0.51898,0.62119,0.47916,0.20796,-0.4136,-1.3657,-2.3245,-4.0299,-6.3006,-9.1689,-11.431,-12.586,-10.732,-8.9438,-7.055,-5.8376,-5.3309,-5.1451,-5.556,-6.5857,-7.8363,-10.401,-14.53,-19.836,-27.129,-17.628,-13.43,-11.635,-10.331,-9.9234,-9.9799,-10.779,-12.379,-14.261,-18.559,-27.144,-21.418,-15.997,-11.492,-8.3619,-6.4483,-4.3361,-2.6284,-1.5809,-0.50802,0.21396,0.58119,0.6332,0.40914,-0.14097,-0.7453,-1.791,-3.0387,-4.3461,-5.1978,-5.8873,-5.812,-5.3024,-4.2779,-3.1395,-2.3353,-1.394,-0.63166,-0.12616,0.13147,0.21196,0.087634,-0.16639,-0.81526,-1.7348,-2.6784,-4.2861,-6.4527,-9.2398,-11.506,-13.919,-13.207,-11.575,-9.644,-8.1972,-7.2974,-6.9056,-6.5563,-6.4698,-6.5167,-6.6877,-6.9775,-7.1943,-7.3351,-7.0716,-6.242,-5.3285,-3.9987,-2.7106,-1.8944,-0.98794,-0.3286,0.026792,0.32487,0.46911,0.47336,0.39513,0.20595,-0.079823,-0.41482,-0.89795,-1.6138,-2.5988,-3.4342,-4.8978,-6.5699,-7.8511,-8.9153,-8.6215,-7.7446,-6.4128,-5.2523,-4.4539,-4.1491,-4.0274,-4.2176,-4.5895,-5.259,-6.0788,-6.706,-7.3313,-7.5847,-7.4796,-7.2647,-7.045,-7.0636,-7.2931,-8.0729,-9.3967,-11.425
2.729,2.5663,2.1555,1.5731,1.0977,0.55132,0.28372,0.35472,0.76953,1.362,1.9477,2.2798,2.5456,2.5552,2.3891,1.9348,1.203,0.49332,-0.6533,-1.9415,-3.2256,-4.0575,-4.8198,-5.144,-5.1999,-5.2836,-5.577,-6.0598,-7.2069,-9.0604,-11.37,-12.228,-10.295,-7.1219,-5.0581,-2.8908,-1.3092,-0.15664,0.48227,1.0923,1.4888,1.6685,1.7898,1.8026,1.7544,1.6092,1.378,1.0514,0.74147,0.26256,-0.32019,-0.80083,-1.4859,-2.1562,-2.6063,-3.0396,-3.2273,-3.1519,-2.9426,-2.5928,-2.2308,-1.9874,-1.7096,-1.4735,-1.2533,-1.1141,-0.97483,-0.9624,-1.068,-1.4256,-2.1194,-2.9089,-4.4223,-6.6216,-9.6938,-12.369,-13.737,-10.973,-8.7314,-6.5406,-5.1989,-4.6369,-4.3697,-4.6058,-5.3514,-6.2068,-7.6959,-9.5126,-10.76,-11.486,-10.988,-9.895,-9.1624,-8.492,-8.2575,-8.3669,-8.9909,-9.9536,-10.871,-12.202,-13.201,-13.432,-13.054,-11.895,-10.032,-8.4067,-6.1486,-4.0898,-2.7595,-1.3421,-0.32719,0.26644,0.42428,0.29648,-0.26873,-1.0029,-2.4446,-4.5741,-7.7466,-11.27,-17.863,-14.449,-10.053,-6.2679,-3.7505,-2.3632,-0.95835,0.024898,0.67581,0.99218,1.1447,0.96681,0.71401,0.037466,-0.97861,-1.9984,-3.7738,-6.0856,-9.189,-12.234,-15.507,-13.979,-11.594,-9.1037,-7.412,-6.3183,-5.8709,-5.6281,-5.7818,-6.2266,-7.2408,-8.9608,-10.964,-15.049,-19.125,-14.567,-10.793,-7.3113,-4.9448,-3.6447,-2.3617,-1.4754,-0.99984,-0.58887,-0.35083,-0.22466,-0.19213,-0.19122,-0.25442,-0.2955,-0.42972,-0.69206,-0.95602,-1.203,-1.6281,-2.0391,-2.32,-2.5785,-2.6699,-2.6708,-2.6302,-2.6536,-2.8612,-3.1872,-3.8905,-5.014,-6.155,-8.1527,-10.884,-13.5,-17.303,-17.676,-14.509,-12.34,-10.22,-8.7947,-8.0911,-7.5372,-7.3102,-7.2195
2.9536,2.3584,1.1613,-0.62596,-2.4661,-5.6527,-8.2191,-7.2802,-4.0524,-1.3551,0.52399,1.4958,2.3444,2.7626,2.8545,2.7036,2.3028,1.8882,1.208,0.45694,-0.28295,-0.77611,-1.3261,-1.709,-1.9172,-2.0995,-2.2673,-2.3945,-2.6027,-2.77,-2.792,-2.633,-2.0975,-1.3172,-0.66553,0.1468,0.80612,1.2527,1.4448,1.5382,1.4871,1.3966,1.2636,1.184,1.1699,1.2324,1.3449,1.4484,1.4945,1.4779,1.3597,1.212,0.93931,0.58632,0.28966,-0.13309,-0.57176,-1.0833,-1.5021,-2.1332,-2.8758,-3.4808,-4.2458,-4.7496,-4.8125,-4.493,-3.847,-3.1358,-2.7003,-2.3084,-2.1795,-2.2701,-2.5788,-3.0725,-3.6004,-3.9022,-3.9983,-3.7213,-3.3463,-2.8192,-2.4005,-2.2235,-2.2169,-2.4376,-2.8677,-3.3146,-4.0006,-4.6425,-5.074,-5.4404,-5.5536,-5.5096,-5.4559,-5.4074,-5.4703,-5.708,-6.1448,-6.864,-7.6272,-8.927,-10.657,-13.181,-16.036,-20.776,-17.052,-12.387,-7.9397,-4.8199,-3.0599,-1.287,-0.068426,0.68465,0.97354,0.99094,0.61115,0.056887,-1.0506,-2.5951,-4.5184,-6.016,-7.3924,-7.0147,-5.8097,-3.9461,-2.2671,-1.2088,-0.088847,0.76494,1.3941,1.6687,1.8752,1.8144,1.5544,1.0701,0.3077,-0.42294,-1.5645,-2.8563,-4.1363,-4.9302,-5.6972,-5.915,-5.7381,-5.2818,-4.7793,-4.3384,-4.1183,-4.0966,-4.3551,-4.7647,-5.6978,-7.0741,-8.3904,-10.269,-11.217,-10.139,-8.5875,-6.5642,-4.9775,-4.091,-3.2476,-2.7259,-2.5171,-2.3923,-2.4107,-2.4702,-2.4779,-2.4105,-2.2058,-1.9304,-1.5758,-1.1146,-0.68192,-0.46934,-0.18179,-0.010503,0.078549,0.11885,0.054828,-0.047873,-0.28689,-0.72553,-1.3945,-2.0474,-3.2172,-4.791,-6.2301,-8.6086,-11.596,-14.152,-17.348,-17.766,-15.412,-13.363,-11.008,-9.1081,-7.9771,-6.7365,-5.8376,-5.157
2.8293,2.2427,1.0758,-0.6313,-2.3509,-5.1721,-7.231,-6.5291,-3.8414,-1.3973,0.35095,1.2752,2.0581,2.4409,2.4979,2.3203,1.9071,1.453,0.72788,-0.089414,-0.91046,-1.4571,-1.9899,-2.2226,-2.1869,-1.9026,-1.4559,-1.0833,-0.57359,-0.08979,0.36109,0.68069,1.0681,1.4089,1.6001,1.7226,1.6653,1.3752,0.98967,0.24372,-0.74585,-1.5735,-2.5889,-3.1334,-3.0431,-2.361,-1.4127,-0.50439,0.056986,0.59309,0.92239,1.0272,1.0069,0.81805,0.5737,0.098104,-0.54842,-1.3786,-2.1917,-3.5834,-5.4754,-7.3582,-10.807,-15.426,-16.127,-12.877,-9.1958,-6.7099,-5.377,-4.0673,-3.122,-2.5895,-2.0716,-1.6961,-1.432,-1.2757,-1.0896,-0.91517,-0.81298,-0.73437,-0.75401,-0.85076,-1.108,-1.5196,-2.0348,-2.4694,-3.0768,-3.6259,-3.926,-4.2462,-4.3691,-4.352,-4.2652,-4.1467,-4.0964,-4.1276,-4.2915,-4.6939,-5.168,-6.023,-7.2119,-8.7509,-9.9719,-10.844,-9.7632,-8.0163,-5.5219,-3.3351,-1.9964,-0.58111,0.43945,1.1096,1.4065,1.5235,1.3663,1.0899,0.53449,-0.17534,-0.926,-1.434,-1.9448,-2.1557,-2.0918,-1.7893,-1.303,-0.8653,-0.23926,0.37892,0.89761,1.1903,1.424,1.4954,1.3628,0.99328,0.42314,-0.14584,-1.016,-1.9961,-2.9681,-3.5756,-4.1972,-4.5271,-4.5523,-4.3562,-4.0298,-3.7041,-3.4835,-3.3135,-3.3411,-3.469,-3.7993,-4.2642,-4.6357,-5.0614,-5.3035,-5.3051,-5.1776,-4.9199,-4.7118,-4.6347,-4.7149,-5.0184,-5.4091,-6.1078,-6.9764,-7.9164,-8.4802,-8.7108,-8.0268,-7.1664,-5.5758,-4.01,-2.7301,-1.8712,-0.93889,-0.23925,0.1453,0.48076,0.61322,0.58205,0.33987,-0.13284,-0.86006,-1.5933,-2.8486,-4.4133,-5.7994,-7.9612,-10.366,-12.184,-14.35,-15.48,-14.935,-13.658,-11.539,-9.4703,-8.1133,-6.6441,-5.5219,-4.7776
2.5309,2.3688,1.9759,1.4327,0.98707,0.47031,0.21495,0.25308,0.57649,1.0591,1.5078,1.7561,1.9113,1.8364,1.6122,1.1126,0.36437,-0.36963,-1.5697,-3.0356,-4.7507,-6.1343,-7.6601,-7.9463,-7.0786,-5.2586,-3.3821,-2.1509,-0.76996,0.3106,1.1404,1.6167,2.0485,2.2666,2.2806,2.0898,1.6159,0.82022,-0.033493,-1.6199,-3.9161,-6.3741,-11.525,-20.593,-15.681,-9.0379,-5.4883,-3.306,-2.2027,-1.199,-0.61196,-0.38664,-0.31789,-0.45524,-0.68032,-1.1172,-1.7411,-2.5408,-3.2866,-4.575,-6.2583,-7.8231,-10.351,-12.748,-13.32,-12.167,-10.21,-8.4877,-7.3629,-6.0558,-4.8775,-4.0467,-3.0617,-2.2055,-1.5019,-1.077,-0.66926,-0.43376,-0.37114,-0.43245,-0.67495,-0.97532,-1.5202,-2.2548,-3.1629,-3.9188,-4.9646,-5.9927,-6.6077,-7.0047,-6.9101,-6.3655,-5.7979,-5.026,-4.3471,-3.9003,-3.5382,-3.3468,-3.3011,-3.3854,-3.5712,-3.7491,-3.8076,-3.694,-3.2896,-2.7931,-1.9794,-1.1156,-0.50235,0.21837,0.79099,1.1891,1.3589,1.4391,1.3362,1.1475,0.76374,0.25306,-0.37099,-0.90146,-1.6236,-2.3446,-2.8476,-3.3456,-3.5262,-3.3786,-2.7847,-1.9579,-1.1149,-0.52397,0.00078819,0.2553,0.31454,0.031986,-0.55899,-1.183,-2.319,-3.695,-5.2582,-6.5107,-7.7688,-8.1697,-7.8801,-6.9393,-5.8267,-4.8759,-4.3178,-3.748,-3.4248,-3.3396,-3.3566,-3.515,-3.7022,-3.9996,-4.3131,-4.6354,-4.9013,-5.3158,-5.8253,-6.2963,-7.1053,-8.1773,-9.1568,-10.848,-13.055,-16.17,-19.899,-29.051,-21.243,-15.562,-11.063,-7.9905,-5.5679,-4.1231,-2.6607,-1.5301,-0.90795,-0.31332,0.034371,0.11788,0.0046877,-0.34007,-0.94042,-1.5849,-2.7084,-4.1279,-5.4415,-7.5926,-10.329,-12.999,-18.358,-31.272,-22.381,-16.73,-12.409,-9.6014,-8.0549,-6.5018,-5.4246,-4.7596
1.8731,2.081,2.2335,2.2731,2.2651,2.2236,2.1882,2.175,2.1682,2.139,2.0378,1.8819,1.5514,1.0381,0.53111,-0.33366,-1.4191,-2.3734,-3.8882,-5.7896,-8.3487,-11.08,-17.231,-20.817,-13.802,-8.2201,-4.7189,-2.8162,-0.89262,0.52819,1.5441,2.0817,2.5413,2.7148,2.6671,2.3777,1.8104,0.95665,0.106,-1.309,-3.0589,-4.5541,-6.5239,-7.7121,-7.6038,-6.4013,-4.909,-3.6468,-2.9447,-2.2869,-1.9878,-1.948,-2.1102,-2.4546,-2.7961,-3.236,-3.6497,-4.0502,-4.3331,-4.8109,-5.4186,-5.9764,-6.8099,-7.628,-8.3629,-8.8527,-9.4805,-9.9868,-10.088,-9.5114,-8.0693,-6.6952,-4.9162,-3.4176,-2.2534,-1.5924,-0.99942,-0.70202,-0.65906,-0.81667,-1.2333,-1.7095,-2.5484,-3.6582,-5.1,-6.4447,-8.6849,-11.632,-14.512,-16.996,-14.694,-11.189,-9.0225,-6.8458,-5.2121,-4.2529,-3.3042,-2.5902,-2.1838,-1.825,-1.586,-1.4024,-1.2788,-1.124,-0.93808,-0.76768,-0.49786,-0.21034,0.0044073,0.27228,0.49186,0.64636,0.69935,0.70457,0.5873,0.41158,0.045056,-0.46516,-1.1815,-1.8827,-3.0777,-4.6772,-6.2648,-8.9575,-11.652,-11.808,-8.9859,-5.9782,-3.7114,-2.4329,-1.3018,-0.71355,-0.48808,-0.64948,-1.2549,-1.9725,-3.426,-5.4812,-8.4085,-11.644,-19.542,-24.696,-16.032,-10.868,-7.9775,-6.1577,-5.2534,-4.4229,-3.9475,-3.8175,-3.8265,-4.0244,-4.2764,-4.7195,-5.2199,-5.7783,-6.2347,-6.9075,-7.7148,-8.4575,-9.6732,-11.215,-12.58,-14.64,-16.787,-18.483,-19.152,-19.011,-16.956,-14.772,-11.918,-9.1632,-6.8383,-5.4665,-3.9095,-2.6863,-1.9833,-1.2622,-0.78194,-0.58409,-0.50972,-0.66898,-1.0634,-1.5195,-2.3255,-3.3652,-4.3014,-5.737,-7.334,-8.5667,-10.055,-10.894,-10.716,-9.9671,-8.6236,-7.2653,-6.3362,-5.2958,-4.532,-4.0289
0.90984,1.3164,1.7201,2.0017,2.1518,2.2879,2.357,2.366,2.3088,2.1466,1.8565,1.5283,0.91954,0.081814,-0.69165,-1.935,-3.3427,-4.4336,-5.7998,-6.8879,-7.5999,-7.8869,-7.7957,-6.9991,-5.894,-4.0563,-2.1598,-0.86828,0.59553,1.741,2.5687,2.9882,3.3165,3.3819,3.2719,2.9203,2.3607,1.6002,0.92283,-0.08241,-1.1396,-1.8904,-2.7402,-3.3119,-3.4787,-3.437,-3.199,-2.8942,-2.7238,-2.6656,-2.8895,-3.2727,-4.1311,-5.3312,-6.3332,-7.4678,-7.6626,-6.9795,-6.2363,-5.3236,-4.7668,-4.609,-4.7168,-5.2254,-6.1561,-7.2668,-9.4945,-13.397,-19.38,-25.388,-13.115,-9.1373,-5.8177,-3.6414,-2.2121,-1.4957,-0.92687,-0.73065,-0.78571,-1.1157,-1.7151,-2.3275,-3.3572,-4.5979,-6.09,-7.4201,-9.5611,-12.098,-14.095,-15.798,-14.165,-11.118,-9.0443,-6.7962,-5.0523,-4.0192,-2.856,-1.9687,-1.4647,-0.97054,-0.64567,-0.46701,-0.40904,-0.41736,-0.4927,-0.57722,-0.71068,-0.83235,-0.89302,-0.9276,-0.91303,-0.86614,-0.82371,-0.80404,-0.84324,-0.92533,-1.1219,-1.4684,-1.9794,-2.5063,-3.4952,-4.9293,-6.3963,-8.9676,-11.683,-11.845,-8.8425,-5.6743,-3.3432,-2.0685,-0.87339,-0.21988,-0.052752,-0.10979,-0.5793,-1.2098,-2.3411,-3.8713,-5.695,-7.1084,-8.7173,-9.254,-8.8218,-7.6665,-6.4011,-5.3365,-4.7869,-4.309,-4.1317,-4.1772,-4.5223,-5.1149,-5.681,-6.5529,-7.4448,-8.2398,-8.7,-9.1958,-9.7508,-10.309,-11.398,-13.072,-14.866,-18.405,-24.342,-29.902,-23.937,-18.391,-14.875,-12.875,-10.372,-8.3577,-6.7643,-5.7264,-4.5278,-3.5454,-2.8809,-2.1497,-1.603,-1.2831,-1.0026,-0.94944,-1.1157,-1.3737,-1.8735,-2.5645,-3.1838,-4.0491,-4.8941,-5.4619,-6.0217,-6.3058,-6.254,-6.0228,-5.5292,-4.9257,-4.4405,-3.8448,-3.311,-2.8894
-0.20448,0.17212,0.53096,0.80765,0.98471,1.2251,1.4474,1.5779,1.661,1.6006,1.3482,1.0148,0.31712,-0.68966,-1.7179,-3.5049,-5.9221,-8.2468,-11.721,-12.853,-10.177,-7.9074,-5.3966,-3.3419,-2.0016,-0.40381,0.97905,1.8816,2.8713,3.6084,4.0929,4.3008,4.3594,4.2049,3.9548,3.4452,2.7615,1.9162,1.1958,0.13249,-0.9806,-1.7958,-2.7392,-3.3611,-3.5696,-3.508,-3.1872,-2.8051,-2.5738,-2.5218,-2.8178,-3.3884,-4.7529,-7.1721,-10.177,-18.734,-20.515,-10.562,-7.2302,-4.5013,-2.89,-2.161,-1.6903,-1.7009,-2.1303,-2.6957,-3.7353,-4.925,-5.5927,-5.6693,-4.6922,-3.6314,-2.2252,-1.1246,-0.36903,-0.057715,0.07301,-0.11878,-0.46033,-1.1655,-2.1001,-2.9234,-4.1784,-5.4907,-6.7499,-7.5701,-8.4655,-9.1507,-9.3815,-9.1967,-8.5157,-7.4891,-6.5916,-5.268,-4.0112,-3.1346,-2.1355,-1.3481,-0.89132,-0.43743,-0.20611,-0.20572,-0.35039,-0.70303,-1.2407,-1.7491,-2.5181,-3.262,-3.7107,-4.0508,-4.0523,-3.8295,-3.601,-3.3575,-3.1728,-3.0728,-2.9572,-2.8674,-2.7688,-2.7144,-2.7124,-2.8076,-2.9175,-3.0063,-2.8968,-2.5861,-1.8533,-0.9101,0.041906,0.65445,1.2904,1.664,1.6929,1.5239,1.0893,0.56806,-0.29273,-1.2858,-2.3489,-3.1591,-3.9548,-4.4296,-4.5405,-4.4348,-4.1484,-3.8234,-3.6072,-3.5327,-3.7408,-4.0878,-4.9067,-6.1836,-7.4871,-9.6737,-12.232,-14.116,-14.151,-12.904,-11.621,-11.044,-10.863,-11.358,-12.078,-13.492,-14.941,-15.307,-14.496,-12.708,-10.823,-9.4086,-8.089,-7.1396,-6.3525,-5.827,-5.3484,-4.8104,-4.3368,-3.6014,-2.7911,-2.226,-1.6351,-1.2574,-1.1484,-1.2489,-1.6434,-2.2933,-2.8988,-3.8078,-4.7057,-5.2688,-5.7154,-5.7688,-5.4742,-5.1326,-4.593,-4.0505,-3.694,-3.2517,-2.8397,-2.431
-2.0567,-2.1641,-2.4518,-2.6476,-2.5576,-2.0872,-1.3755,-0.83952,-0.2652,0.070002,0.12129,-0.023856,-0.46316,-1.2097,-2.0082,-3.4256,-5.4305,-7.3447,-10.141,-10.715,-7.8401,-5.3819,-2.6321,-0.47769,0.82963,2.2511,3.3488,3.9785,4.5726,4.9047,4.9873,4.9002,4.594,4.1044,3.633,2.8924,2.0042,0.96555,0.048453,-1.4141,-3.2159,-4.8187,-7.2017,-9.1218,-9.3367,-7.7895,-5.7171,-4.0048,-3.04,-2.1549,-1.7304,-1.711,-2.0224,-2.6971,-3.3172,-3.8861,-3.6515,-2.562,-1.5208,-0.16712,0.91906,1.5227,2.0381,2.2812,2.2789,2.1654,1.9217,1.663,1.5088,1.4228,1.4707,1.5636,1.7057,1.753,1.6429,1.4311,0.9433,0.20187,-0.54725,-1.7906,-3.3462,-4.7235,-6.7863,-8.9935,-10.831,-11.582,-11.498,-10.78,-10.206,-9.2666,-8.3014,-7.3268,-6.5384,-5.4339,-4.2445,-3.4006,-2.4126,-1.5923,-1.1199,-0.72753,-0.6165,-0.79397,-1.139,-1.9109,-3.0955,-4.3019,-6.4014,-9.1285,-11.279,-12.54,-11.037,-9.1075,-8.1042,-7.3485,-7.1775,-7.259,-7.297,-6.7535,-5.6587,-4.6713,-3.3565,-2.2002,-1.4635,-0.63465,0.12039,0.66289,1.319,1.9327,2.491,2.8266,3.1197,3.2323,3.2087,2.8801,2.2968,1.7239,0.70683,-0.5177,-1.8844,-2.8982,-4.1316,-4.8976,-5.0511,-4.7578,-4.2102,-3.6877,-3.3664,-3.1894,-3.3484,-3.7562,-4.6442,-6.0627,-7.5706,-10.418,-14.756,-19.69,-18.246,-13.735,-10.821,-9.4161,-8.2757,-7.6865,-7.5228,-7.4276,-7.3848,-7.2533,-7.0496,-6.6517,-6.1961,-6.0665,-5.9799,-6.1291,-6.66,-7.4227,-8.6526,-9.5992,-9.4918,-7.8358,-5.6423,-4.25,-2.8277,-1.9012,-1.474,-1.4783,-1.9203,-2.8326,-3.8391,-5.6937,-8.0808,-9.9198,-11.162,-10.007,-8.0846,-6.83,-5.6368,-4.9406,-4.7067,-4.6432,-4.7355,-4.6518
-4.407,-5.8336,-8.8539,-13.127,-13.995,-10.041,-6.6397,-4.9595,-3.517,-2.735,-2.398,-2.358,-2.4506,-2.673,-2.8441,-3.0858,-3.2486,-3.3063,-3.1257,-2.523,-1.5098,-0.56533,0.76595,2.0337,2.8705,3.7914,4.4532,4.7587,4.9137,4.7642,4.3163,3.7858,2.8863,1.8198,0.98991,-0.037941,-0.94719,-1.8093,-2.5368,-3.7825,-5.5828,-7.4926,-11.216,-16.408,-16.676,-11.534,-7.6526,-5.0113,-3.5322,-2.0087,-0.90146,-0.26615,0.34479,0.79374,1.0785,1.4538,1.8894,2.429,2.8696,3.4357,3.9373,4.2387,4.5367,4.7055,4.7568,4.7235,4.6127,4.4509,4.2981,4.0692,3.8032,3.5666,3.156,2.6414,1.9629,1.353,0.36295,-0.83412,-1.8753,-3.4995,-5.4883,-7.3411,-10.486,-15.315,-25.328,-32.073,-19.059,-14.855,-13.343,-12.366,-11.88,-11.285,-10.522,-9.0187,-7.2399,-5.9656,-4.4506,-3.3103,-2.724,-2.2962,-2.2143,-2.4567,-2.8458,-3.6915,-4.972,-6.266,-8.5776,-11.845,-14.974,-16.943,-14.039,-11.515,-10.487,-10.279,-11.527,-13.773,-20.296,-20.426,-12.128,-8.5685,-5.4062,-3.2434,-2.0365,-0.78335,0.20485,0.81666,1.5395,2.1586,2.6591,2.9511,3.1963,3.2424,3.1657,2.827,2.1766,1.4793,0.20148,-1.5903,-4.0248,-6.4017,-10.659,-14.841,-13.617,-9.6327,-6.8537,-5.1199,-4.3549,-3.757,-3.5987,-3.7376,-4.2114,-4.9568,-5.6404,-6.6373,-7.533,-7.9915,-7.9555,-7.4353,-6.6252,-6.0587,-5.3667,-4.8382,-4.5659,-4.3116,-4.1412,-4.0403,-3.9985,-3.9613,-4.0522,-4.2701,-4.6633,-5.3978,-6.7578,-8.4262,-11.782,-17.656,-19.056,-12.096,-7.6813,-5.4775,-3.5183,-2.3701,-1.8407,-1.7986,-2.1777,-3.0992,-4.2276,-6.4374,-9.7944,-13.284,-16.499,-12.718,-9.2383,-7.6012,-6.3977,-6.1051,-6.4223,-7.7158,-10.261,-14.312
-3.4467,-4.8088,-7.173,-9.4979,-10.015,-8.768,-7.0476,-6.1029,-5.4372,-5.3598,-5.7,-6.1063,-6.6176,-6.7004,-6.3643,-5.4963,-4.3236,-3.3972,-2.1507,-0.91484,0.30021,1.1871,2.286,3.2551,3.8626,4.4685,4.8074,4.8657,4.6463,4.039,2.9861,1.8579,-0.14865,-2.7672,-4.9918,-7.3502,-7.4472,-6.3524,-5.6859,-5.3438,-5.5891,-6.0782,-6.8539,-7.4045,-7.5074,-7.0166,-5.9639,-4.6134,-3.5109,-2.0464,-0.67954,0.23683,1.2959,2.1869,2.7587,3.3939,3.923,4.3582,4.6391,4.9272,5.1314,5.2293,5.2979,5.2899,5.2298,5.1506,5.0011,4.796,4.6082,4.2828,3.8538,3.4458,2.7566,1.8875,0.81479,-0.13462,-1.5596,-3.1047,-4.271,-5.81,-7.2763,-8.3637,-9.8579,-11.393,-12.66,-13.188,-13.217,-13.007,-13.006,-14.121,-16.991,-23.895,-26.276,-16.191,-11.08,-8.5649,-6.3921,-5.0575,-4.4761,-4.1405,-4.2256,-4.6425,-5.0836,-5.7515,-6.4056,-6.8943,-7.5386,-8.0737,-8.3563,-8.4548,-8.2356,-7.9263,-7.8178,-8.0182,-8.6612,-9.3613,-10.132,-9.6857,-8.0578,-6.5981,-4.8717,-3.5469,-2.7737,-1.9725,-1.3429,-0.90861,-0.29411,0.34833,0.96869,1.4018,1.8757,2.1503,2.1488,2.0035,1.5701,0.99202,-0.089795,-1.573,-3.5536,-5.4134,-8.1802,-10.129,-9.9082,-8.1211,-6.3412,-5.0647,-4.4838,-4.0961,-4.0841,-4.2229,-4.6066,-5.0617,-5.3819,-5.6642,-5.7129,-5.5601,-5.3313,-4.9263,-4.4668,-4.1403,-3.7671,-3.5041,-3.3557,-3.274,-3.2668,-3.3013,-3.3462,-3.4488,-3.5971,-3.6242,-3.8287,-4.2044,-4.7331,-5.192,-5.7684,-6.0711,-5.931,-5.1962,-4.1145,-3.2962,-2.3922,-1.7808,-1.4796,-1.4489,-1.6486,-2.1328,-2.6564,-3.4923,-4.3698,-4.9133,-5.3039,-5.2155,-4.8555,-4.615,-4.5006,-4.7876,-5.3212,-6.5293,-8.2216,-9.8675
-0.44613,-1.0964,-2.0278,-2.8812,-3.3917,-3.9384,-4.4482,-4.9089,-5.822,-7.2276,-9.3938,-11.719,-16.368,-20.082,-16.497,-11.349,-7.8344,-5.7725,-3.5053,-1.6254,-0.0052949,1.0585,2.2966,3.3046,3.9069,4.4757,4.7573,4.7631,4.4541,3.7395,2.5464,1.2748,-1.0955,-4.5278,-8.0875,-13.082,-11.188,-7.7539,-6.1861,-5.1272,-4.8754,-5.0533,-5.6694,-6.6232,-7.3924,-8.2726,-8.4035,-7.2532,-5.8184,-3.6658,-1.6811,-0.39027,1.0619,2.2121,2.8944,3.6042,4.102,4.4028,4.516,4.5516,4.4612,4.3335,4.0984,3.84,3.5913,3.436,3.2659,3.1119,2.9832,2.7437,2.365,1.952,1.2081,0.14628,-1.2711,-2.6203,-4.8524,-7.549,-9.6726,-11.637,-11.701,-10.986,-10.042,-9.3433,-8.9506,-8.8024,-8.7437,-8.9586,-9.303,-9.9896,-10.913,-11.678,-11.515,-10.088,-8.2559,-7.0758,-5.918,-5.3254,-5.2437,-5.6171,-6.5421,-7.9391,-9.1744,-10.494,-10.664,-10.055,-8.8688,-7.729,-6.9646,-6.1288,-5.4856,-4.9674,-4.6977,-4.4597,-4.3429,-4.3033,-4.2293,-4.0933,-3.8824,-3.7334,-3.6471,-3.7874,-4.0601,-4.6254,-5.2234,-5.4129,-5.077,-4.035,-2.6823,-1.7051,-0.6127,0.17992,0.54931,0.76002,0.69402,0.46695,-0.057372,-0.79385,-1.6689,-2.3152,-3.1636,-3.7502,-3.9974,-4.0805,-4.0042,-3.972,-4.0232,-4.374,-5.0484,-5.7808,-6.9545,-8.1263,-8.718,-8.7446,-7.9547,-6.8469,-6.0223,-5.0937,-4.4394,-4.0709,-3.8245,-3.7917,-3.8837,-4.1271,-4.4704,-4.8228,-5.0401,-5.2232,-5.171,-5.0014,-4.7164,-4.3591,-3.9489,-3.6187,-3.2704,-2.9238,-2.623,-2.2385,-1.8964,-1.7054,-1.5328,-1.48,-1.5373,-1.6361,-1.8147,-1.9797,-2.0565,-2.1165,-2.1245,-2.1055,-2.0512,-2.0011,-1.9935,-2.0416,-2.2283,-2.5718,-2.9432,-3.5144,-4.0531,-4.3913
1.32,0.84864,0.15851,-0.59954,-1.2225,-2.1112,-3.1425,-4.056,-5.5009,-7.3021,-9.5067,-11.375,-13.845,-14.96,-14.175,-11.93,-9.4262,-7.5985,-5.3215,-3.2306,-1.3565,-0.11585,1.3242,2.5039,3.2135,3.9296,4.3654,4.4971,4.4094,4.0183,3.3187,2.6046,1.4196,0.10151,-0.84325,-1.835,-2.3149,-2.4271,-2.455,-2.6016,-3.0438,-3.6327,-4.8904,-6.8519,-9.0748,-14.181,-32.243,-15.242,-9.8008,-5.5939,-2.7881,-1.2076,0.39075,1.5489,2.1748,2.7581,3.0591,3.1092,2.9796,2.6145,2.0378,1.4871,0.64935,-0.17833,-0.83396,-1.1057,-1.1267,-0.86365,-0.61641,-0.33886,-0.24455,-0.34747,-0.77771,-1.6052,-2.8985,-4.2533,-6.727,-10.376,-14.318,-20.025,-15.933,-12.543,-9.6206,-7.8479,-6.6956,-6.0833,-5.5424,-5.2374,-5.1706,-5.116,-5.099,-5.0085,-4.8556,-4.5437,-4.2192,-4.0554,-3.9888,-4.2552,-4.7354,-5.8649,-7.7111,-10.622,-14.107,-23.525,-22.211,-15.416,-10.828,-8.1111,-6.6752,-5.2285,-4.1369,-3.3155,-2.8231,-2.3236,-1.9849,-1.8228,-1.7186,-1.7831,-2.0202,-2.3595,-3.1026,-4.2909,-5.6229,-8.3148,-12.912,-19.443,-19.292,-11.177,-7.1161,-5.1943,-3.3976,-2.1669,-1.4712,-0.96544,-0.75884,-0.7315,-0.8812,-1.2186,-1.66,-2.0417,-2.489,-2.8844,-3.1016,-3.3316,-3.5354,-3.8232,-4.1583,-4.873,-6.0488,-7.4095,-10.189,-15.156,-23.098,-21.075,-13.001,-9.1802,-7.4189,-5.9229,-5.0972,-4.8341,-4.8504,-5.2347,-5.7722,-6.7179,-7.9059,-9.253,-10.211,-10.976,-10.703,-10.026,-8.3809,-6.6351,-5.1297,-4.2075,-3.1759,-2.3936,-1.9758,-1.6316,-1.5392,-1.6388,-2.0118,-2.6484,-3.4752,-4.1089,-4.7029,-4.691,-4.2828,-3.4446,-2.5522,-1.9671,-1.3547,-0.97314,-0.82599,-0.86263,-1.1165,-1.5846,-2.0568,-2.8021,-3.6312,-4.4071
1.8396,1.4537,0.88016,0.20899,-0.37898,-1.2825,-2.3527,-3.2866,-4.7087,-6.3386,-8.1112,-9.4972,-11.24,-12.579,-13.167,-12.976,-11.657,-10.055,-7.6427,-5.2253,-3.0135,-1.5266,0.19145,1.6192,2.4938,3.416,4.0613,4.3724,4.576,4.5524,4.3247,4.0428,3.5648,3.0162,2.5925,2.0517,1.5665,1.1157,0.76773,0.24718,-0.40077,-1.0169,-2.014,-3.2015,-4.1891,-5.3617,-5.8802,-5.3017,-4.3408,-2.8258,-1.3869,-0.47509,0.51782,1.2299,1.5964,1.8419,1.8317,1.5555,1.162,0.32634,-0.89942,-2.1321,-4.2672,-7.0775,-10.097,-11.1,-9.4445,-6.8963,-5.3376,-3.811,-2.8113,-2.3558,-2.1283,-2.259,-2.7577,-3.3514,-4.354,-5.4706,-6.2402,-6.8204,-6.7544,-6.3494,-5.5404,-4.6951,-3.9221,-3.411,-2.8371,-2.3553,-2.0503,-1.7607,-1.5454,-1.3636,-1.2639,-1.2194,-1.2589,-1.3613,-1.6781,-2.2082,-2.7743,-3.774,-5.0422,-6.5185,-7.6133,-8.7029,-8.8607,-8.3554,-7.2588,-6.0221,-5.1499,-4.0626,-3.085,-2.2367,-1.6759,-1.0549,-0.58182,-0.33338,-0.1717,-0.20772,-0.49193,-0.88163,-1.6703,-2.8063,-3.9018,-5.647,-7.5527,-8.6234,-8.8955,-7.8979,-6.4775,-5.5246,-4.4937,-3.6985,-3.2234,-2.7388,-2.4526,-2.3813,-2.4614,-2.731,-3.1922,-3.6472,-4.2209,-4.6741,-4.8266,-4.7676,-4.5242,-4.2561,-4.1927,-4.3136,-4.793,-5.4024,-6.5582,-7.8698,-8.5654,-8.4811,-7.3917,-6.1145,-5.3324,-4.6788,-4.4643,-4.6457,-5.2668,-6.3546,-7.4656,-9.3909,-11.813,-14.955,-18.259,-26.963,-27.188,-18.107,-12.492,-8.8745,-6.269,-4.7699,-3.2146,-2.1294,-1.6056,-1.2379,-1.2629,-1.5574,-2.4084,-3.9261,-6.3983,-9.2635,-15.15,-15.109,-10.361,-6.1078,-3.4652,-2.1153,-0.91321,-0.21525,0.059701,0.010476,-0.36626,-1.1027,-1.8872,-3.2742,-5.1082,-7.4297
1.3298,1.1022,0.76106,0.34,-0.054726,-0.75291,-1.66,-2.4991,-3.8636,-5.5112,-7.5115,-9.2874,-12.077,-15.874,-20.092,-28.539,-20.235,-15.131,-10.446,-6.9366,-4.1466,-2.3899,-0.41595,1.1929,2.1867,3.2372,4.0151,4.4394,4.8108,4.9846,4.9983,4.9197,4.7391,4.4844,4.2647,3.9586,3.6181,3.2564,2.9675,2.5319,2.0369,1.6284,1.052,0.45363,0.062862,-0.34499,-0.54838,-0.5161,-0.34903,0.0083112,0.41207,0.69207,0.99219,1.1799,1.2369,1.159,0.91102,0.4487,-0.056372,-0.99883,-2.3392,-3.6743,-6.043,-9.2692,-13.16,-14.663,-12.242,-9.1207,-7.2873,-5.4453,-4.0711,-3.2905,-2.5167,-2.0372,-1.8364,-1.8334,-2.0078,-2.2867,-2.5149,-2.7543,-2.8465,-2.7967,-2.614,-2.2496,-1.7733,-1.3788,-0.82199,-0.27676,0.12659,0.5713,0.9242,1.154,1.245,1.2602,1.145,0.9727,0.60091,0.080592,-0.40849,-1.15,-1.9762,-2.8186,-3.4016,-4.0656,-4.5519,-4.7412,-4.7793,-4.5794,-4.2563,-3.6266,-2.8099,-1.8651,-1.1584,-0.26135,0.49373,0.93011,1.3096,1.4534,1.3399,1.0936,0.55754,-0.19845,-0.87819,-1.8559,-2.8312,-3.5067,-4.2202,-4.7385,-5.1079,-5.2492,-5.3366,-5.3125,-5.2397,-4.8268,-4.3658,-4.1459,-4.0885,-4.4097,-5.2429,-6.2005,-8.123,-10.19,-10.876,-9.3931,-6.9246,-4.853,-3.6898,-2.6312,-2.0242,-1.7929,-1.6721,-1.6663,-1.6658,-1.624,-1.5297,-1.4522,-1.4761,-1.6963,-2.2402,-2.8796,-4.1412,-5.939,-7.6416,-10.492,-13.921,-17.143,-18.467,-17.868,-15.618,-13.535,-10.298,-7.351,-4.9116,-3.4005,-1.8839,-0.78022,-0.19226,0.25353,0.32194,0.11734,-0.5091,-1.5694,-3.0993,-4.4455,-5.9427,-5.8181,-4.5961,-2.5691,-0.81133,0.20452,1.1619,1.6934,1.8303,1.6847,1.166,0.26167,-0.6981,-2.42,-4.7319,-7.845
