-2.2253,-2.2265,-2.1003,-1.8593,-1.6202,-1.2697,-0.91983,-0.68138,-0.41158,-0.20106,-0.065087,-0.020887,-0.025262,-0.069303,-0.11843,-0.19459,-0.26115,-0.27692,-0.23616,-0.11728,0.089052,0.2884,0.58499,0.88434,1.0909,1.3077,1.4428,1.4816,1.4388,1.2728,0.97565,0.66017,0.10506,-0.61164,-1.27,-2.3255,-3.6194,-5.1455,-6.419,-8.0957,-9.2303,-9.3181,-8.3488,-6.7782,-5.5725,-4.0964,-2.828,-1.7419,-1.0325,-0.20177,0.52675,1.0086,1.573,2.0522,2.3619,2.7176,3.024,3.2917,3.4647,3.6652,3.8381,3.9522,4.0965,4.234,4.3675,4.4607,4.5843,4.7026,4.7844,4.8776,4.9423,4.9614,4.9309,4.8395,4.6851,4.5407,4.3032,4.0114,3.7489,3.3317,2.8039,2.3162,1.5085,0.46844,-0.89057,-2.2081,-4.5605,-8.0829,-11.925,-13.717,-7.6599,-3.0593,-0.49503,2.2286,4.4413,5.8716,7.5477,9.0207,10.016,11.225,12.31,13.288,13.959,14.773,15.5,15.993,16.584,17.102,17.444,17.84,18.17,18.434,18.587,18.733,18.813,18.829,18.792,18.689,18.521,18.353,18.072,17.729,17.432,16.983,16.481,16.071,15.487,14.866,14.217,13.718,13.05,12.391,11.912,11.304,10.739,10.341,9.8418,9.3806,8.9471,8.6318,8.209,7.7745,7.4365,6.9699,6.4762,5.954,5.5461,4.9797,4.3874,3.9223,3.274,2.5933,2.0856,1.4298,0.8457,0.3348,0.0088375,-0.34903,-0.63246,-0.79317,-0.9293,-0.95859,-0.89801,-0.71323,-0.42532,-0.062574,0.23889,0.66205,1.0844,1.3948,1.7849,2.1332,2.4365,2.6299,2.8254,2.9569,3.0145,3.0444,3.0168,2.9585,2.8258,2.6299,2.356,2.0977,1.6754,1.1723,0.72985,0.047627,-0.68655,-1.2454,-2.0052,-2.8115,-3.636,-4.2656,-5.0616,-5.6727,-5.896,-5.772,-5.1963,-4.3002
-2.1862,-1.6517,-0.92799,-0.25079,0.20876,0.73421,1.1454,1.3666,1.5309,1.5284,1.3449,1.0767,0.51391,-0.31087,-1.1301,-2.5136,-4.2248,-5.6203,-7.0789,-7.0136,-5.4368,-3.9479,-2.1169,-0.61804,0.28505,1.2252,1.8979,2.2423,2.5074,2.5689,2.4439,2.2361,1.8074,1.2174,0.67671,-0.15597,-1.0909,-2.0639,-2.7703,-3.5976,-4.2011,-4.4751,-4.6171,-4.5698,-4.4573,-4.2585,-4.0076,-3.6879,-3.3769,-2.8353,-2.1371,-1.523,-0.61148,0.35725,1.0849,2.022,2.9,3.7024,4.2499,4.8981,5.4546,5.8128,6.2112,6.5206,6.7438,6.8547,6.9263,6.9051,6.828,6.6418,6.354,6.0685,5.5897,4.9916,4.2659,3.6392,2.6967,1.6595,0.83718,-0.24984,-1.2265,-1.7961,-2.2274,-2.2568,-1.9647,-1.6128,-1.0418,-0.40362,0.11884,0.89453,1.7888,2.8194,3.6792,4.9233,6.2423,7.2534,8.601,9.9234,10.886,12.119,13.287,14.379,15.147,16.098,16.963,17.555,18.266,18.887,19.293,19.754,20.121,20.393,20.534,20.634,20.634,20.565,20.378,20.08,19.664,19.271,18.63,17.845,17.153,16.077,14.798,13.682,11.939,9.8195,7.1616,4.6291,-0.066113,-8.9558,-21.579,-4.9795,-0.30057,1.6665,3.319,4.297,4.8179,4.9827,4.9584,4.7008,4.3719,3.7749,3.0157,2.1134,1.3516,0.2393,-0.94699,-1.8539,-3.0228,-4.067,-4.7002,-5.2786,-5.5243,-5.4614,-5.2481,-4.8035,-4.2348,-3.763,-3.0941,-2.4009,-1.8814,-1.1978,-0.5394,0.086621,0.52958,1.0784,1.5745,1.9098,2.3035,2.6349,2.9071,3.0741,3.2504,3.3855,3.463,3.541,3.5973,3.6313,3.6681,3.7006,3.7303,3.7476,3.7607,3.7634,3.7532,3.7278,3.6836,3.6402,3.5652,3.4704,3.3482,3.233,3.0478,2.8261,2.6396,2.3575,2.0162,1.5933
-6.7415,-5.5527,-4.1407,-2.9267,-2.1464,-1.2667,-0.54723,-0.10747,0.35592,0.68908,0.90616,1.0001,1.044,1.0089,0.94049,0.8183,0.6794,0.58177,0.47662,0.4189,0.40869,0.42878,0.47609,0.53155,0.56491,0.58547,0.56645,0.51836,0.39941,0.21732,-0.02465,-0.24642,-0.59533,-1.0058,-1.3533,-1.8567,-2.4005,-2.9801,-3.438,-4.0777,-4.7581,-5.3077,-6.1028,-7.0015,-7.7754,-8.9952,-10.542,-12.522,-14.309,-16.634,-16.614,-14.576,-11.334,-8.5198,-6.7475,-4.7665,-3.1264,-1.7565,-0.87957,0.1175,0.94023,1.4515,2.0073,2.4243,2.7132,2.8493,2.9293,2.8938,2.7907,2.5517,2.1966,1.8505,1.2724,0.55314,-0.32268,-1.092,-2.2807,-3.6643,-4.8266,-6.4697,-7.948,-8.6493,-8.7056,-7.946,-6.8632,-6.0507,-5.0752,-4.2618,-3.7562,-3.2029,-2.7397,-2.3049,-1.9431,-1.3476,-0.55623,0.19752,1.4002,2.7741,3.8709,5.3603,6.8256,8.2244,9.2142,10.441,11.557,12.317,13.228,14.02,14.537,15.125,15.596,15.954,16.147,16.307,16.354,16.317,16.169,15.91,15.541,15.191,14.627,13.954,13.379,12.524,11.574,10.811,9.7442,8.6539,7.5877,6.8361,5.9419,5.2035,4.7538,4.2663,3.8559,3.5646,3.1491,2.6638,2.07,1.5363,0.68317,-0.34831,-1.2519,-2.652,-4.3102,-6.2824,-8.032,-10.845,-14.464,-17.947,-23.605,-25.422,-23.078,-20.789,-19.927,-20.211,-21.123,-23.061,-24.015,-22.073,-18.13,-14.728,-12.628,-10.35,-8.5466,-7.1155,-6.2416,-5.3112,-4.6212,-4.2519,-3.9373,-3.8209,-3.906,-4.0981,-4.5276,-5.1505,-5.7336,-6.6206,-7.5282,-8.0993,-8.4732,-8.2234,-7.4479,-6.6682,-5.5663,-4.5107,-3.7895,-2.9365,-2.2021,-1.7176,-1.165,-0.69267,-0.29229,-0.029413,0.27698,0.55045,0.73988,0.96865,1.1686,1.3353
-2.5188,-2.1184,-1.5753,-1.041,-0.65968,-0.1874,0.23764,0.52239,0.85345,1.1216,1.3299,1.4482,1.5523,1.5971,1.591,1.5309,1.416,1.291,1.0797,0.81409,0.49702,0.22448,-0.1856,-0.64486,-1.0155,-1.5329,-2.053,-2.4262,-2.8801,-3.2489,-3.5156,-3.6557,-3.788,-3.8905,-3.9722,-4.1104,-4.3066,-4.5905,-4.8685,-5.3235,-5.8742,-6.3399,-7.0068,-7.6827,-8.1557,-8.7041,-9.0847,-9.235,-9.174,-8.8486,-8.2617,-7.6812,-6.7689,-5.7509,-4.9587,-3.9163,-2.9336,-2.0442,-1.4512,-0.76663,-0.20828,0.12505,0.45187,0.65085,0.7259,0.70747,0.59969,0.40776,0.21672,-0.081778,-0.40788,-0.65551,-0.9805,-1.2808,-1.5477,-1.7238,-1.9251,-2.089,-2.1861,-2.2699,-2.2892,-2.2653,-2.1996,-2.1171,-2.0505,-2.0204,-2.0338,-2.1596,-2.3643,-2.832,-3.6068,-4.7857,-6.0512,-8.4891,-12.074,-14.161,-10.686,-5.7964,-2.911,0.15271,2.6059,4.6354,5.9434,7.4582,8.7542,9.6037,10.59,11.426,11.961,12.561,13.036,13.392,13.586,13.746,13.801,13.774,13.651,13.432,13.12,12.828,12.365,11.825,11.375,10.722,10.019,9.4655,8.7061,7.9345,7.1643,6.5935,5.8495,5.1294,4.6034,3.9134,3.2297,2.7133,2.0079,1.2739,0.49665,-0.12552,-1.0189,-1.9911,-2.7666,-3.8533,-4.9781,-6.1145,-6.9609,-8.0581,-9.0487,-9.6773,-10.342,-10.809,-11.057,-11.317,-11.55,-11.763,-11.901,-12,-11.908,-11.637,-10.971,-10.057,-9.2944,-8.2645,-7.2905,-6.4375,-5.8948,-5.3153,-4.9149,-4.7397,-4.6706,-4.7891,-5.1125,-5.4951,-6.2103,-7.1868,-8.1069,-9.5956,-11.312,-12.572,-13.643,-13.329,-11.926,-10.706,-9.2328,-8.0323,-7.3091,-6.5623,-6.0022,-5.6693,-5.2921,-4.9358,-4.5399,-4.2022,-3.6805,-3.1016,-2.6414,-2.0296,-1.4606,-0.96224
-0.93137,-0.69892,-0.41509,-0.15075,0.036211,0.28271,0.53513,0.73015,0.99392,1.249,1.4899,1.6564,1.8476,1.9913,2.059,2.0847,2.0293,1.9242,1.6882,1.3259,0.82061,0.33133,-0.49937,-1.5769,-2.5833,-4.2719,-6.4873,-8.6243,-12.229,-15.34,-13.707,-11.15,-8.392,-6.4658,-5.4348,-4.4959,-3.9477,-3.744,-3.7998,-4.1519,-4.8294,-5.5781,-6.9498,-8.8773,-10.872,-14.851,-22.737,-25.877,-17.568,-12.201,-8.8816,-7.0339,-5.0877,-3.5389,-2.5639,-1.4716,-0.58259,0.12161,0.53533,0.93645,1.1678,1.2268,1.1518,0.90349,0.473,0.026632,-0.73526,-1.6911,-2.5289,-3.7771,-5.0677,-5.9392,-6.6983,-6.7304,-6.0736,-5.3227,-4.2108,-3.1324,-2.3861,-1.4905,-0.70437,-0.18247,0.42658,0.93892,1.3698,1.6481,1.9573,2.1794,2.2906,2.3731,2.4049,2.4177,2.4281,2.4768,2.6154,2.8118,3.2374,3.8464,4.4054,5.2448,6.1389,7.04,7.6964,8.5253,9.2871,9.8103,10.439,10.987,11.343,11.742,12.055,12.28,12.392,12.464,12.447,12.376,12.203,11.943,11.596,11.279,10.784,10.209,9.7289,9.0273,8.261,7.6493,6.7944,5.9066,5.0068,4.3362,3.4721,2.666,2.1137,1.453,0.87707,0.48739,-0.0036857,-0.48929,-1.0097,-1.4401,-2.1039,-2.8905,-3.56,-4.5354,-5.5618,-6.5549,-7.2451,-8.0092,-8.4791,-8.5982,-8.4656,-8.0705,-7.6742,-7.0958,-6.5117,-5.9553,-5.5596,-5.0778,-4.6366,-4.3212,-3.9083,-3.5196,-3.248,-2.9234,-2.6519,-2.4418,-2.333,-2.2531,-2.2524,-2.3064,-2.4485,-2.648,-2.8984,-3.1104,-3.4125,-3.7075,-3.9153,-4.1663,-4.3616,-4.4666,-4.5445,-4.5575,-4.527,-4.5113,-4.5587,-4.7382,-5.0075,-5.6129,-6.6024,-7.6703,-9.734,-12.849,-16.9,-17.292,-12.862,-8.9354,-6.7507,-4.549,-2.9303,-1.7495
-1.0727,-1.2133,-1.4865,-1.8111,-2.0503,-2.295,-2.3688,-2.2703,-1.9169,-1.3724,-0.71986,-0.2115,0.4327,1.0048,1.3726,1.7764,2.0764,2.2241,2.319,2.2864,2.1227,1.9072,1.4872,0.90922,0.37191,-0.47435,-1.4227,-2.1409,-2.9341,-3.2889,-3.0532,-2.563,-1.699,-0.81985,-0.23396,0.39796,0.8325,1.0656,1.1092,1.0127,0.74263,0.42799,-0.10877,-0.73246,-1.2135,-1.7625,-2.094,-2.1038,-1.8856,-1.3469,-0.62803,-0.033034,0.76313,1.5026,2.0032,2.581,3.0451,3.3839,3.5501,3.6459,3.5826,3.4199,3.0406,2.4715,1.6916,0.95023,-0.26676,-1.781,-3.1535,-5.3684,-8.1465,-10.593,-13.387,-12.806,-9.89,-7.7638,-5.4101,-3.4883,-2.2613,-0.84898,0.36229,1.1553,2.0827,2.8843,3.5903,4.0607,4.6159,5.0846,5.3859,5.7308,6.0345,6.3028,6.477,6.6789,6.8629,6.9992,7.187,7.3827,7.5341,7.7395,7.951,8.1715,8.3463,8.5949,8.8616,9.0725,9.3611,9.6443,9.8443,10.082,10.272,10.405,10.461,10.473,10.406,10.299,10.081,9.7745,9.3742,9.0128,8.4474,7.7841,7.2208,6.3788,5.4233,4.6271,3.4416,2.0946,0.56013,-0.73013,-2.6183,-4.543,-5.7295,-6.3867,-5.8337,-5.0109,-3.911,-3.0319,-2.4797,-2.27,-2.2903,-2.6866,-3.252,-4.3859,-6.0367,-8.4178,-11.035,-16.833,-26.398,-17.962,-11.652,-8.1449,-6.3073,-4.4794,-3.1174,-2.0742,-1.4417,-0.76024,-0.23692,0.066655,0.37478,0.57723,0.66331,0.69854,0.62928,0.44351,0.22429,-0.17427,-0.70257,-1.1898,-1.9429,-2.7712,-3.5953,-4.1088,-4.52,-4.4633,-4.1299,-3.426,-2.5926,-1.975,-1.2207,-0.58313,-0.085971,0.1863,0.40196,0.44353,0.35663,0.076787,-0.38686,-0.83822,-1.527,-2.1745,-2.5778,-2.6064,-2.2133,-1.4795,-0.84624,-0.029512,0.6716,1.2226
-2.4487,-3.0772,-4.2822,-6.0353,-7.8817,-11.502,-17.134,-18.558,-12.789,-8.5955,-5.8593,-4.368,-2.8771,-1.79,-1.1523,-0.4644,0.10283,0.48028,0.9433,1.3733,1.7604,2.0175,2.3078,2.5333,2.6597,2.7843,2.8875,2.9642,3.0905,3.2579,3.4813,3.6845,3.9914,4.3098,4.544,4.8302,5.0502,5.1869,5.2338,5.2308,5.1422,5.0266,4.8154,4.562,4.3564,4.0829,3.8282,3.6266,3.5278,3.4757,3.5124,3.6003,3.7893,4.0408,4.2556,4.5481,4.81,5.0092,5.0968,5.1103,4.9868,4.7883,4.3723,3.7741,2.9778,2.246,1.1027,-0.20817,-1.2754,-2.76,-4.199,-5.1457,-6.0731,-6.4654,-6.223,-5.6662,-4.5899,-3.3188,-2.3341,-1.0636,0.10227,0.89373,1.8332,2.6592,3.3853,3.8646,4.4313,4.9265,5.2752,5.7138,6.1164,6.4644,6.6845,6.9136,7.0663,7.1191,7.0819,6.913,6.6922,6.2737,5.733,5.1146,4.6557,4.1628,3.9395,3.9918,4.3123,4.7887,5.1616,5.5949,5.908,6.0884,6.1436,6.1275,6.0315,5.9179,5.7142,5.4385,5.0698,4.7168,4.1257,3.3812,2.7289,1.7663,0.73681,-0.056532,-1.1256,-2.1987,-3.379,-4.424,-6.1131,-8.1241,-9.4921,-9.7822,-7.8954,-6.025,-3.8253,-2.1494,-0.97373,-0.35008,0.19304,0.46264,0.49464,0.32416,-0.014271,-0.4127,-0.69625,-0.9707,-1.0584,-0.95354,-0.60161,-0.095577,0.32489,0.85946,1.313,1.6607,1.8528,2.0308,2.1308,2.1613,2.1505,2.0878,2.0102,1.8763,1.6863,1.4,1.1039,0.56958,-0.18185,-0.93342,-2.2637,-4.1432,-6.9078,-10.008,-16.2,-14.461,-9.5948,-5.255,-2.3558,-0.72074,0.98914,2.3039,3.3142,3.9092,4.5198,4.9505,5.1697,5.3395,5.3916,5.371,5.2772,5.1399,4.9772,4.8432,4.659,4.4535,4.2808,4.0049,3.6658,3.2734
-1.8031,-2.1635,-2.8359,-3.6955,-4.4264,-5.3777,-6.0194,-6.1004,-5.6823,-4.9426,-4.2115,-3.7993,-3.5276,-3.5935,-3.8628,-4.4072,-4.8561,-4.8318,-4.0362,-2.612,-1.05,0.027569,1.2536,2.2264,2.8008,3.4013,3.8632,4.1446,4.4783,4.7958,5.1273,5.3924,5.7648,6.1508,6.4377,6.7914,7.0985,7.3331,7.45,7.5148,7.4725,7.3713,7.1348,6.7843,6.4427,5.8773,5.1948,4.4034,3.7643,2.9108,2.1759,1.8148,1.7404,2.15,2.6889,3.5392,4.3745,5.0776,5.4877,5.8515,6.0026,5.9747,5.7376,5.2685,4.5594,3.8647,2.707,1.2546,-0.057984,-2.1914,-4.9465,-7.6779,-13.238,-28.75,-16.961,-11.479,-7.404,-4.7743,-3.3058,-1.7992,-0.66993,-0.012065,0.65254,1.1288,1.453,1.6135,1.7806,2.0114,2.2936,2.8335,3.5302,4.304,4.8803,5.5781,6.1208,6.3726,6.4544,6.2025,5.7689,4.804,3.2669,0.88717,-1.7924,-8.0009,-26.36,-9.8421,-3.4864,-0.51377,0.73649,1.5783,1.7025,1.2489,0.61377,-0.42101,-1.2136,-1.3573,-0.94273,-0.25623,0.2379,0.34461,0.045864,-0.83903,-1.9406,-4.1126,-7.2532,-10.176,-12.182,-9.5846,-6.6632,-5.0777,-3.5437,-2.4286,-1.7308,-0.84955,0.009028,0.64857,1.5074,2.346,3.0957,3.5713,4.0853,4.4906,4.7362,4.9748,5.1114,5.1885,5.2258,5.2576,5.2608,5.2417,5.1806,5.0696,4.9418,4.6986,4.3564,3.9025,3.4787,2.8164,2.0938,1.549,0.90676,0.45307,0.28483,0.2895,0.48706,0.77509,0.99002,1.2168,1.3299,1.3398,1.2535,1.0934,0.94344,0.89901,1.0184,1.4375,1.9421,2.8079,3.7834,4.5209,5.465,6.3255,7.0761,7.5673,8.1216,8.5679,8.8292,9.0846,9.2356,9.2825,9.2498,9.1118,8.8615,8.5936,8.1231,7.5024,6.9279,5.9871,4.8063,3.3243
-1.4196,-1.5502,-1.6595,-1.6394,-1.5315,-1.2952,-1.018,-0.81548,-0.57875,-0.4037,-0.35668,-0.46884,-0.92533,-1.8319,-2.9082,-5.058,-8.0196,-9.6646,-7.82,-4.2037,-1.371,0.19167,1.6731,2.6077,3.0127,3.2173,3.1125,2.8875,2.5414,2.3335,2.4981,2.9194,3.7815,4.7759,5.5102,6.3739,7.0809,7.6255,7.9276,8.1795,8.2667,8.2313,8.0421,7.682,7.2844,6.5566,5.544,4.1321,2.7047,0.052243,-4.206,-10.103,-17.116,-5.3276,-1.4777,1.7362,3.8563,5.3211,6.1135,6.8413,7.2551,7.3912,7.3587,7.0997,6.6393,6.1688,5.3562,4.3441,3.4719,2.1724,0.7873,-0.23776,-1.4431,-2.2982,-2.6304,-2.5657,-2.2169,-1.758,-1.4056,-0.98922,-0.68743,-0.53955,-0.49368,-0.71285,-1.2866,-2.0513,-3.6569,-6.3156,-8.9111,-8.9418,-4.2728,-0.31112,1.9457,4.2166,5.8433,6.7087,7.4754,7.8606,7.9173,7.6953,7.1709,6.4191,5.7839,5.0105,4.5336,4.4228,4.4947,4.5801,4.5112,4.0881,3.1595,1.5844,-0.13561,-3.2801,-6.643,-6.7684,-3.8058,-1.1832,0.44253,1.1103,1.4135,1.1635,0.6488,-0.36269,-1.5372,-2.2693,-2.5925,-2.0153,-0.92169,-0.028178,1.0939,2.0468,2.6476,3.3371,3.9452,4.3269,4.7499,5.1202,5.4943,5.7819,6.1568,6.5324,6.8181,7.2087,7.5782,7.893,8.0847,8.271,8.3718,8.3775,8.2649,7.9932,7.665,7.0365,6.173,5.0247,3.9287,2.0643,-0.41152,-2.8539,-7.3019,-12.648,-11.866,-7.2029,-4.0048,-1.863,-0.65199,0.61944,1.643,2.3048,3.077,3.7575,4.3782,4.8143,5.3645,5.9041,6.3019,6.8189,7.3261,7.6992,8.1875,8.6621,9.1261,9.4705,9.9181,10.342,10.633,10.974,11.24,11.378,11.465,11.424,11.239,10.999,10.528,9.8633,9.2316,8.1955,6.8951,5.3155
-9.0952,-10.088,-9.6766,-7.7564,-6.1709,-4.2658,-2.7333,-1.8043,-0.80235,-0.031949,0.55074,0.85308,1.0953,1.2047,1.2224,1.2281,1.2885,1.4029,1.6909,2.1206,2.5807,2.8655,3.0646,2.9722,2.6657,1.859,0.44292,-1.1893,-4.6165,-11.468,-21.182,-9.492,-3.5958,-0.37474,1.2353,2.7177,3.6824,4.2782,4.5533,4.7673,4.8671,4.9033,4.9015,4.8524,4.7743,4.5884,4.2871,3.8453,3.4227,2.811,2.245,1.9604,1.9022,2.2705,2.7558,3.5077,4.2202,4.8123,5.1648,5.5058,5.7013,5.7601,5.7256,5.5671,5.2938,5.0084,4.5183,3.9169,3.3957,2.6285,1.7837,1.1181,0.20537,-0.7348,-1.6489,-2.3399,-3.28,-4.2086,-4.8469,-5.497,-5.7112,-5.5511,-5.0258,-4.4212,-3.9652,-3.7648,-3.7142,-3.906,-3.8705,-3.0145,-1.2765,0.80621,2.3505,4.206,5.715,6.6182,7.5787,8.2853,8.6489,8.9291,9.0155,8.9665,8.87,8.6862,8.4609,8.2666,7.9708,7.6316,7.3364,6.8574,6.2839,5.6433,5.1528,4.5353,4.0577,3.8501,3.761,3.7886,3.8308,3.8256,3.7271,3.5323,3.3209,2.9786,2.6297,2.405,2.1915,2.1168,2.1417,2.2129,2.3535,2.5042,2.5941,2.6399,2.6115,2.547,2.3597,2.0378,1.6705,1.4758,1.4388,1.751,2.2216,3.1058,4.1348,5.1242,5.771,6.4695,6.9705,7.2086,7.3354,7.2428,7.0146,6.4941,5.706,4.6451,3.6644,2.0974,0.24856,-1.2534,-3.203,-4.7114,-5.3431,-5.5389,-5.3938,-5.0994,-4.7668,-4.0235,-2.8865,-1.8364,-0.38389,0.97848,2.1521,2.8889,3.672,4.2517,4.55,4.7788,4.8532,4.8338,4.7477,4.6841,4.7634,4.977,5.4857,6.1982,6.8029,7.6156,8.3424,8.8,9.2629,9.5454,9.6349,9.575,9.3215,8.8704,8.4078,7.6276,6.6843,5.6143
-12.382,-13.534,-13.212,-11.03,-9.2653,-7.2806,-5.6989,-4.7038,-3.5329,-2.5238,-1.6519,-1.0707,-0.35773,0.2882,0.72859,1.2698,1.7518,2.0691,2.4427,2.7514,2.9529,3.0245,2.9948,2.7837,2.5003,1.9487,1.2146,0.57614,-0.30132,-1.0222,-1.378,-1.3509,-1.0691,-0.725,-0.53388,-0.46489,-0.66402,-1.1936,-1.7898,-2.7527,-3.6389,-4.0092,-3.8043,-2.9257,-2.0786,-0.99084,-0.090656,0.59731,0.98056,1.334,1.545,1.6366,1.696,1.6953,1.6498,1.5349,1.3525,1.0991,0.87143,0.57117,0.31712,0.18534,0.10152,0.08845,0.074887,0.032263,-0.094487,-0.34203,-0.62412,-1.1474,-1.8409,-2.4571,-3.4165,-4.5478,-5.8668,-7.0403,-8.9383,-11.439,-14.093,-19.914,-56.774,-21.742,-14.366,-10.356,-7.6316,-6.053,-4.3413,-2.9208,-1.9268,-0.6212,0.61343,1.7889,2.6406,3.7065,4.645,5.2603,5.9697,6.5232,6.8266,7.0968,7.2409,7.2747,7.2351,7.1073,6.9082,6.7198,6.4303,6.1078,5.8507,5.494,5.1352,4.785,4.536,4.2207,3.9488,3.7631,3.5189,3.2519,2.9561,2.7048,2.2949,1.8108,1.3943,0.77158,0.11839,-0.37289,-0.98057,-1.4615,-1.7769,-1.8932,-1.9271,-1.8968,-1.871,-1.9514,-2.2507,-2.6424,-3.4348,-4.7658,-7.0157,-9.7035,-16.25,-18.858,-11.607,-6.2077,-2.8687,-0.5295,0.81444,2.1832,3.1567,3.6632,4.0805,4.2458,4.2202,3.9925,3.5395,2.8863,2.2838,1.3393,0.25251,-0.63336,-1.8939,-3.2745,-4.4471,-6.313,-8.7805,-12.595,-17.806,-28.17,-14.127,-9.786,-6.1579,-3.7001,-1.9914,-1.0636,-0.22537,0.20066,0.26565,0.010358,-0.69058,-1.5569,-3.3088,-6.0089,-9.8239,-11.639,-8.2544,-4.0761,-1.7165,0.65,2.3749,3.3523,4.324,4.9752,5.348,5.465,5.4199,5.157,4.8146,4.1764,3.3266,2.2444
-7.6457,-7.7526,-7.7882,-7.702,-7.5758,-7.3808,-7.176,-6.9788,-6.5995,-6.0026,-5.1397,-4.3497,-3.1564,-1.944,-1.0852,-0.050966,0.83783,1.4136,2.0515,2.533,2.8652,3.0231,3.12,3.0953,2.9973,2.7714,2.4718,2.2099,1.835,1.4505,1.0647,0.77444,0.36145,-0.125,-0.59553,-1.4101,-2.5202,-4.0697,-5.6525,-8.6026,-13.256,-17.794,-15.416,-10.002,-7.2761,-4.7146,-2.9362,-1.6649,-0.9597,-0.29971,0.092106,0.23562,0.23032,-0.017405,-0.37885,-1.1119,-2.171,-3.615,-4.9873,-7.1433,-9.194,-9.8798,-9.0661,-7.4143,-5.9585,-5.1712,-4.5066,-4.2588,-4.322,-4.6817,-5.3187,-5.9593,-6.9852,-8.1662,-9.4525,-10.406,-11.55,-12.504,-13.035,-13.341,-13.013,-12.224,-10.703,-8.9586,-7.1575,-5.8353,-4.228,-2.7388,-1.6867,-0.44436,0.61586,1.569,2.2212,2.9782,3.6101,4.0184,4.4533,4.7339,4.8613,4.9484,4.9409,4.8285,4.6761,4.3969,4.0474,3.7512,3.32,2.8603,2.5177,2.1064,1.7766,1.5398,1.4358,1.3802,1.3718,1.3647,1.3145,1.1935,0.9529,0.67953,0.14598,-0.61702,-1.3483,-2.5717,-4.128,-5.5486,-7.7554,-10,-11.208,-10.827,-9.2989,-7.7265,-6.7547,-5.8121,-5.3315,-5.2457,-5.3753,-5.7217,-6.2659,-6.6973,-6.979,-6.6801,-6.0247,-4.6376,-3.0566,-1.6144,-0.67763,0.37407,1.1974,1.6575,2.0814,2.2899,2.3139,2.1981,1.9169,1.4859,1.0792,0.44205,-0.27588,-0.86395,-1.6877,-2.5363,-3.2017,-4.1058,-4.9731,-5.6972,-6.0249,-6.0521,-5.5605,-4.9167,-3.9274,-2.9701,-2.1694,-1.7183,-1.3199,-1.1897,-1.2705,-1.614,-2.2623,-2.9445,-4.0849,-5.3661,-6.4281,-6.6508,-5.9109,-4.4033,-3.1523,-1.6196,-0.34654,0.43132,1.2381,1.8075,2.1533,2.2751,2.2719,2.1026,1.8644,1.3991,0.76242,-0.046017
-5.9942,-5.9764,-6.0975,-6.4742,-6.969,-7.9484,-9.4511,-11.128,-14.438,-17.501,-14.175,-10.573,-6.8383,-4.1073,-2.5043,-0.80025,0.51168,1.2917,2.0973,2.6709,3.058,3.2393,3.3515,3.3478,3.2821,3.1283,2.9121,2.7206,2.4397,2.1308,1.7885,1.5027,1.0755,0.58423,0.15156,-0.53305,-1.3395,-2.2196,-2.9192,-3.8225,-4.5469,-4.8536,-4.8653,-4.4232,-3.9024,-3.0815,-2.2313,-1.4523,-0.94724,-0.40761,-0.031428,0.12252,0.13253,-0.10299,-0.46101,-1.2271,-2.3802,-3.9795,-5.5447,-8.1413,-10.834,-11.721,-10.408,-8.3302,-6.715,-5.8911,-5.2977,-5.2263,-5.453,-6.1036,-7.1317,-8.1694,-9.8968,-12.035,-14.529,-16.454,-18.376,-18.259,-16.989,-14.877,-12.766,-11.299,-9.4415,-7.6801,-6.0179,-4.8508,-3.3973,-2.079,-1.1867,-0.16047,0.71116,1.464,1.9275,2.4084,2.752,2.9191,3.01,2.9845,2.9118,2.7385,2.4695,2.1138,1.7938,1.2876,0.66643,0.11014,-0.76801,-1.7954,-2.635,-3.725,-4.5211,-4.6845,-4.3469,-3.4889,-2.51,-1.8488,-1.1306,-0.64374,-0.43663,-0.46993,-0.75916,-1.3516,-2.0096,-3.2094,-4.8473,-6.4082,-9.0279,-12.009,-13.69,-12.88,-10.63,-8.6198,-7.5119,-6.4468,-5.6782,-5.3171,-5.0934,-4.9706,-4.8078,-4.6528,-4.3474,-3.8395,-3.376,-2.686,-1.9164,-1.1155,-0.54646,0.10943,0.62807,0.9233,1.1862,1.2712,1.2186,0.99853,0.64701,0.17025,-0.25488,-0.87383,-1.5033,-1.9537,-2.4799,-2.8654,-3.0331,-3.1337,-3.1078,-2.9579,-2.7705,-2.4488,-2.0694,-1.7666,-1.3758,-1.0334,-0.78376,-0.67434,-0.6526,-0.77371,-0.95567,-1.3011,-1.7306,-2.0746,-2.5053,-2.8491,-3.0243,-3.0145,-2.8209,-2.4475,-2.0877,-1.5659,-1.0664,-0.73646,-0.39266,-0.18442,-0.10055,-0.11747,-0.23468,-0.44185,-0.63279,-0.9147,-1.2226,-1.546
-4.5713,-4.3282,-4.1857,-4.2815,-4.5187,-5.0835,-5.9322,-6.7053,-7.651,-7.9258,-7.0334,-5.7405,-3.7601,-1.9517,-0.78703,0.49956,1.4985,2.0694,2.6083,2.9275,3.0569,3.0422,2.8919,2.6251,2.3773,2.0242,1.6723,1.4357,1.1782,0.98207,0.83704,0.72949,0.56111,0.3368,0.12599,-0.23824,-0.7105,-1.268,-1.7247,-2.3483,-2.9203,-3.2896,-3.6084,-3.6867,-3.5657,-3.1888,-2.5986,-1.8872,-1.3336,-0.61969,-0.002033,0.36254,0.69422,0.85223,0.85638,0.69378,0.34323,-0.14678,-0.57198,-1.1488,-1.6477,-1.9263,-2.1465,-2.2607,-2.3874,-2.5502,-2.9401,-3.5556,-4.1878,-5.3095,-6.7596,-8.0825,-10.19,-12.728,-15.814,-18.441,-21.025,-20.385,-18.406,-15.552,-12.952,-11.219,-9.1769,-7.2882,-5.5541,-4.3822,-2.9731,-1.74,-0.9659,-0.10682,0.60438,1.1241,1.3646,1.5052,1.456,1.2834,0.89768,0.41619,-0.0024571,-0.62674,-1.2492,-1.7754,-2.1119,-2.5413,-3.0566,-3.5838,-4.5729,-6.0599,-7.7101,-11.214,-18.305,-23.99,-14.5,-8.8731,-5.6505,-3.9828,-2.3859,-1.3281,-0.69015,-0.43983,-0.34204,-0.50361,-0.78332,-1.3247,-2.0178,-2.5838,-3.3451,-4.0235,-4.4985,-4.6911,-4.7964,-4.7964,-4.7981,-4.9341,-5.1837,-5.3936,-5.7613,-6.1945,-6.4699,-6.4807,-6.1823,-5.4791,-4.7433,-3.6778,-2.674,-1.776,-1.1785,-0.53033,-0.068323,0.14928,0.2673,0.1944,0.010626,-0.41995,-1.0619,-1.917,-2.695,-3.9151,-5.2748,-6.2625,-7.2673,-7.4948,-7.0493,-5.9359,-4.6495,-3.4345,-2.634,-1.7263,-0.99177,-0.56446,-0.1554,0.072846,0.11597,0.026384,-0.26538,-0.73999,-1.2113,-1.9672,-2.8002,-3.4238,-4.151,-4.6225,-4.7584,-4.6489,-4.2929,-3.802,-3.4228,-2.9687,-2.6313,-2.4796,-2.4246,-2.5559,-2.867,-3.2034,-3.7522,-4.3567,-4.7592,-5.137,-5.2199,-5.0332
-3.5537,-3.0284,-2.4941,-2.0876,-1.8521,-1.642,-1.4944,-1.3631,-1.1268,-0.80119,-0.33093,0.10774,0.75125,1.3915,1.8383,2.3282,2.6714,2.8099,2.8221,2.6357,2.2337,1.7893,1.0135,0.038009,-0.79954,-1.9631,-3.0143,-3.558,-3.8004,-3.515,-2.9213,-2.428,-1.8572,-1.4929,-1.3608,-1.378,-1.6367,-2.1783,-2.7565,-3.7644,-5.0641,-6.2424,-7.9463,-9.4298,-9.7947,-8.8487,-6.9926,-5.055,-3.7507,-2.2507,-1.0295,-0.27168,0.56183,1.2007,1.5678,1.9237,2.1425,2.2292,2.2267,2.1437,1.9833,1.8123,1.5192,1.1431,0.64764,0.17323,-0.59776,-1.5468,-2.4124,-3.7845,-5.3806,-6.7246,-8.7127,-10.829,-12.972,-14.41,-15.954,-16.655,-16.433,-15.26,-13.416,-11.844,-9.7344,-7.7351,-5.9189,-4.6965,-3.2698,-2.0616,-1.3297,-0.53012,0.047258,0.32534,0.34276,0.14043,-0.36787,-0.97036,-2.0593,-3.5648,-5.0066,-7.1985,-9.216,-10.05,-9.6186,-8.4023,-7.2525,-6.6239,-6.1513,-6.0498,-6.1599,-6.3869,-6.4499,-6.0905,-5.4871,-4.3796,-3.1887,-2.3386,-1.3715,-0.67369,-0.20373,0.0088259,0.11478,0.051327,-0.092875,-0.36908,-0.71349,-0.99942,-1.389,-1.7719,-2.1462,-2.4236,-2.8101,-3.2645,-3.6578,-4.3756,-5.4624,-6.4931,-8.243,-10.844,-14.82,-18.235,-16.633,-11.861,-9.2078,-6.5586,-4.6193,-3.234,-2.48,-1.7567,-1.3197,-1.162,-1.1876,-1.4248,-1.7187,-2.2916,-3.112,-4.1912,-5.2242,-7.0362,-9.6102,-12.414,-18.918,-21.964,-15.151,-9.9022,-6.6041,-4.2755,-2.9604,-1.6215,-0.64585,-0.11777,0.32781,0.50223,0.40583,0.15228,-0.44613,-1.3639,-2.2964,-3.9285,-6.1098,-8.2079,-11.691,-14.865,-13.997,-11.79,-9.1993,-7.3475,-6.3707,-5.4859,-4.9826,-4.8453,-4.946,-5.3893,-6.227,-7.1537,-8.8795,-11.325,-13.707,-16.818,-16.234,-13.053
-3.4098,-2.7555,-2.0101,-1.3811,-0.96803,-0.45206,0.047088,0.4057,0.86778,1.332,1.7928,2.1176,2.494,2.8012,2.9669,3.0751,3.0189,2.8583,2.4708,1.8493,0.95664,0.091949,-1.3554,-3.2458,-5.0644,-8.3326,-13.469,-20.726,-20.286,-12.221,-8.2958,-6.3964,-4.6445,-3.4979,-2.9667,-2.6285,-2.655,-3.0446,-3.5828,-4.6872,-6.311,-7.9578,-10.983,-14.918,-16.66,-13.87,-10.093,-7.2674,-5.6253,-3.8716,-2.4581,-1.5468,-0.46611,0.47713,1.0922,1.8068,2.4055,2.875,3.1371,3.3625,3.4442,3.4113,3.2254,2.8766,2.3628,1.8607,1.022,-0.045321,-0.98765,-2.4413,-4.1627,-5.6381,-7.8798,-10.482,-13.582,-16.503,-21.907,-33.817,-32.669,-21.791,-16.8,-14.153,-11.242,-8.7931,-6.731,-5.4033,-3.8756,-2.6541,-1.8953,-1.0946,-0.62312,-0.4496,-0.482,-0.80479,-1.4769,-2.2182,-3.636,-5.6374,-7.5138,-10.755,-14.893,-16.46,-14.364,-11.314,-9.0527,-7.7784,-6.473,-5.5006,-4.8914,-4.1642,-3.5173,-2.8803,-2.4111,-1.8036,-1.24,-0.87156,-0.5044,-0.27063,-0.18435,-0.22406,-0.42765,-0.7599,-1.0602,-1.5035,-1.9385,-2.2279,-2.5199,-2.7015,-2.8167,-2.9002,-3.0358,-3.2823,-3.5618,-4.0354,-4.7597,-5.5458,-6.8079,-8.2246,-9.6169,-10.232,-10.019,-8.6469,-7.3291,-5.7805,-4.5534,-3.6091,-3.1231,-2.7659,-2.7068,-2.8352,-3.1971,-3.7655,-4.2825,-4.9929,-5.6669,-6.2654,-6.6734,-7.1598,-7.5944,-7.8187,-7.8207,-7.3832,-6.6942,-5.4411,-4.0433,-2.7183,-1.83,-0.81328,-0.032346,0.39625,0.7769,0.90077,0.77299,0.5001,-0.10871,-1.0371,-1.9498,-3.5107,-5.4959,-7.2404,-9.7204,-11.548,-11.573,-10.716,-9.3525,-8.2626,-7.6611,-7.1181,-6.8218,-6.7423,-6.8456,-7.219,-7.9059,-8.6766,-10.053,-11.835,-13.351,-14.923,-14.743,-13.21
-3.6606,-3.2097,-2.6604,-2.148,-1.7643,-1.1827,-0.52544,-0.0082887,0.69014,1.3838,2.0165,2.4265,2.8729,3.1904,3.316,3.3321,3.1527,2.8798,2.3119,1.4937,0.43401,-0.53516,-2.0463,-3.7493,-5.1081,-6.929,-8.477,-9.1607,-9.1454,-8.1528,-6.6961,-5.609,-4.3587,-3.3593,-2.8051,-2.3554,-2.2151,-2.322,-2.5895,-3.1432,-3.8714,-4.489,-5.2944,-5.9708,-6.2719,-6.3451,-6.1432,-5.7607,-5.4117,-4.8808,-4.2038,-3.5485,-2.5106,-1.3209,-0.38923,0.81683,1.8895,2.7995,3.3553,3.9232,4.2841,4.4225,4.4304,4.2283,3.8253,3.3902,2.613,1.6193,0.73422,-0.65644,-2.3114,-3.7193,-5.85,-8.2623,-10.908,-12.942,-15.528,-17.48,-18.012,-17.287,-15.368,-13.501,-10.955,-8.6393,-6.625,-5.3203,-3.8095,-2.5847,-1.8342,-1.0881,-0.6311,-0.36183,-0.31695,-0.51962,-0.98994,-1.5163,-2.4382,-3.4964,-4.4252,-5.7599,-6.8848,-7.6728,-8.0432,-8.1258,-7.7878,-7.3262,-6.4963,-5.4811,-4.6743,-3.6536,-2.7384,-1.9365,-1.4259,-0.86765,-0.44768,-0.25261,-0.16191,-0.23463,-0.53353,-0.91255,-1.624,-2.6018,-3.4981,-4.8749,-6.2295,-6.9756,-7.2551,-6.7081,-5.755,-5.038,-4.2546,-3.7193,-3.5235,-3.4463,-3.4706,-3.6445,-4.0002,-4.2983,-4.5158,-4.5565,-4.4111,-4.1681,-3.8563,-3.3567,-2.9532,-2.7215,-2.6742,-2.8446,-3.3625,-3.9971,-5.1714,-6.8147,-8.3627,-10.55,-11.97,-11.704,-10.684,-9.1173,-7.7594,-6.888,-5.818,-4.8062,-4.0818,-3.1109,-2.1328,-1.2068,-0.56656,0.2055,0.84609,1.2241,1.568,1.7315,1.6978,1.5405,1.1536,0.5658,0.0056483,-0.88352,-1.888,-2.6905,-3.769,-4.7759,-5.6685,-6.2688,-7.0179,-7.7602,-8.2672,-8.7733,-8.9704,-8.8679,-8.5322,-8.162,-7.9283,-7.9076,-8.0852,-8.4118,-8.7028,-9.0926,-9.3812,-9.5604
-3.9825,-4.1934,-4.6055,-4.9486,-4.9669,-4.4373,-3.3087,-2.2398,-0.76127,0.59962,1.7265,2.4183,3.155,3.6745,3.9041,4.0167,3.8962,3.6426,3.059,2.1906,1.0162,-0.10224,-1.9132,-4.0465,-5.7666,-7.8799,-8.9438,-8.7022,-7.4524,-5.8823,-4.4066,-3.4203,-2.3324,-1.5459,-1.1148,-0.73327,-0.58959,-0.63763,-0.78881,-1.0672,-1.4491,-1.7764,-2.2396,-2.7767,-3.2056,-3.8183,-4.6012,-5.6454,-6.7092,-8.5279,-10.341,-10.51,-8.1407,-4.8726,-2.6637,-0.20518,1.7228,3.2224,4.1101,5.0134,5.6316,5.9213,6.1031,6.0558,5.7849,5.4452,4.8177,4.0036,3.2537,2.0714,0.68426,-0.49972,-2.3118,-4.4185,-6.902,-9.1217,-12.958,-18.678,-27.709,-23.203,-15.334,-12.118,-8.9438,-6.5796,-4.7753,-3.6429,-2.4176,-1.4304,-0.81657,-0.21611,0.27036,0.64788,0.76425,0.76616,0.60173,0.32297,-0.19351,-0.95054,-1.739,-2.9394,-4.3682,-6.235,-7.895,-10.337,-12.191,-11.926,-9.6216,-6.9779,-5.2869,-3.5075,-2.1311,-1.1063,-0.51763,0.059245,0.41317,0.54796,0.58264,0.39614,-0.060474,-0.59061,-1.5816,-3.0417,-4.5587,-7.4331,-12.098,-18.665,-20.265,-11.715,-7.7039,-5.7988,-4.1075,-3.0019,-2.4952,-2.2504,-2.2122,-2.2687,-2.5334,-2.8608,-3.1258,-3.2188,-3.0417,-2.6707,-2.3402,-1.8203,-1.3261,-1.0497,-1.0053,-1.2087,-1.7878,-2.5354,-3.9967,-6.0962,-8.25,-12.061,-15.401,-13.765,-11.323,-8.7683,-6.9639,-5.9703,-4.942,-4.0093,-3.3229,-2.38,-1.4138,-0.45182,0.24902,1.0908,1.8062,2.2417,2.6719,2.936,3.0362,3.0093,2.8401,2.5422,2.2299,1.7166,1.0783,0.51728,-0.34163,-1.3567,-2.5934,-3.7307,-5.6648,-8.3111,-11.108,-16.797,-20.044,-15.328,-10.836,-8.2296,-6.6594,-5.9397,-5.4932,-5.476,-5.6969,-6.2665,-7.1438,-8.2352
-4.2986,-5.2447,-7.4732,-11.671,-18.61,-19.659,-9.5018,-5.8616,-2.6302,-0.45524,1.0833,1.9772,2.8976,3.547,3.9111,4.224,4.3243,4.2488,3.9265,3.2976,2.2933,1.2714,-0.57762,-3.1583,-5.7756,-10.579,-13.956,-10.945,-6.7587,-3.9685,-2.1438,-1.1991,-0.31985,0.17618,0.32607,0.31311,0.11886,-0.23384,-0.51048,-0.89207,-1.2419,-1.4621,-1.7361,-1.9824,-2.2419,-2.7278,-3.4245,-4.4412,-5.4813,-7.3035,-9.2441,-9.5,-7.2515,-3.9815,-1.7379,0.72155,2.6867,4.2318,5.1509,6.0938,6.7469,7.0594,7.2557,7.2367,7.0134,6.727,6.2135,5.5494,4.9649,4.1031,3.1402,2.3371,1.1857,-0.090535,-1.4789,-2.5558,-3.9388,-5.1615,-5.7283,-5.8494,-5.3393,-4.6875,-3.7904,-3.0162,-2.3615,-1.9657,-1.5598,-1.2246,-0.98046,-0.57436,-0.039291,0.44992,0.79955,1.2416,1.5301,1.6211,1.5095,1.0899,0.65648,-0.22341,-1.5609,-3.2939,-4.9522,-7.6627,-9.8617,-9.7527,-7.5004,-5.0135,-3.5589,-2.115,-1.1064,-0.43769,-0.10697,0.17461,0.33006,0.41345,0.4945,0.46604,0.35329,0.15413,-0.31546,-0.9984,-1.6383,-2.6033,-3.5172,-3.9601,-4.1003,-3.6319,-2.8594,-2.2611,-1.5773,-1.1528,-0.95437,-0.92443,-1.3836,-1.9326,-2.9927,-4.6055,-6.5307,-7.7651,-7.775,-5.7099,-3.9134,-1.9475,-0.47446,0.55831,1.0352,1.3021,1.2261,0.94173,0.27827,-0.57505,-1.313,-2.3196,-3.136,-3.7234,-4.0311,-4.3883,-4.8544,-5.2635,-5.8735,-6.3079,-6.1363,-5.0898,-3.4778,-1.7702,-0.5959,0.70216,1.6867,2.2435,2.7607,3.0588,3.1852,3.1966,3.1366,3.0188,2.8966,2.699,2.4425,2.2034,1.7894,1.2109,0.43796,-0.29686,-1.5027,-2.9542,-4.1403,-5.4595,-5.8918,-5.4383,-4.3213,-3.172,-2.3068,-1.9059,-1.6911,-1.8829,-2.3093,-3.2623,-4.7803,-7.0442
-3.8674,-3.969,-4.4109,-4.9914,-5.2442,-4.9957,-4.1688,-3.3355,-2.2706,-1.4717,-0.89832,-0.54798,-0.14008,0.33026,0.79422,1.4743,2.1235,2.5205,2.8686,2.9436,2.7421,2.4334,1.8025,0.99181,0.37542,-0.32677,-0.69665,-0.69808,-0.43711,-0.068491,0.25432,0.37826,0.30356,-0.021602,-0.46841,-1.3811,-2.577,-3.9963,-5.0865,-6.3184,-6.7644,-6.5627,-5.9283,-5.1585,-4.6902,-4.2846,-4.0515,-3.9621,-3.8982,-3.7611,-3.4372,-2.9608,-2.0439,-0.87334,0.11851,1.4548,2.6807,3.7591,4.4303,5.1288,5.5838,5.7702,5.799,5.5978,5.2031,4.7947,4.14,3.4291,2.9307,2.3209,1.8119,1.4984,1.1454,0.80424,0.45037,0.18574,-0.19828,-0.55108,-0.77118,-1.0271,-1.2751,-1.4346,-1.7253,-2.1872,-2.8421,-3.5392,-4.6952,-6.0171,-6.8836,-7.0416,-5.9085,-4.244,-2.898,-1.3505,-0.22731,0.41109,0.94332,1.2234,1.2891,1.0651,0.67787,0.18143,-0.2739,-0.83271,-1.201,-1.3543,-1.3687,-1.2538,-1.2147,-1.2795,-1.578,-2.1634,-2.7601,-3.6308,-4.2536,-4.3393,-3.9399,-3.1519,-2.3113,-1.8208,-1.4294,-1.2697,-1.3011,-1.4683,-1.6888,-1.8224,-1.9514,-1.9696,-1.8368,-1.6792,-1.4326,-1.2588,-1.2295,-1.2344,-1.6122,-2.2087,-3.3451,-5.1345,-7.7018,-9.853,-9.6666,-6.4617,-4.115,-1.5647,0.19949,1.4303,2.0653,2.5654,2.7261,2.6814,2.4003,1.8974,1.4435,0.72165,-0.1197,-1.0627,-1.8588,-3.1366,-4.857,-6.5792,-9.9252,-16.392,-24.19,-13.65,-7.9341,-4.5759,-2.8853,-1.3254,-0.33515,0.074421,0.28476,0.17497,-0.17137,-0.506,-0.89604,-1.0767,-0.99794,-0.66228,-0.17217,0.20981,0.63048,0.92087,1.0618,1.0711,0.99088,0.82725,0.70994,0.61068,0.60821,0.68101,0.83667,1.0243,1.143,1.1396,0.99148,0.63585,0.2152,-0.55308,-1.5422,-2.7523
-3.0128,-2.4445,-1.8935,-1.5723,-1.4199,-1.3287,-1.3916,-1.5483,-2.0312,-2.9288,-4.3706,-5.9347,-8.3057,-8.8737,-7.1844,-4.2077,-1.752,-0.35635,0.99824,1.9002,2.4587,2.6721,2.7852,2.7435,2.6397,2.4662,2.2825,2.1353,1.934,1.6716,1.3165,0.95964,0.27229,-0.69173,-1.6234,-3.2933,-5.611,-8.9108,-12.612,-21.999,-23.304,-15.894,-11.517,-9.2638,-8.2028,-7.2543,-6.6847,-6.2895,-6.0182,-5.561,-4.8866,-4.2748,-3.2858,-2.125,-1.2429,-0.085343,1.0073,1.935,2.5034,3.0519,3.3383,3.3679,3.1512,2.5934,1.6862,0.76959,-0.74028,-2.4121,-3.5436,-4.3551,-4.0179,-3.2924,-2.2263,-1.3054,-0.63494,-0.30336,-0.043798,0.050247,-0.0040851,-0.20973,-0.57687,-0.98704,-1.6954,-2.6364,-3.9461,-5.255,-7.5627,-10.994,-14.765,-18.521,-12.88,-8.5736,-6.1304,-3.7924,-2.1408,-1.2089,-0.25802,0.43367,0.71567,0.95875,1.0821,1.0279,0.95779,0.83254,0.64494,0.49947,0.24646,-0.14264,-0.53689,-1.2876,-2.4587,-4.2387,-6.1874,-10.268,-19.273,-27.446,-12.715,-7.9334,-5.3611,-4.2103,-3.2595,-2.8539,-2.8326,-3.0901,-3.5994,-4.0971,-4.7163,-5.1825,-5.2792,-5.0541,-4.4326,-3.5872,-3.0332,-2.473,-1.9315,-1.7164,-1.6033,-1.5586,-1.4866,-1.3086,-0.94111,-0.1948,0.45019,1.31,2.1332,2.7565,3.0838,3.3404,3.3574,3.2292,2.8962,2.3522,1.8501,1.0735,0.18562,-0.76064,-1.5066,-2.4955,-3.4775,-4.2031,-5.0102,-5.5129,-5.5423,-5.0094,-4.077,-3.0485,-2.4095,-1.8381,-1.648,-1.7985,-2.4195,-3.624,-5.5164,-7.5141,-10.971,-13.405,-11.867,-8.3921,-5.5996,-4.0259,-2.4165,-1.1945,-0.2717,0.27478,0.8505,1.2977,1.5745,1.8657,2.1073,2.2444,2.391,2.4629,2.4556,2.3897,2.1945,1.8955,1.606,1.1263,0.58647,0.017978
-1.8998,-1.1944,-0.47212,0.014339,0.21412,0.25114,0.057019,-0.29104,-1.0727,-2.2466,-3.9816,-5.6571,-8.0038,-8.8043,-7.4214,-4.7991,-2.5513,-1.2308,0.092281,1.0362,1.6821,1.988,2.2442,2.3628,2.3706,2.3039,2.1586,1.9967,1.7186,1.363,0.8789,0.42868,-0.29414,-1.2456,-2.0918,-3.4028,-4.958,-6.6816,-7.9181,-9.355,-10.098,-10.213,-10.088,-9.9793,-10.062,-10.343,-10.897,-11.601,-12.109,-12.371,-11.673,-10.583,-8.7,-6.665,-5.2284,-3.5404,-2.0808,-0.90095,-0.20121,0.46348,0.81359,0.84088,0.56479,-0.12737,-1.3207,-2.615,-5.0543,-8.8896,-13.474,-19.965,-12.464,-8.6854,-5.5861,-3.622,-2.331,-1.6774,-1.11,-0.84425,-0.82326,-0.9806,-1.3212,-1.7294,-2.4244,-3.2913,-4.297,-5.1089,-6.2491,-7.2521,-7.7876,-7.9091,-7.4795,-6.5555,-5.5916,-4.4549,-3.3449,-2.6232,-1.8183,-1.2267,-0.94868,-0.61042,-0.44163,-0.37588,-0.31922,-0.27666,-0.25787,-0.24066,-0.26394,-0.39458,-0.57562,-1.0146,-1.672,-2.5778,-3.4019,-4.5599,-5.4417,-5.6774,-5.4264,-4.7143,-4.0451,-3.7371,-3.5864,-3.8408,-4.2856,-5.2606,-6.7795,-8.3816,-11.314,-15.513,-18.308,-15.467,-11.146,-8.1007,-6.2641,-4.5164,-3.1713,-2.2884,-1.3681,-0.61262,0.049162,0.54997,1.1264,1.6669,2.0852,2.5517,2.9301,3.1958,3.2833,3.2618,3.0591,2.7566,2.1778,1.3927,0.6321,-0.54381,-1.8662,-3.2214,-4.1194,-4.9151,-5.0992,-4.9396,-4.4596,-3.8104,-3.3306,-2.7066,-2.1451,-1.7498,-1.5866,-1.5689,-1.8856,-2.3447,-3.3296,-4.7589,-6.6882,-8.4421,-10.906,-12.357,-11.884,-10.037,-8.0232,-6.7171,-5.1773,-3.8509,-2.7083,-1.9495,-1.0736,-0.31709,0.15948,0.68685,1.1059,1.3506,1.5879,1.708,1.7235,1.6764,1.5203,1.2678,1.0246,0.62931,0.17579,-0.29594
-0.90705,-0.23266,0.46963,0.969,1.2083,1.3544,1.3127,1.1455,0.78064,0.25566,-0.33761,-0.76587,-1.2412,-1.4377,-1.4158,-1.1819,-0.82008,-0.53246,-0.19316,0.069024,0.21419,0.28834,0.31072,0.2656,0.2131,0.10877,-0.030851,-0.15018,-0.36202,-0.62596,-0.97493,-1.3104,-1.8247,-2.4602,-3.0246,-3.8377,-4.7487,-5.7046,-6.4424,-7.4022,-8.2956,-8.962,-9.8794,-10.852,-11.694,-13.181,-15.172,-18.044,-21.342,-30.922,-28.725,-21.168,-15.558,-11.886,-9.7244,-7.2791,-5.3429,-3.8014,-2.8772,-1.9546,-1.3699,-1.1553,-1.1763,-1.5079,-2.1469,-2.7998,-3.8478,-4.9267,-5.5669,-6.0162,-5.8143,-5.3679,-4.5787,-3.7743,-3.0982,-2.7018,-2.3545,-2.2496,-2.292,-2.5485,-3.0035,-3.4545,-4.2281,-5.1533,-6.1647,-6.9357,-7.943,-8.74,-9.1109,-9.2294,-8.9835,-8.1411,-7.4265,-6.4588,-5.4634,-4.8255,-4.1616,-3.806,-3.623,-3.6236,-3.8679,-4.089,-4.2239,-4.193,-3.7794,-3.3219,-2.6037,-1.9063,-1.4922,-1.1213,-0.93187,-0.93038,-1.0161,-1.2211,-1.4537,-1.6304,-1.8516,-2.0716,-2.3866,-2.6569,-3.2035,-3.9639,-4.6883,-5.9157,-7.4182,-8.7687,-10.848,-12.76,-13.551,-12.891,-11.004,-8.9949,-7.7062,-5.9881,-4.6037,-3.6839,-2.5305,-1.5349,-0.6557,-0.094938,0.63932,1.2166,1.5751,1.9857,2.2459,2.3872,2.4034,2.271,1.9644,1.5923,0.86689,-0.13904,-1.1535,-2.9282,-5.4012,-9.0406,-13.139,-19.952,-14.052,-10.052,-6.7289,-4.5782,-3.4109,-2.3086,-1.578,-1.1813,-1.0734,-1.1721,-1.5575,-2.0352,-2.9055,-4.0174,-5.2956,-6.3313,-7.6801,-8.8874,-9.5678,-10.114,-10.144,-9.8075,-8.9165,-7.7338,-6.4708,-5.5521,-4.4342,-3.4553,-2.8297,-2.1093,-1.5375,-1.1992,-0.87786,-0.68181,-0.63549,-0.69163,-0.86847,-1.1833,-1.5015,-2.0011,-2.6023,-3.2689
0.092923,0.72338,1.4202,1.9356,2.2152,2.4561,2.5204,2.4841,2.3195,2.0389,1.6882,1.3814,0.95789,0.53381,0.21917,-0.18631,-0.58043,-0.88394,-1.2915,-1.7264,-2.1646,-2.4815,-2.8797,-3.2194,-3.4145,-3.583,-3.648,-3.6504,-3.6245,-3.6354,-3.6749,-3.7603,-3.9976,-4.2989,-4.614,-5.1429,-5.754,-6.4565,-7.037,-7.8391,-8.7609,-9.4938,-10.555,-11.726,-12.689,-14.135,-15.755,-17.454,-18.602,-19.557,-19.364,-18.396,-16.249,-13.686,-11.729,-9.2976,-7.1569,-5.375,-4.2892,-3.1491,-2.3718,-1.9952,-1.7693,-1.8342,-2.1366,-2.4933,-3.0782,-3.678,-4.1224,-4.5346,-4.7228,-4.7054,-4.5058,-4.1786,-3.8317,-3.6205,-3.4635,-3.4729,-3.6207,-4.0242,-4.6949,-5.3368,-6.4009,-7.6832,-9.2401,-10.572,-12.564,-14.908,-16.647,-17.818,-16.08,-13.25,-11.449,-9.2425,-7.5999,-6.697,-5.9115,-5.567,-5.6379,-6.3606,-7.7044,-10.08,-12.617,-14.962,-11.869,-8.7939,-5.644,-3.4119,-2.1891,-0.97667,-0.18437,0.29254,0.48193,0.5553,0.4385,0.24934,-0.11294,-0.64217,-1.2839,-1.8567,-2.7317,-3.7036,-4.5075,-5.6236,-6.7455,-7.5572,-8.5298,-9.2368,-9.6484,-9.7167,-9.571,-9.0113,-8.4426,-7.6159,-6.4376,-5.556,-4.3923,-3.2222,-2.1583,-1.4671,-0.70427,-0.039747,0.33022,0.703,0.97242,1.1072,1.146,1.0986,0.91979,0.71068,0.27076,-0.37937,-1.0009,-2.1046,-3.4781,-5.033,-6.1125,-6.8203,-6.1962,-5.1977,-3.6603,-2.3122,-1.4958,-0.66952,-0.15041,0.10664,0.12739,-0.088237,-0.53679,-1.0392,-1.9249,-3.0752,-4.503,-5.7482,-7.7157,-10.127,-12.41,-16.33,-20.786,-20.621,-16.528,-13.201,-10.838,-9.495,-8.0541,-6.9445,-6.229,-5.4045,-4.7088,-4.2795,-3.84,-3.5668,-3.4767,-3.5524,-3.8323,-4.2962,-4.7594,-5.5101,-6.3926,-7.4374
1.0861,1.6709,2.327,2.8407,3.1286,3.3866,3.4903,3.4825,3.3336,3.056,2.6319,2.2224,1.5868,0.81174,0.17558,-0.7534,-1.7673,-2.5685,-3.6856,-4.8356,-5.9885,-6.9053,-8.0557,-9.0234,-9.5158,-9.7013,-9.3469,-8.88,-8.1354,-7.4864,-7.0019,-6.7457,-6.6135,-6.6373,-6.7566,-7.0718,-7.4775,-8.0079,-8.4693,-9.1972,-10.037,-10.705,-11.661,-12.795,-13.645,-14.856,-16.258,-17.999,-19.624,-22.444,-26.016,-25.607,-20.316,-15.694,-12.824,-9.7081,-7.254,-5.2837,-4.0935,-2.8631,-2.0159,-1.6177,-1.3685,-1.4682,-1.8887,-2.4124,-3.3586,-4.5687,-5.5896,-6.8428,-7.6675,-7.7154,-7.094,-6.1518,-5.2463,-4.7333,-4.3379,-4.24,-4.4259,-4.9494,-5.8247,-6.7009,-8.1084,-9.8185,-11.756,-13.263,-15.443,-17.912,-19.988,-21.186,-18.565,-14.322,-11.988,-9.2738,-7.2883,-6.2017,-5.2141,-4.6428,-4.6302,-4.9987,-5.8633,-7.2972,-8.3687,-9.0136,-7.5354,-5.7529,-3.396,-1.4794,-0.34882,0.81861,1.6143,2.107,2.2892,2.3189,2.1099,1.8117,1.225,0.43666,-0.55028,-1.4319,-2.7173,-4.1291,-5.2323,-6.6464,-7.9542,-8.7379,-9.5501,-10.233,-10.799,-11.239,-11.934,-12.617,-12.652,-12.186,-10.716,-9.1213,-7.0914,-5.2877,-3.852,-2.928,-2.0799,-1.4815,-1.1733,-0.97555,-0.87098,-0.82367,-0.7862,-0.66026,-0.49128,-0.33524,-0.13345,-0.014608,0.033829,-0.00091304,-0.093645,-0.19556,-0.21371,-0.1347,0.12219,0.40953,0.85342,1.3161,1.6141,1.9239,2.0826,2.0765,1.949,1.6071,1.0665,0.52979,-0.37927,-1.5004,-2.8858,-4.0952,-5.9768,-8.2073,-10.114,-12.813,-14.939,-15.391,-14.484,-13.213,-12.167,-11.626,-11.097,-10.615,-10.11,-9.2765,-8.3091,-7.5955,-6.7865,-6.2637,-6.0605,-6.1321,-6.5734,-7.3544,-8.1381,-9.4123,-10.706,-11.82
1.754,2.2469,2.8153,3.3052,3.604,3.8864,4.0549,4.0642,3.9232,3.5916,3.042,2.495,1.5534,0.37528,-0.65953,-2.2574,-4.0548,-5.4895,-7.4392,-9.3198,-11.189,-12.7,-15.178,-18.874,-23.06,-24.439,-18.666,-15.618,-12.926,-11.167,-10.146,-9.7032,-9.3473,-9.3432,-9.3894,-9.5414,-9.8053,-10.176,-10.571,-11.28,-12.153,-12.979,-14.086,-15.082,-15.586,-15.965,-16.155,-16.505,-16.982,-17.85,-18.319,-17.596,-15.011,-11.858,-9.6712,-7.1053,-4.98,-3.2581,-2.2169,-1.1362,-0.37576,-0.029869,0.13274,-0.050137,-0.62239,-1.3356,-2.7685,-4.9261,-7.238,-12.323,-26.194,-20.833,-11.572,-7.6946,-5.5423,-4.5521,-3.8387,-3.6975,-3.9193,-4.6169,-5.7542,-6.9686,-9.0718,-11.836,-15.16,-17.777,-19.009,-17.267,-15.496,-13.348,-11.119,-9.0356,-7.6024,-5.6888,-4.1989,-3.2271,-2.2061,-1.486,-1.1415,-0.78285,-0.66108,-0.51667,-0.3921,-0.059689,0.50152,1.0506,1.8712,2.6828,3.2445,3.8508,4.2836,4.5142,4.5425,4.3704,3.968,3.4981,2.6425,1.5382,0.11908,-1.1458,-3.1529,-5.5668,-7.6608,-10.771,-13.601,-14.56,-14.122,-13.209,-12.804,-13.006,-14.091,-17.311,-21.736,-28.546,-16.26,-12.107,-8.3114,-5.8016,-4.1367,-3.3045,-2.5784,-2.4309,-2.5648,-3.086,-3.942,-4.7869,-5.1677,-4.9145,-3.846,-2.8422,-1.4919,-0.30022,0.41169,1.2167,1.8356,2.3271,2.6391,3.0042,3.3122,3.5366,3.789,3.9903,4.0993,4.1603,4.1246,3.9553,3.7377,3.3355,2.7657,2.2353,1.3958,0.40425,-0.71851,-1.6568,-2.9976,-4.368,-5.3973,-6.7024,-7.8685,-8.5976,-9.4987,-10.425,-11.646,-12.935,-15.454,-18.633,-19.506,-16.252,-12.616,-10.6,-8.7215,-7.6077,-7.1562,-7.1717,-7.7305,-8.9957,-10.507,-13.635,-18.839,-24.88
1.4095,1.7352,2.2856,2.8915,3.3519,3.9007,4.2959,4.457,4.4766,4.2101,3.6684,3.041,1.8867,0.35503,-1.1328,-3.5554,-6.6512,-9.498,-13.899,-17.582,-17.674,-16.878,-16.683,-17.095,-17.477,-17.136,-15.609,-14.213,-12.616,-11.647,-11.217,-11.302,-11.808,-12.541,-13.102,-13.337,-13.083,-12.642,-12.485,-12.715,-13.769,-15.218,-18.479,-23.625,-25.562,-19.908,-15.824,-13.218,-11.817,-10.324,-9.0171,-8.0337,-6.5671,-5.0896,-3.9264,-2.4973,-1.1602,0.017076,0.77436,1.6145,2.2336,2.5581,2.7659,2.7256,2.406,1.9736,1.128,0.0026002,-0.9894,-2.2665,-3.1502,-3.2687,-2.7986,-2.0297,-1.3547,-1.0247,-0.85328,-1.0615,-1.4129,-2.2321,-3.4062,-4.5519,-6.5165,-8.9765,-12.014,-14.248,-14.951,-12.49,-10.324,-7.8814,-5.6772,-3.9614,-2.7269,-1.3333,-0.14068,0.63978,1.5274,2.1954,2.6592,3.1132,3.4967,3.8469,4.0898,4.4752,4.8772,5.2199,5.6907,6.1506,6.4671,6.8067,7.0244,7.074,6.9909,6.6931,6.1615,5.5977,4.614,3.3116,1.7329,0.29875,-1.9837,-4.7675,-7.3134,-11.455,-16.345,-17.368,-14.506,-11.686,-9.981,-9.2243,-8.6485,-8.3631,-8.1839,-7.3409,-6.2192,-5.018,-3.5311,-2.3048,-1.3956,-1.0554,-0.99679,-1.4015,-2.1474,-3.7117,-6.4089,-11.22,-19.363,-17.69,-8.707,-5.2776,-2.2675,-0.18308,1.005,2.234,3.1638,3.8744,4.2842,4.7217,5.0581,5.2441,5.4471,5.5722,5.6235,5.6179,5.5189,5.3146,5.086,4.6591,4.1049,3.5941,2.7977,1.8662,0.84095,0.037589,-1.0633,-2.1405,-2.9069,-3.8398,-4.6778,-5.2939,-6.1347,-7.1019,-8.3565,-9.5317,-11.452,-13.327,-13.639,-12.146,-9.8214,-8.2936,-6.7727,-5.7931,-5.2854,-5.2399,-5.5235,-6.2426,-7.0285,-8.3567,-9.6819,-10.182
-2.4356,-2.3753,-1.2454,0.45086,1.6955,3.1255,4.1502,4.6906,5.0727,5.0955,4.7429,4.2287,3.2099,1.7439,0.36208,-1.968,-4.9207,-7.5837,-11.549,-14.435,-14.171,-13.228,-12.136,-11.452,-11.027,-10.527,-10.051,-9.7016,-9.3978,-9.4094,-9.8825,-10.645,-12.712,-16.36,-22.364,-31.35,-17.814,-13.323,-11.492,-10.249,-10.042,-10.358,-11.36,-12.144,-12.037,-10.668,-8.6625,-6.8127,-5.5976,-4.218,-3.0534,-2.2609,-1.3097,-0.3944,0.25546,1.1101,1.9193,2.6797,3.2305,3.9115,4.5108,4.8908,5.3053,5.5662,5.6739,5.646,5.4889,5.1975,4.9426,4.5839,4.2542,4.0471,3.8257,3.6308,3.4045,3.166,2.7252,2.1657,1.6312,0.81488,-0.13594,-0.86527,-1.8449,-2.7617,-3.4095,-3.6958,-3.6391,-3.1321,-2.5066,-1.4775,-0.32995,0.73544,1.579,2.4827,3.3466,3.8849,4.4854,4.981,5.2807,5.5451,5.7941,5.9573,6.1121,6.3359,6.6488,6.9344,7.3865,7.8822,8.2342,8.6509,8.9389,9.0566,9.0103,8.7577,8.2509,7.7073,6.7302,5.4784,3.9347,2.6179,0.68836,-1.3768,-2.8589,-4.568,-5.6523,-5.9662,-5.7027,-4.9406,-3.9213,-3.1676,-2.2769,-1.33,-0.75351,0.041699,0.81836,1.3405,1.984,2.4315,2.6432,2.6737,2.3682,1.8105,1.1533,0.037021,-1.2376,-2.466,-3.0272,-3.0013,-2.0783,-1.1184,0.30012,1.5579,2.4138,3.3413,4.0501,4.5603,4.8324,5.0772,5.2533,5.3481,5.4573,5.5641,5.6248,5.6803,5.6519,5.5311,5.3524,4.9743,4.4449,3.9334,3.0827,2.0641,0.8743,-0.10647,-1.4446,-2.7267,-3.472,-4.0819,-4.2465,-4.1833,-3.9962,-3.8893,-3.8728,-3.9328,-4.0599,-4.104,-4.0367,-3.7757,-3.3865,-3.0766,-2.6982,-2.4071,-2.2173,-2.1545,-2.1471,-2.1609,-2.1814,-2.1443,-2.0269,-1.7095
-14.074,-17.801,-8.0359,-3.0062,-0.57931,1.7076,3.2568,4.07,4.7351,5.0272,4.9257,4.6427,3.9668,2.9774,2.0563,0.56822,-1.0928,-2.3866,-4.039,-5.5466,-6.6089,-7.3139,-7.9005,-8.3549,-8.5376,-8.5529,-8.3281,-8.0398,-7.7107,-7.4027,-7.3601,-7.4488,-7.9711,-8.5315,-8.8869,-8.7363,-7.8526,-6.6165,-5.7043,-4.7408,-4.0559,-3.7203,-3.4201,-3.0894,-2.8325,-2.3941,-1.8453,-1.2756,-0.86922,-0.38053,0.0089904,0.28264,0.52178,0.77445,0.90397,1.1537,1.4576,1.879,2.2863,2.9566,3.7462,4.3576,5.1656,5.876,6.462,6.8016,7.1121,7.2608,7.2848,7.1794,6.9767,6.7393,6.3386,5.8256,5.1914,4.6322,3.7698,2.8138,2.0106,0.96518,-0.077266,-0.75419,-1.4438,-1.8256,-1.8428,-1.6645,-1.1937,-0.56545,-0.016273,0.78972,1.5647,2.3508,2.902,3.5127,4.0761,4.3973,4.7129,4.9303,4.9431,4.8502,4.609,4.2137,3.9327,3.6046,3.6725,4.0309,4.8901,5.9797,6.7855,7.7352,8.4555,8.9155,9.0696,9.0187,8.6701,8.2102,7.3177,6.1268,4.535,3.1333,0.87409,-1.7983,-4.0134,-6.7351,-7.6023,-6.777,-4.7646,-2.8354,-1.1562,-0.067384,1.1955,2.2323,2.9607,3.6668,4.3463,4.688,5.0342,5.2126,5.1362,4.9814,4.5418,3.8628,3.2328,2.2088,1.15,0.14295,-0.40245,-0.80849,-0.64234,-0.24331,0.52444,1.3689,1.9332,2.484,2.7774,2.7872,2.6455,2.2975,1.8928,1.6849,1.6024,1.8334,2.1224,2.5416,2.8795,3.0421,3.026,2.8253,2.4005,1.9467,1.1016,-0.026885,-1.5677,-3.0812,-5.7293,-9.4624,-12.842,-13.517,-9.5456,-7.061,-4.6827,-3.113,-2.0423,-1.5001,-1.0023,-0.71041,-0.62927,-0.61946,-0.77161,-0.97338,-1.35,-1.7774,-2.2015,-2.3282,-2.2389,-1.8017,-1.3371,-0.60623,0.13414,0.81121
-3.0712,-2.956,-2.1274,-0.84054,0.21654,1.5007,2.5891,3.2261,3.8372,4.1718,4.228,4.1026,3.6874,3.0433,2.3823,1.3595,0.14881,-0.84961,-2.2891,-3.8215,-5.4723,-6.7686,-8.6276,-10.554,-11.829,-12.571,-11.674,-10.371,-8.5237,-6.9117,-5.6288,-4.8806,-4.024,-3.3725,-2.8756,-2.2971,-1.6484,-0.97699,-0.49954,0.022486,0.48815,0.75115,1.0526,1.2188,1.2922,1.3358,1.28,1.1519,0.97779,0.65993,0.23062,-0.16867,-0.76689,-1.4585,-2.0142,-2.8102,-3.5383,-3.8979,-3.7035,-2.6327,-0.92234,0.50192,2.2678,3.804,5.0354,5.7644,6.4778,6.9385,7.1109,7.1416,6.9579,6.6879,6.1487,5.4054,4.4547,3.6106,2.2934,0.69714,-0.6285,-2.6256,-4.7462,-6.256,-7.5356,-7.3847,-6.2728,-5.1222,-3.6525,-2.3567,-1.4875,-0.48022,0.2644,0.99115,1.3108,1.7975,2.118,2.3245,2.5088,2.548,2.4166,2.0917,1.2393,-0.13147,-1.8444,-5.3255,-9.559,-7.6582,-2.3263,1.4061,3.4004,5.3363,6.6422,7.4859,7.8553,8.0357,7.9035,7.588,6.9179,5.9137,4.565,3.2718,1.1112,-1.734,-4.4733,-8.8646,-10.239,-7.6894,-4.2184,-1.6848,0.18212,1.3058,2.5717,3.5422,4.18,4.895,5.4269,5.746,5.9922,6.0625,5.9317,5.6355,5.0809,4.1633,3.2971,1.7285,-0.29729,-2.9457,-5.2971,-7.8407,-7.1382,-5.0972,-2.7023,-0.97188,-0.14905,0.40377,0.37848,-0.26567,-1.1939,-3.1156,-6.0123,-8.447,-9.458,-6.9416,-4.9017,-2.9914,-1.8191,-1.2622,-1.1144,-1.1799,-1.4654,-1.7753,-2.2506,-2.8961,-3.814,-4.7054,-6.2562,-8.1432,-9.2959,-9.2299,-7.4039,-5.7088,-3.7609,-2.2465,-1.1446,-0.54237,0.00048939,0.26368,0.27316,0.036133,-0.53241,-1.2117,-2.567,-4.5886,-7.4185,-9.6726,-9.9761,-6.8834,-4.5563,-2.1769,-0.4909,0.61741
-1.6311,-1.2735,-0.71133,0.028122,0.61729,1.4254,2.2035,2.7059,3.2672,3.6153,3.7863,3.7427,3.5124,3.0306,2.5422,1.6915,0.62849,-0.30443,-1.7087,-3.2987,-5.1582,-6.7228,-9.3646,-12.87,-16.759,-21.935,-15.881,-11.86,-8.0749,-5.395,-3.3666,-2.1541,-0.80708,0.28588,0.97714,1.7943,2.4816,3.0601,3.4195,3.8284,4.1049,4.2411,4.3005,4.2183,4.071,3.7333,3.2211,2.5122,1.8482,0.75966,-0.55031,-1.6933,-3.3019,-5.0572,-6.3032,-8.2641,-10.958,-16.524,-30.743,-14.035,-6.6975,-3.3081,-0.0061576,2.3738,4.1241,5.1071,6.0552,6.6364,6.8539,6.9041,6.6562,6.311,5.6215,4.6902,3.5058,2.443,0.76339,-1.2235,-3.025,-6.0043,-9.928,-14.278,-23.844,-17.487,-11.545,-8.8207,-6.301,-4.4482,-3.3963,-2.3792,-1.6434,-1.2983,-1.158,-1.0975,-1.1149,-1.0245,-0.72661,-0.33773,0.058847,0.29423,0.27402,-0.27331,-0.95634,-2.1365,-2.6956,-2.0031,0.09746,2.353,3.8107,5.3149,6.3926,7.0838,7.3987,7.5928,7.5569,7.405,7.0308,6.4684,5.7365,5.0554,4.0405,2.9445,2.1604,1.3083,0.91739,0.91936,1.2787,1.8288,2.465,2.9638,3.5734,4.2546,4.6871,5.3284,5.839,6.1891,6.5311,6.6845,6.6694,6.4811,6.0084,5.2411,4.4285,3.002,1.0359,-1.5587,-3.8987,-6.5119,-5.8195,-3.964,-1.6965,-0.19714,0.46802,0.84498,0.62316,-0.18053,-1.2261,-3.181,-5.8785,-7.9455,-8.9564,-7.372,-5.9665,-4.6322,-4.0987,-4.2225,-4.6904,-5.6692,-6.6127,-6.9895,-6.7096,-5.8911,-4.9958,-4.4801,-4.0254,-3.6499,-3.3632,-2.8949,-2.2528,-1.6851,-0.92801,-0.1894,0.4342,0.82841,1.2123,1.4153,1.4558,1.2694,0.80024,0.2014,-0.99963,-2.7391,-5.0604,-6.6606,-6.7834,-4.4729,-2.5598,-0.44611,1.0154,1.9063
-3.1359,-2.7412,-2.1213,-1.3858,-0.72992,0.21907,1.1598,1.8106,2.5492,3.111,3.4527,3.5618,3.5041,3.1938,2.8023,2.0307,1.0124,0.095555,-1.322,-2.8743,-4.451,-5.564,-6.7441,-7.4775,-7.6431,-7.2384,-6.1027,-4.9048,-3.1278,-1.3648,0.20931,1.3103,2.5418,3.6253,4.2969,5.0919,5.7362,6.2496,6.5549,6.8717,7.0431,7.0846,6.9882,6.7496,6.442,5.8464,5.03,3.9259,2.8875,1.1408,-1.1072,-3.2425,-6.8823,-11.331,-13.845,-12.75,-10.528,-8.8374,-7.5136,-5.2279,-2.5467,-0.56,1.7663,3.6802,5.1458,5.9788,6.7583,7.1756,7.2827,7.1458,6.7307,6.23,5.3534,4.2359,2.9011,1.7593,0.074479,-1.7973,-3.316,-5.4496,-7.4836,-8.8278,-9.8837,-9.8187,-8.9437,-7.8112,-6.2473,-4.7888,-3.9332,-3.1616,-2.7385,-3.0417,-3.4922,-5.05,-7.1279,-8.5876,-7.7593,-4.6213,-2.3781,-0.21081,1.4341,2.5027,3.1243,3.7588,4.3571,4.8422,5.5392,6.2176,6.6715,7.1049,7.3565,7.4024,7.3412,7.1924,7.0312,6.9562,6.8882,6.8603,6.7834,6.6901,6.4494,6.13,5.8303,5.3999,4.9335,4.5887,4.1112,3.6603,3.2579,3.0424,3.0057,3.3087,3.8145,4.5669,5.4752,6.0591,6.7549,7.2671,7.5513,7.6757,7.5901,7.3419,6.9869,6.3963,5.637,4.8539,4.3048,3.8038,3.5906,3.6415,3.7969,3.9642,3.9908,3.8648,3.5025,2.9076,2.3445,1.4492,0.55141,-0.077905,-0.69769,-1.1468,-1.4277,-1.9205,-2.7583,-4.1347,-5.7717,-9.1461,-16.05,-32.894,-14.002,-8.1628,-5.0294,-3.502,-2.0688,-1.0985,-0.5766,-0.056083,0.33514,0.5554,0.81934,1.0806,1.3897,1.6559,2.0621,2.4901,2.7863,3.1077,3.2861,3.3151,3.237,3.0669,2.9257,2.8934,3.0896,3.5299,3.9717,4.55,5.0206,5.2931
-6.3424,-6.9462,-7.1206,-6.1486,-4.724,-2.6969,-0.94276,0.20578,1.4104,2.3686,2.9992,3.3439,3.5173,3.4519,3.1583,2.5037,1.479,0.41882,-1.414,-3.7742,-6.7262,-8.836,-9.709,-7.8949,-6.0526,-3.7839,-1.826,-0.54029,1.0613,2.4438,3.6684,4.4843,5.4545,6.2865,6.8353,7.4679,8.0095,8.4599,8.728,8.9885,9.1348,9.1552,9.0496,8.7808,8.4448,7.8173,6.9664,5.8687,4.8578,3.2109,1.2061,-0.6362,-3.4507,-6.4618,-7.5744,-6.6783,-4.3631,-2.1341,-0.65949,1.1671,2.8304,3.9955,5.3574,6.5004,7.3774,7.8524,8.225,8.2993,8.1637,7.6934,6.959,6.2037,4.9836,3.53,1.9424,0.67565,-1.0342,-2.8415,-4.1379,-6.1743,-8.3559,-10.172,-12.327,-12.795,-10.78,-8.7572,-6.2611,-4.255,-3.1312,-2.0872,-1.6198,-1.7252,-2.2684,-3.6591,-5.8299,-7.2025,-6.1116,-2.7016,-0.1681,2.3623,4.3926,5.9027,6.8003,7.7258,8.4234,8.8055,9.1387,9.2561,9.1741,8.8183,8.1263,7.1024,6.1275,4.7533,3.8133,3.7764,4.5717,5.7597,6.78,7.3837,7.869,8.0498,7.9906,7.6856,7.0806,6.4437,5.2526,3.6192,1.3692,-0.73423,-3.2321,-3.0199,-0.83931,1.9058,4.1147,5.3553,6.6171,7.553,8.1872,8.5699,8.9066,9.1154,9.1758,9.1706,9.0649,8.9045,8.748,8.5398,8.3049,8.1346,7.862,7.5602,7.2944,6.8541,6.3519,5.783,5.3491,4.701,4.1067,3.6436,3.0738,2.5024,2.0587,1.368,0.57948,-0.38573,-1.2072,-2.341,-3.2281,-3.4214,-2.9578,-1.8451,-0.64009,0.15084,1.0219,1.5791,1.7964,1.8638,1.6488,1.3126,0.72697,0.080397,-0.26099,-0.13642,0.66518,1.9299,2.9254,4.1925,5.253,5.9102,6.617,7.1506,7.5968,7.8622,8.18,8.4602,8.6557,8.834,8.9219,8.8921
-8.4504,-12.187,-20.139,-14.184,-9.6008,-5.7578,-3.4194,-2.0745,-0.70852,0.41662,1.3284,1.9144,2.4808,2.7909,2.8168,2.5702,1.9019,1.0967,-0.4566,-2.731,-5.8162,-8.5083,-9.4369,-6.2644,-3.805,-1.1936,0.77879,1.9719,3.2629,4.2908,5.1431,5.6254,6.2001,6.6448,6.9769,7.3676,7.7673,8.1715,8.4762,8.8059,9.0753,9.1827,9.2145,9.0398,8.7845,8.281,7.5654,6.6791,5.9166,4.8358,3.7201,2.9477,2.0539,1.5236,1.402,1.6926,2.3576,3.2905,4.0655,5.1019,6.1107,6.7798,7.5752,8.1823,8.5984,8.7642,8.7703,8.5159,8.1183,7.3237,6.166,5.0537,3.1991,0.93707,-1.6323,-3.5811,-5.6637,-6.6659,-7.0996,-7.7854,-9.1657,-10.888,-14.151,-15.054,-11.3,-8.2065,-5.0827,-2.8409,-1.5616,-0.29142,0.43797,1.0397,1.1449,1.4608,1.6724,2.0596,2.8164,3.9519,4.9051,6.272,7.5222,8.6749,9.376,10.166,10.728,11,11.137,10.996,10.663,9.8974,8.6048,6.6237,4.4295,-0.24595,-10.981,-8.8688,0.088551,4.0839,6.4134,7.5153,8.4575,8.904,8.9896,8.7885,8.2488,7.6021,6.3719,4.6429,2.2797,0.024514,-2.7765,-2.6465,-0.78776,1.8508,3.6992,4.7552,5.7253,6.4295,7.0543,7.4346,8.0439,8.6016,9.038,9.4932,9.8575,10.056,10.112,10.036,9.8248,9.5589,9.1075,8.526,8.0228,7.2913,6.5345,5.8006,5.2921,4.7066,4.2252,3.9026,3.5164,3.1436,2.8761,2.5046,2.151,1.7892,1.5999,1.3726,1.3699,1.4931,1.7894,2.2083,2.6376,2.9347,3.2106,3.283,3.16,2.7011,1.816,0.7981,-1.2913,-4.7427,-11.477,-16.132,-6.553,-1.2143,1.3795,3.9212,5.7892,6.887,8.0336,8.8991,9.5404,9.9174,10.281,10.515,10.612,10.655,10.596,10.432
-3.7438,-4.7331,-5.6786,-6.1053,-6.0629,-5.969,-5.8332,-5.7984,-5.4557,-4.6312,-3.2223,-2.1116,-0.67623,0.41785,1.0563,1.5285,1.6521,1.5468,1.1761,0.61511,0.10361,-0.16862,-0.1775,0.21954,0.72086,1.5057,2.2652,2.7749,3.2732,3.621,3.7554,3.7637,3.5948,3.3678,3.1829,3.1152,3.3393,3.8923,4.4531,5.2729,5.9844,6.4013,6.7288,6.7913,6.6661,6.2388,5.5468,4.6189,3.8178,2.7236,1.7495,1.285,1.051,1.3353,1.7316,2.4979,3.3364,4.1832,4.7967,5.5497,6.1925,6.6016,7.0296,7.3229,7.4613,7.4524,7.2754,6.8708,6.3994,5.5107,4.2353,2.9825,0.7959,-2.2356,-6.6667,-11.878,-24.828,-13.879,-10.366,-7.8413,-6.7436,-6.2676,-5.8175,-5.1869,-4.199,-3.373,-2.1715,-1.1137,-0.40735,0.35692,0.98343,1.4491,1.8412,2.2883,2.8958,3.3874,4.1957,5.1573,5.8722,6.957,7.9348,8.8709,9.4775,10.176,10.685,10.948,11.112,11.042,10.834,10.307,9.5167,8.4414,7.5263,6.3111,5.4904,5.3466,5.8055,6.5689,7.3545,7.7925,8.2085,8.3976,8.4044,8.2377,7.9048,7.5388,6.922,6.1784,5.3793,4.7863,4.211,3.8255,3.8009,3.6867,3.575,3.2766,2.6989,1.9575,1.5308,1.7811,2.8701,4.4508,5.5733,6.8632,7.7934,8.3798,8.6092,8.639,8.3874,8.0065,7.2751,6.2632,5.351,3.9754,2.4952,1.1318,0.3322,-0.20077,-0.34316,-0.2389,-0.11734,-0.071563,-0.1313,-0.25548,-0.44156,-0.51243,-0.47457,-0.18973,0.27219,0.6929,1.3356,1.9385,2.4572,2.7611,2.9819,2.9939,2.849,2.3987,1.6749,0.93268,-0.29552,-1.6776,-2.6876,-2.7184,-1.5114,0.45909,1.967,3.8146,5.3538,6.3148,7.36,8.1628,8.7288,9.0239,9.2602,9.3362,9.2942,9.1577,8.9345,8.6513
-0.94669,-1.6836,-2.7626,-3.8886,-4.8679,-6.5897,-9.0767,-12.083,-19.865,-18.053,-9.9888,-6.617,-3.4944,-1.3858,-0.24099,0.81679,1.498,1.7983,1.996,2.0634,2.031,2.0279,2.0351,2.1008,2.188,2.3194,2.434,2.4559,2.386,2.1028,1.529,0.90614,-0.35226,-2.135,-3.9707,-6.602,-7.1253,-4.384,-2.0951,0.41628,2.1935,3.1588,3.9763,4.3611,4.3466,3.9349,3.0696,1.6734,0.21488,-2.4089,-5.7255,-7.7932,-6.7144,-3.6392,-1.5733,0.47783,2.0151,3.1398,3.774,4.4024,4.8051,5.0111,5.1484,5.2006,5.175,5.118,4.982,4.74,4.486,3.9474,3.187,2.4314,1.1609,-0.36973,-2.0309,-3.172,-4.2171,-4.4318,-4.1966,-3.6908,-3.1113,-2.7118,-2.2006,-1.7685,-1.2623,-0.92325,-0.50533,-0.17068,-0.0054731,0.076207,0.10322,-0.063569,-0.038387,-0.02357,0.43351,0.98749,2.0587,3.293,4.27,5.5124,6.67,7.6585,8.3403,9.0839,9.6932,10.044,10.384,10.564,10.599,10.5,10.264,9.914,9.5999,9.1656,8.7745,8.5168,8.2471,8.0287,7.7833,7.6002,7.2994,6.993,6.7706,6.5377,6.3755,6.3017,6.2349,6.1509,6.0245,5.9131,5.6643,5.341,4.9972,4.3411,3.3421,2.2041,-0.048428,-3.9252,-13.156,-18.061,-4.6658,0.26428,2.5585,4.6359,5.9446,6.7241,6.9986,7.0258,6.6487,6.125,5.0565,3.5399,2.0745,-0.50998,-4.0359,-9.0632,-13.321,-12.08,-8.1174,-6.2946,-4.9043,-4.3927,-4.469,-5.0626,-6.0288,-6.8625,-6.9991,-5.9702,-4.2581,-2.879,-1.247,0.053807,1.0467,1.5675,2.0098,2.1718,2.1266,1.8877,1.4762,1.0896,0.61084,0.25462,0.16843,0.35129,0.91412,1.7892,2.5884,3.6783,4.7255,5.4163,6.1742,6.7187,7.0409,7.1181,7.0336,6.7475,6.4334,5.894,5.3069,4.7628
0.25408,-0.41037,-1.3782,-2.4329,-3.3254,-4.5667,-6.0081,-6.9904,-7.8046,-7.348,-5.6421,-4.1759,-2.2654,-0.70916,0.19472,1.128,1.7389,2.0118,2.183,2.1903,2.0732,1.9546,1.7931,1.672,1.607,1.5405,1.4634,1.3579,1.1351,0.69993,0.037862,-0.73192,-2.0678,-4.0044,-5.8658,-8.6703,-9.207,-6.3625,-3.9305,-1.2837,0.64503,1.7054,2.7159,3.2491,3.357,3.1379,2.454,1.2589,-0.015807,-2.3096,-5.1092,-6.6255,-5.8056,-3.2157,-1.4365,0.39599,1.6661,2.4699,2.8207,2.9859,2.8868,2.6459,2.2114,1.7321,1.4033,1.3413,1.5148,1.8865,2.1597,2.4398,2.5185,2.436,2.1387,1.6898,1.1284,0.71598,0.23065,-0.18237,-0.36577,-0.52511,-0.55553,-0.52132,-0.39961,-0.21346,-0.073306,0.048986,0.097858,0.016912,-0.20806,-0.76025,-1.782,-3.2052,-4.87,-7.0481,-7.8665,-6.1236,-2.9624,-0.24348,1.4841,3.23,4.6872,5.8045,6.5238,7.3253,8.0328,8.4971,9.0466,9.5126,9.7845,10.06,10.191,10.199,10.11,9.8838,9.5225,9.175,8.5692,7.8222,6.8826,6.0717,4.8482,3.5879,2.8004,2.2672,2.4795,3.0131,3.8917,4.7243,5.3751,5.727,5.9749,6.0392,5.8702,5.5294,4.8797,4.2593,3.218,2.1585,1.3992,1.4283,2.1345,3.3165,4.2399,5.2516,5.9994,6.4107,6.5081,6.3481,5.8509,5.2652,4.1517,2.6925,1.2819,-0.93752,-3.6112,-6.3987,-7.9814,-8.2799,-7.3206,-6.5464,-5.9661,-5.9928,-6.461,-7.9309,-10.724,-16.587,-24.298,-14.218,-8.2435,-5.4421,-2.8353,-1.0469,0.18035,0.79297,1.2857,1.4349,1.3364,0.97139,0.34603,-0.22791,-1.0866,-1.7951,-2.1026,-1.9033,-1.075,0.13807,1.1528,2.4264,3.5389,4.2199,4.8884,5.2555,5.3127,5.1461,4.6209,3.744,2.8606,1.3715,-0.33702,-1.9329
0.50698,-0.062494,-0.84563,-1.6572,-2.215,-2.7946,-3.0807,-3.1002,-2.7847,-2.1589,-1.2966,-0.53459,0.41816,1.2861,1.7816,2.2536,2.4401,2.4085,2.1343,1.6011,0.92857,0.35657,-0.31089,-0.73272,-0.8372,-0.72678,-0.50078,-0.33285,-0.26977,-0.36622,-0.65105,-1.0137,-1.5584,-2.1667,-2.5059,-2.7039,-2.4239,-1.6579,-0.8753,0.30255,1.4692,2.2355,3.0632,3.6287,3.8906,4.0068,3.8613,3.4984,3.1204,2.5486,2.0702,1.8372,1.8506,2.1078,2.3919,2.7623,2.9764,2.9632,2.7666,2.2122,1.2703,0.2313,-1.6532,-4.2416,-6.9418,-7.3542,-4.96,-2.1414,-0.49609,1.1373,2.1836,2.6723,3.0079,3.028,2.8171,2.5293,2.0199,1.4217,0.9265,0.32575,-0.19123,-0.43803,-0.55797,-0.39241,-0.10838,0.12358,0.35552,0.37198,0.20729,-0.33812,-1.3898,-3.0645,-4.7839,-7.8162,-8.9905,-7.024,-3.5251,-0.83668,0.71309,2.1585,3.1674,3.8928,4.2677,4.7952,5.3814,5.9471,6.8072,7.7165,8.3593,9.0982,9.6485,9.9766,10.08,10.012,9.7005,9.3088,8.5488,7.4558,6.0112,4.5615,2.0184,-1.7969,-6.3908,-15.228,-6.2372,-2.0969,1.2961,3.4642,4.9417,5.7048,6.4467,6.8558,7.0315,7.0623,6.9337,6.7816,6.5158,6.2576,6.097,6.0786,6.1624,6.3871,6.5538,6.796,6.9488,6.9569,6.8529,6.5197,5.9799,5.4104,4.4534,3.273,2.2648,0.81593,-0.6344,-1.9233,-2.6832,-3.3965,-3.7838,-3.8893,-4.0134,-4.2153,-4.4662,-4.9301,-5.4801,-5.842,-5.7417,-4.9089,-3.5693,-2.4757,-1.1155,0.035263,0.83938,1.2539,1.5178,1.4487,1.1705,0.4424,-0.72562,-1.9749,-4.3736,-8.0891,-13.171,-12.717,-7.1284,-3.0706,-0.91314,1.2462,2.7605,3.572,4.2756,4.5723,4.4656,4.1328,3.3017,1.9694,0.55621,-2.0188,-5.9544,-13.067
0.20013,-0.43009,-1.5505,-2.8912,-3.8429,-4.6648,-4.3581,-3.5214,-2.0147,-0.46958,0.88959,1.7927,2.7443,3.4346,3.7771,3.9321,3.7503,3.3644,2.4697,1.0771,-0.9218,-2.8732,-6.0064,-8.1872,-7.5397,-5.2127,-3.2484,-2.2513,-1.4859,-1.2109,-1.3761,-1.6024,-2.1234,-2.5509,-2.7162,-2.5376,-1.9202,-0.93704,-0.055709,1.0966,2.226,2.9861,3.8355,4.5252,4.927,5.3,5.5304,5.6335,5.64,5.6018,5.5254,5.46,5.3594,5.2508,5.1434,4.9099,4.5577,4.0509,3.5418,2.669,1.4785,0.34364,-1.6385,-4.2707,-7.0356,-7.3516,-4.619,-1.4754,0.35994,2.2092,3.4612,4.0791,4.5364,4.6126,4.3562,3.934,3.0757,1.8967,0.74736,-1.0714,-3.0662,-4.2383,-4.5053,-3.321,-1.6083,-0.51595,0.64463,1.3982,1.7356,1.8844,1.8309,1.4993,1.2661,1.0159,1.0114,1.2937,1.8102,2.3877,2.6709,2.8739,2.5707,1.8413,0.96943,-0.31015,-0.67662,0.37201,2.776,5.1358,6.6319,8.1648,9.2702,9.9636,10.255,10.354,10.16,9.8153,9.1304,8.1648,6.916,5.8081,4.0713,2.206,0.94306,0.13408,0.7755,1.8636,3.4687,4.8883,6.0277,6.7061,7.3857,7.8506,8.1179,8.2813,8.3635,8.3342,8.2577,8.1257,7.9972,7.8602,7.7496,7.6429,7.5909,7.5429,7.4677,7.3589,7.2097,6.8979,6.4054,5.879,5.0007,3.8516,2.8823,1.4039,-0.1276,-1.5512,-2.4013,-3.0997,-3.2352,-3.1155,-2.7568,-2.39,-2.1737,-1.9198,-1.6895,-1.3909,-1.0819,-0.60217,0.047221,0.58255,1.2606,1.863,2.32,2.5426,2.6306,2.4578,2.1466,1.4632,0.46307,-0.54278,-2.1572,-3.9852,-5.2541,-5.0029,-3.112,-0.77082,0.78936,2.5071,3.7842,4.4638,5.0154,5.1918,5.0033,4.6167,3.8009,2.6555,1.5861,-0.054215,-1.8173,-3.3839
-0.83186,-1.5529,-3.2002,-6.0617,-9.6574,-21.827,-14.324,-8.044,-3.4877,-0.58058,1.4141,2.5417,3.6425,4.3329,4.6381,4.7023,4.4172,3.9294,2.8843,1.3281,-0.87673,-3.0709,-6.6104,-9.2644,-8.4579,-5.9377,-4.0009,-3.1187,-2.5157,-2.5782,-3.2837,-4.1349,-5.9743,-8.3752,-10.145,-10.226,-7.4969,-4.5558,-2.6914,-0.74054,0.76987,1.6699,2.6339,3.395,3.8653,4.3496,4.7635,5.0999,5.3004,5.5173,5.6322,5.6648,5.5767,5.3595,5.0972,4.5995,3.9502,3.1576,2.5142,1.6488,0.84206,0.36239,-0.12958,-0.34706,-0.21865,0.15647,0.99654,2.0805,2.8943,3.8761,4.6493,5.0326,5.2894,5.2356,4.8408,4.314,3.2611,1.7212,0.18489,-2.7068,-7.0745,-12.032,-13.271,-6.9574,-3.2043,-1.3387,0.43395,1.631,2.2633,2.8517,3.2518,3.459,3.5505,3.7006,3.7676,3.8615,3.8931,3.8549,3.6477,3.2293,2.3081,0.69759,-1.0971,-5.0063,-8.6212,-5.3541,-0.14728,3.3718,5.2695,7.0864,8.317,9.0786,9.3777,9.4753,9.274,8.9352,8.2877,7.4855,6.5407,5.8342,4.9318,4.22,3.8755,3.6981,3.8532,4.1479,4.6629,5.2386,5.7526,6.1147,6.4609,6.7515,6.9033,7.0349,7.1196,7.0955,6.9994,6.7896,6.4859,6.1545,5.7234,5.2742,5.0481,4.8861,4.9328,5.1192,5.2372,5.2992,5.1125,4.7675,4.0222,2.8398,1.655,-0.41988,-3.2443,-7.0078,-10.145,-11.438,-8.4632,-6.468,-4.4906,-3.2075,-2.5657,-2.0001,-1.6461,-1.3298,-1.0737,-0.66445,-0.12836,0.31278,0.94354,1.4809,1.9306,2.1447,2.2479,2.1246,1.8863,1.4353,0.85032,0.39824,-0.10499,-0.36493,-0.26894,0.077369,0.87767,1.8982,2.6776,3.6456,4.4121,4.8187,5.1013,5.0589,4.7183,4.2444,3.3826,2.3259,1.4439,0.28054,-0.70946,-1.3959
-1.8761,-2.1254,-2.782,-3.688,-4.3139,-4.7716,-4.2299,-3.2913,-1.7321,-0.1688,1.1647,1.9876,2.855,3.4346,3.6866,3.7638,3.5523,3.2135,2.5118,1.5606,0.43369,-0.47319,-1.5894,-2.4545,-2.8599,-3.1288,-3.2577,-3.3916,-3.7146,-4.3483,-5.3238,-6.4655,-8.5255,-11.314,-13.669,-13.826,-10.562,-7.4307,-5.6781,-3.8606,-2.6323,-1.9691,-1.3412,-0.92579,-0.67981,-0.29931,0.16731,0.74046,1.2107,1.7909,2.2384,2.4642,2.5413,2.3476,2.003,1.2693,0.18021,-1.2594,-2.5326,-4.2737,-5.4372,-5.4648,-4.4995,-3.0276,-1.5547,-0.55363,0.65611,1.6897,2.3828,3.0994,3.6411,3.8826,4.0067,3.8917,3.5146,3.0746,2.2673,1.2126,0.32919,-1.0028,-2.2202,-2.892,-3.1842,-2.835,-2.0556,-1.4187,-0.61313,0.081411,0.50521,0.98219,1.307,1.6384,1.7732,1.9866,2.1543,2.2162,2.3017,2.3097,2.2688,2.0659,1.82,1.4171,1.1071,0.87309,1.0275,1.5319,2.5746,3.78,4.631,5.5825,6.2417,6.6152,6.6801,6.5066,6.025,5.4866,4.5255,3.3716,2.1262,1.2131,0.28794,-0.18489,-0.18349,0.11967,0.61709,1.0132,1.4625,1.8032,1.9731,2.0169,2.0041,1.9972,1.9393,2.067,2.1933,2.3031,2.312,2.1181,1.524,0.8576,-0.50721,-2.3116,-3.5849,-4.2395,-2.9529,-1.0906,0.11406,1.254,1.8159,1.9372,1.61,0.80561,-0.14761,-1.9061,-4.2837,-7.272,-9.4071,-10.367,-8.8607,-7.3894,-6.0229,-5.2511,-5.0024,-5.0611,-5.4312,-5.9729,-6.2491,-6.1165,-5.3488,-4.4768,-3.2109,-2.1165,-1.3041,-0.92384,-0.72118,-0.86214,-1.1965,-1.8959,-2.8049,-3.4591,-4.093,-4.044,-3.2462,-2.3351,-0.99279,0.31341,1.1776,2.131,2.7977,3.0966,3.2163,2.9866,2.3938,1.6945,0.4239,-1.2739,-2.7833,-4.933,-6.6152,-6.9049
-1.9056,-1.8354,-1.8581,-1.9015,-1.9153,-1.7972,-1.4876,-1.0945,-0.43809,0.3085,1.0865,1.6087,2.2192,2.6809,2.8825,2.9949,2.8769,2.6556,2.1907,1.5491,0.75777,0.12976,-0.76202,-1.6224,-2.2311,-2.9619,-3.6189,-4.0599,-4.6756,-5.263,-5.8562,-6.3531,-6.9586,-7.4505,-7.6654,-7.5561,-7.0611,-6.3772,-5.8555,-5.3293,-5.1238,-5.1851,-5.6658,-6.5366,-7.3373,-7.9784,-7.4526,-5.8169,-4.4013,-2.7466,-1.4928,-0.8726,-0.39179,-0.35454,-0.62337,-1.3831,-2.7168,-4.7573,-6.9884,-11.768,-22.421,-18.937,-10.414,-6.2112,-3.5153,-2.0203,-0.4897,0.66207,1.3311,1.9964,2.4038,2.5821,2.624,2.4588,2.1224,1.7595,1.1577,0.47453,-0.10526,-0.82798,-1.487,-1.8954,-2.2751,-2.511,-2.5741,-2.5453,-2.463,-2.3203,-2.1915,-2.019,-1.8508,-1.6574,-1.48,-1.333,-1.0982,-0.94777,-0.68425,-0.42046,-0.15446,0.13469,0.45909,0.84766,1.1116,1.5572,2.0692,2.4712,3.0536,3.6177,3.989,4.3664,4.5589,4.5165,4.3296,3.8198,2.9786,2.1159,0.58897,-1.5027,-4.289,-6.9233,-10.817,-11.187,-8.9535,-6.1013,-4.1771,-3.223,-2.4717,-2.2782,-2.5286,-3.0765,-4.0613,-5.2835,-5.8207,-5.6471,-4.5253,-3.5061,-2.4534,-1.9479,-2.1101,-2.6633,-4.3546,-7.3353,-10.797,-13.785,-8.646,-4.5245,-2.5007,-0.74541,0.28284,0.6635,0.74721,0.44791,0.0056719,-0.83066,-1.8098,-2.8065,-3.4703,-4.1357,-4.5104,-4.7043,-4.9782,-5.4555,-6.0591,-7.3239,-9.3626,-12.807,-17.291,-23.406,-14.73,-10.68,-7.354,-5.1886,-3.8712,-3.2862,-2.9851,-3.2253,-3.7695,-5.1221,-7.3846,-10.105,-16.305,-18.079,-10.456,-6.9574,-3.791,-1.6211,-0.40046,0.76226,1.522,1.8341,1.9243,1.6529,0.96406,0.17164,-1.3599,-3.5812,-5.8436,-10.394,-18.517,-16.828
-1.4104,-1.2895,-1.2308,-1.2591,-1.3109,-1.302,-1.1994,-0.99206,-0.53468,0.089074,0.81972,1.3791,2.0519,2.5852,2.8697,3.0681,3.0495,2.8757,2.4531,1.8179,0.98423,0.24368,-0.85209,-2.0371,-2.9449,-4.1153,-5.1393,-5.746,-6.3027,-6.5848,-6.7049,-6.654,-6.5367,-6.3893,-6.1872,-5.9227,-5.6002,-5.334,-5.1929,-5.2094,-5.5014,-6.0354,-7.3354,-9.617,-12.507,-20.091,-18.308,-10.683,-7.435,-4.6009,-2.7612,-1.8425,-1.0946,-0.80663,-0.8538,-1.2576,-1.9776,-2.9865,-3.8465,-4.9521,-5.5329,-5.4079,-4.5488,-3.263,-1.9343,-1.0261,0.020623,0.85863,1.3227,1.7864,2.016,2.0608,1.9401,1.6316,1.1687,0.72661,0.066974,-0.648,-1.1955,-1.8752,-2.5149,-2.9575,-3.5203,-4.0126,-4.5211,-4.8608,-5.2504,-5.5502,-5.6714,-5.7321,-5.5992,-5.5746,-5.4243,-5.3163,-5.2005,-4.9696,-4.6269,-4.0487,-3.5178,-2.5665,-1.64,-0.64183,0.093582,0.97624,1.7864,2.3122,2.9057,3.3621,3.6015,3.7764,3.7746,3.5544,3.2485,2.6214,1.7367,0.86147,-0.62213,-2.5449,-5.0252,-7.2664,-10.013,-10.371,-8.891,-6.6496,-4.9839,-4.1696,-3.612,-3.658,-4.3504,-5.3978,-7.7799,-12.533,-19.391,-17.17,-9.4056,-6.359,-3.7583,-2.265,-1.429,-1.234,-1.2815,-1.5132,-1.6912,-1.5814,-0.98532,-0.13034,0.51595,1.2467,1.7389,1.9063,1.9401,1.7262,1.4342,0.93029,0.31477,-0.33227,-0.82135,-1.4446,-2.0317,-2.5111,-3.1426,-3.8743,-4.5468,-5.6464,-7.0054,-8.5529,-9.5119,-9.8739,-8.77,-7.4324,-5.663,-4.2343,-3.2274,-2.7388,-2.4281,-2.524,-2.8616,-3.6666,-4.8682,-5.9147,-7.0777,-6.9658,-5.4021,-3.8976,-1.9917,-0.41808,0.52566,1.4714,2.0909,2.3611,2.4584,2.2657,1.7866,1.2388,0.2579,-0.9598,-1.9872,-3.34,-4.3203,-4.585
-0.52518,-0.50578,-0.73583,-1.2618,-1.7871,-2.6199,-3.2886,-3.4722,-2.9494,-1.7165,-0.24448,0.84938,2.0742,3.0078,3.5239,3.9087,3.9948,3.8546,3.3936,2.6262,1.5744,0.56346,-1.0635,-3.0061,-4.6861,-7.1455,-9.4869,-10.742,-10.982,-10.195,-9.1059,-8.3198,-7.4307,-6.6301,-6.0908,-5.4395,-4.8735,-4.3673,-4.0855,-3.8284,-3.7661,-3.8879,-4.231,-4.736,-5.1726,-5.373,-4.9372,-3.8829,-2.9167,-1.6836,-0.66586,-0.085366,0.39997,0.60882,0.60523,0.40599,0.065292,-0.37108,-0.70647,-1.0443,-1.2055,-1.1845,-0.9056,-0.43392,0.15878,0.62758,1.2182,1.7078,1.9871,2.1954,2.2334,2.0952,1.7264,1.1376,0.30987,-0.42773,-1.5302,-2.6667,-3.4037,-4.2457,-4.8733,-5.2503,-5.7883,-6.4677,-7.4275,-8.3331,-9.6308,-10.753,-11.22,-11.126,-10.645,-10.167,-10.173,-10.157,-10.639,-10.999,-11.166,-10.263,-9.0594,-6.746,-4.5049,-2.5546,-1.2022,0.24537,1.42,2.1429,2.8587,3.3342,3.5431,3.6364,3.5335,3.274,2.9533,2.4091,1.7309,1.1288,0.24074,-0.73728,-1.6652,-2.3069,-2.9068,-3.1329,-3.0589,-2.7333,-2.2948,-2.03,-1.8099,-1.794,-2.0884,-2.4128,-3.1112,-3.7427,-3.8118,-3.4129,-2.3252,-1.2525,0.074843,1.2088,2.0397,2.4951,2.9754,3.2896,3.4741,3.7244,3.9497,4.1528,4.2811,4.3698,4.322,4.2055,3.9132,3.4784,3.0807,2.4847,1.8353,1.1699,0.67501,0.059587,-0.54886,-0.96687,-1.5033,-1.9997,-2.3319,-2.7297,-3.0765,-3.2935,-3.3364,-3.1822,-2.7806,-2.3596,-1.7373,-1.136,-0.61162,-0.30353,-0.041847,0.081019,0.076465,-0.001571,-0.12174,-0.17194,-0.10595,0.17024,0.67446,1.1699,1.878,2.5698,3.0186,3.5316,3.879,4.0388,4.1121,4.0096,3.7641,3.4758,2.9954,2.4229,1.9532,1.3666,0.84092,0.4104
0.31384,0.14037,-0.49216,-1.6417,-2.9543,-5.7015,-10.715,-18.575,-13.538,-6.0418,-2.0029,0.058877,2.0574,3.4305,4.1232,4.6689,4.8089,4.6795,4.1823,3.3153,2.0561,0.8521,-1.1786,-3.7937,-6.2379,-10.532,-17.291,-26.477,-20.495,-15.033,-12.144,-10.937,-9.6069,-8.5386,-7.8918,-6.9018,-5.9392,-4.9435,-4.2148,-3.3188,-2.5848,-2.1015,-1.5665,-1.1671,-0.86851,-0.49557,-0.069681,0.38773,0.71994,1.146,1.4605,1.601,1.6566,1.5503,1.3623,1.0136,0.52895,-0.0025443,-0.40124,-0.85492,-1.1667,-1.2292,-1.077,-0.68142,-0.13035,0.33007,0.90505,1.377,1.6445,1.7946,1.726,1.5026,0.94018,0.02622,-1.3132,-2.6292,-4.9314,-7.7466,-9.9087,-11.304,-10.422,-9.4768,-8.751,-8.9716,-10.127,-11.777,-15.66,-23.897,-33.159,-20.166,-16.273,-14.294,-14.137,-14.843,-16.463,-19.334,-27.118,-26.863,-18.144,-11.72,-7.4695,-4.4314,-2.6096,-0.67143,0.74471,1.5328,2.2556,2.6319,2.7226,2.6085,2.2782,1.8194,1.4319,0.89525,0.35439,-0.021537,-0.47977,-0.88063,-1.2415,-1.407,-1.5746,-1.5791,-1.4975,-1.3111,-1.0767,-0.86688,-0.59016,-0.32638,-0.057623,0.13001,0.39436,0.79954,1.105,1.6695,2.3949,2.9532,3.7174,4.4399,5.0497,5.4812,5.9071,6.2284,6.4301,6.586,6.6367,6.5887,6.472,6.1886,5.7506,5.3338,4.6132,3.7733,3.0937,2.1254,1.1912,0.32138,-0.2597,-0.96078,-1.5723,-1.9238,-2.3325,-2.5811,-2.6145,-2.4698,-2.1418,-1.6864,-1.3371,-0.83757,-0.36989,-0.059498,0.30077,0.5917,0.83202,0.98469,1.1716,1.3764,1.5555,1.8162,2.1143,2.3414,2.67,2.9966,3.309,3.537,3.8244,4.0717,4.2301,4.403,4.5484,4.6192,4.6694,4.6577,4.559,4.4313,4.191,3.8808,3.6197,3.2307,2.7966,2.2966
-0.0054868,-0.24111,-0.78454,-1.5904,-2.3882,-3.6258,-4.7689,-5.1757,-4.5034,-2.7353,-0.73716,0.61749,2.154,3.2864,3.8642,4.3365,4.4279,4.2567,3.7232,2.8358,1.5706,0.38433,-1.4782,-3.7222,-5.5864,-8.2282,-10.732,-12.289,-13.466,-13.922,-14.181,-14.145,-14.153,-14.074,-13.616,-12.58,-10.829,-8.8936,-7.431,-5.603,-4.0378,-3.0116,-1.8793,-0.96488,-0.38385,0.19238,0.61408,0.89022,1.0073,1.0302,0.89706,0.69996,0.33865,-0.14957,-0.60317,-1.3166,-2.1959,-3.255,-4.1675,-5.5493,-6.7968,-7.2776,-7.0042,-5.7982,-4.3435,-3.3571,-2.2667,-1.4696,-1.0698,-0.73551,-0.70034,-0.80901,-1.231,-2.0232,-3.2507,-4.5813,-7.0406,-10.748,-14.119,-16.19,-13.03,-10.924,-9.3828,-8.9662,-9.3882,-10.214,-11.701,-13.294,-14.088,-14.236,-14.171,-14.458,-14.743,-16.246,-18.104,-19.008,-19.409,-17.52,-15.391,-11.844,-8.3822,-5.6098,-3.9386,-2.0789,-0.79649,-0.16361,0.29052,0.29299,0.010891,-0.70005,-1.7062,-2.9221,-3.7518,-4.5989,-5.0194,-5.1069,-5.1528,-5.1337,-5.1677,-5.1389,-4.9729,-4.7002,-4.4317,-4.0478,-3.6841,-3.3774,-2.9441,-2.431,-1.7304,-1.1799,-0.27677,0.59601,1.2135,2.0871,2.8785,3.415,4.0823,4.6514,5.1819,5.4975,5.8484,6.1324,6.2722,6.3596,6.3381,6.1623,5.9027,5.3738,4.6207,3.8583,2.6077,1.0874,-0.23947,-2.102,-3.8531,-5.1395,-5.7021,-6.242,-6.7203,-7.2528,-8.0501,-8.5537,-8.3876,-7.2587,-5.6068,-4.0315,-3.0228,-2.0018,-1.3065,-0.99756,-0.82062,-0.88907,-1.1408,-1.3629,-1.5094,-1.3643,-1.0048,-0.30266,0.50573,1.072,1.6932,2.1352,2.3747,2.417,2.3313,2.132,1.9765,1.7942,1.7578,1.824,1.9841,2.1606,2.2454,2.244,2.1337,1.9534,1.8062,1.5897,1.3809,1.13
-1.197,-1.3578,-1.6143,-1.9299,-2.1566,-2.3467,-2.2782,-2.0214,-1.3625,-0.41475,0.68993,1.5115,2.5002,3.2895,3.7161,4.0211,4.0239,3.8027,3.2211,2.3095,1.0876,-0.035636,-1.8107,-3.8389,-5.5153,-7.8547,-10.268,-12.054,-14.345,-16.387,-18.363,-19.481,-21.595,-24.858,-27.892,-26.26,-19.276,-14.328,-11.566,-8.5568,-6.1255,-4.7002,-3.1146,-1.8858,-1.2029,-0.53853,-0.17202,-0.085728,-0.18904,-0.5779,-1.1868,-1.7587,-2.6517,-3.5832,-4.2377,-5.1367,-6.0581,-7.3095,-8.6725,-11.495,-16.831,-26.917,-20.187,-12.596,-8.9227,-7.2193,-5.7409,-4.8809,-4.5042,-4.1624,-3.9212,-3.7926,-3.6602,-3.647,-3.8344,-4.1463,-4.7264,-5.3893,-5.8501,-6.1667,-6.0836,-5.8971,-5.7486,-5.7216,-5.9983,-6.3703,-7.0304,-7.7897,-8.4101,-9.2909,-10.208,-11.663,-13.181,-15.607,-19.948,-26.95,-29.875,-18.742,-14.615,-10.723,-7.6284,-5.2439,-3.8915,-2.4674,-1.5144,-1.1365,-1.0886,-1.5806,-2.3484,-3.997,-6.532,-10.285,-14.126,-17.569,-14.764,-12.884,-11.702,-11.693,-12.087,-12.402,-11.915,-10.797,-9.9383,-9.0881,-8.6573,-8.6274,-8.5953,-8.0921,-6.8573,-5.49,-3.6656,-2.0202,-0.82963,0.36952,1.317,1.9195,2.5333,3.0103,3.3814,3.5909,3.8938,4.1628,4.3219,4.5138,4.5924,4.492,4.272,3.7419,2.8688,1.9302,0.28067,-2.0216,-4.356,-8.6604,-15.485,-20.626,-16.045,-12.583,-11.684,-12.351,-15.11,-23.105,-28.933,-14.697,-9.3864,-6.2537,-4.6647,-3.3018,-2.5647,-2.3768,-2.6359,-3.5033,-5.0726,-6.7725,-9.4584,-10.252,-8.391,-5.2421,-2.821,-1.495,-0.31237,0.29837,0.39425,0.12866,-0.68587,-1.9778,-3.1767,-4.5738,-4.9262,-4.3026,-3.0676,-2.0772,-1.5537,-1.5016,-1.7953,-2.3329,-2.7042,-2.8058,-2.3566,-1.6126
-3.1331,-3.1527,-3.3668,-3.7495,-4.0407,-4.2222,-3.9226,-3.2592,-1.9937,-0.52486,0.91998,1.893,2.9625,3.7626,4.1799,4.4371,4.3842,4.14,3.5234,2.5807,1.3191,0.16799,-1.6613,-3.7989,-5.6181,-8.3599,-11.519,-14.21,-18.327,-23.017,-26.062,-26.496,-25.572,-24.651,-23.774,-21.856,-18.167,-14.518,-11.92,-9.0597,-6.5882,-5.0422,-3.3793,-2.1006,-1.408,-0.77468,-0.51863,-0.65387,-1.0343,-1.9056,-3.2555,-4.5844,-6.783,-9.1068,-10.258,-10.367,-9.5974,-9.0176,-8.9364,-9.2737,-9.7945,-9.9898,-9.6132,-8.6484,-7.6879,-7.1784,-6.992,-7.3397,-7.8671,-8.6978,-8.7754,-8.1618,-6.6783,-5.1365,-3.9219,-3.2216,-2.5852,-2.1533,-1.9731,-1.7916,-1.6752,-1.66,-1.6862,-1.8411,-2.1435,-2.4462,-2.9916,-3.6376,-4.1939,-5.0444,-6.0427,-7.0511,-7.9218,-9.2167,-10.266,-10.642,-10.503,-9.2423,-7.8717,-6.0669,-4.3324,-2.813,-1.886,-0.97399,-0.39031,-0.20917,-0.34109,-0.92478,-1.703,-3.2273,-5.4564,-8.3522,-10.654,-12.625,-12.473,-12.07,-12.378,-14.254,-18.902,-27.373,-22.788,-15.367,-12.959,-11.5,-11.695,-13.061,-17.674,-31.125,-15.562,-10.6,-6.4671,-3.7618,-2.4177,-1.0605,-0.15548,0.25385,0.53877,0.59902,0.46392,0.43748,0.5016,0.82075,1.2671,1.9419,2.5383,2.9404,3.0615,2.9188,2.3726,1.7228,0.44986,-1.3317,-2.9529,-5.4878,-8.0019,-9.4206,-9.3907,-8.843,-8.4648,-8.3955,-8.5676,-8.5949,-8.1832,-6.9576,-5.3113,-3.8098,-2.901,-2.0064,-1.5966,-1.5866,-2.0195,-3.0147,-4.6729,-6.4909,-9.325,-10.21,-8.2356,-5.016,-2.5621,-1.2319,-0.077714,0.44793,0.3555,-0.13015,-1.4655,-3.8591,-6.7761,-13.697,-16.192,-10.015,-5.745,-3.7057,-3.0257,-3.2722,-4.6521,-7.6932,-11.88,-16.879,-9.0879,-4.368
-5.5584,-5.2027,-5.526,-6.8215,-8.6154,-12.472,-14.356,-10.202,-5.2743,-1.8609,0.58743,1.9868,3.3608,4.2976,4.7507,5.0201,4.9355,4.6615,4.0101,3.0293,1.7184,0.5275,-1.3469,-3.5586,-5.4721,-8.3277,-11.628,-14.4,-18.749,-23.408,-26.77,-26.502,-23.723,-21.097,-19.55,-17.298,-14.861,-12.383,-10.532,-8.1997,-6.0718,-4.6221,-3.0541,-1.8103,-1.1248,-0.52002,-0.30031,-0.50682,-0.96315,-2.0058,-3.6852,-5.4989,-8.988,-14.737,-19.926,-15.22,-10.626,-8.0337,-6.8454,-5.8536,-5.242,-4.9832,-4.7295,-4.6164,-4.7635,-5.1252,-6.0959,-7.8808,-10.091,-15.728,-27.56,-16.05,-9.3034,-5.669,-3.3294,-2.064,-0.84137,0.023638,0.48566,0.91536,1.1513,1.2143,1.1987,1.0054,0.67512,0.35367,-0.18609,-0.83597,-1.3506,-2.1087,-2.8819,-3.483,-3.8172,-4.3061,-4.4994,-4.3681,-4.0845,-3.4731,-2.8466,-2.0116,-1.1083,-0.21735,0.36376,0.94199,1.3219,1.4646,1.4254,1.112,0.69362,-0.054735,-1.0059,-2.045,-2.831,-3.7501,-4.5588,-5.1104,-5.9338,-6.8568,-7.833,-8.3464,-8.33,-7.8032,-7.3478,-6.9808,-7.1303,-7.516,-8.1091,-8.0911,-7.1039,-5.9489,-4.2427,-2.8307,-2.1872,-1.4718,-1.1526,-1.2159,-1.666,-2.637,-4.3283,-5.8637,-7.7576,-6.9584,-4.7249,-1.9491,0.14122,1.5634,2.2494,2.6895,2.6859,2.4584,1.8261,0.92687,0.15252,-0.91357,-1.9089,-2.6395,-2.9876,-3.2398,-3.3071,-3.2039,-3.0064,-2.6819,-2.3381,-1.7635,-1.1316,-0.53578,-0.16449,0.23859,0.40967,0.39058,0.19681,-0.16819,-0.64322,-0.9885,-1.2621,-1.1456,-0.77905,-0.013746,0.85709,1.4666,2.1012,2.4483,2.4662,2.2588,1.6817,0.79927,0.069106,-0.73019,-1.0049,-0.80194,-0.28554,0.12285,0.15442,-0.15243,-1.0301,-2.2894,-3.2123,-3.4921,-2.2453,-0.37448
-5.8132,-5.1738,-5.0372,-5.6186,-6.4206,-7.6426,-7.5264,-6.0231,-3.2904,-0.79427,1.2056,2.3926,3.5619,4.3316,4.6723,4.846,4.6782,4.3432,3.6136,2.5898,1.2574,0.03752,-1.8741,-4.0776,-5.9412,-8.6752,-11.627,-13.838,-16.702,-19.007,-20.554,-20.905,-20.749,-20.269,-19.459,-17.853,-15.75,-13.156,-11.182,-8.7075,-6.4822,-5.0424,-3.387,-2.1118,-1.3694,-0.72382,-0.42808,-0.46426,-0.71391,-1.3388,-2.2459,-3.0999,-4.3164,-5.3456,-5.7372,-5.7293,-5.1509,-4.3596,-3.7867,-3.1467,-2.681,-2.4519,-2.2796,-2.2902,-2.4977,-2.8245,-3.4668,-4.3234,-5.066,-5.8413,-6.0194,-5.5965,-4.4051,-3.0007,-1.6824,-0.84031,0.11646,0.83595,1.3044,1.7209,1.9703,2.0549,2.0066,1.7747,1.3722,0.95246,0.237,-0.62762,-1.3478,-2.2816,-3.1181,-3.7653,-3.9701,-3.9721,-3.7676,-3.4529,-2.8878,-2.2739,-1.7393,-1.0495,-0.40953,0.23448,0.72323,1.2403,1.6236,1.8273,1.98,1.9655,1.8655,1.6305,1.3118,0.94687,0.64585,0.25513,-0.12464,-0.38761,-0.74955,-1.0527,-1.3061,-1.4613,-1.5527,-1.5909,-1.5807,-1.6471,-1.775,-1.9069,-2.0717,-2.1838,-2.2581,-2.1869,-2.2183,-2.2758,-2.291,-2.4104,-2.6485,-2.9405,-3.549,-4.6827,-6.4433,-8.2599,-10.974,-9.6924,-6.707,-3.2074,-0.74766,0.91834,1.7294,2.3543,2.5578,2.4486,2.024,1.3726,0.76585,-0.076585,-0.87903,-1.509,-1.8467,-2.023,-1.926,-1.7414,-1.391,-0.97726,-0.6488,-0.19963,0.18966,0.52261,0.70513,0.82424,0.87369,0.84072,0.71622,0.53997,0.37998,0.35043,0.39685,0.65645,0.96803,1.5147,2.1556,2.6326,3.2176,3.6736,3.9852,4.0987,4.1403,4.0717,3.9943,3.9,3.8558,3.8608,3.9001,3.9072,3.8346,3.7311,3.5167,3.2941,3.1716,3.1868,3.391,3.7392
-3.464,-3.0417,-2.6019,-2.3108,-2.132,-1.8071,-1.2716,-0.66911,0.27492,1.2859,2.2228,2.8254,3.4683,3.8667,3.9884,3.9323,3.6219,3.2026,2.4106,1.3447,-0.0086605,-1.2078,-3.0739,-5.2973,-7.1981,-10.14,-13.604,-16.472,-20.845,-24.392,-24.986,-24.103,-23.963,-24.938,-25.94,-26.295,-21.63,-16.582,-13.433,-10.085,-7.5073,-5.8834,-4.141,-2.8664,-2.127,-1.4776,-1.1347,-1.0603,-1.1567,-1.4507,-1.8611,-2.2056,-2.6527,-2.9746,-3.1165,-3.1234,-2.9649,-2.7024,-2.4666,-2.1486,-1.8833,-1.6998,-1.5622,-1.5266,-1.5785,-1.6692,-1.8616,-2.1033,-2.2895,-2.4564,-2.4688,-2.3536,-2.1041,-1.7324,-1.2954,-0.94533,-0.46735,0.0016093,0.32464,0.71168,1.0039,1.1352,1.1288,0.93028,0.46772,-0.082721,-1.1118,-2.5106,-3.8342,-5.9361,-8.1437,-9.6886,-9.849,-8.4851,-6.9625,-6.0868,-5.0165,-4.2227,-3.7402,-3.0446,-2.3756,-1.7226,-1.225,-0.55212,0.025434,0.36186,0.69416,0.91279,1.0164,1.0689,1.0895,1.0987,1.1381,1.196,1.2902,1.3564,1.4566,1.5319,1.6137,1.672,1.6911,1.6773,1.6147,1.4575,1.2139,0.95588,0.49491,-0.1193,-0.85404,-1.5378,-2.6502,-3.9507,-4.803,-5.9029,-6.3841,-6.2182,-5.6936,-5.126,-4.6045,-4.2828,-3.7028,-2.8286,-1.9431,-0.72165,0.41338,1.3011,1.7596,2.0837,2.038,1.7443,1.0729,0.058699,-0.90052,-2.4266,-4.0084,-5.3068,-5.769,-5.5504,-4.7141,-4.0017,-3.0438,-2.2274,-1.7331,-1.2291,-0.8658,-0.63945,-0.55049,-0.57816,-0.72848,-0.91953,-1.2825,-1.7188,-2.1251,-2.3398,-2.3427,-1.9525,-1.3965,-0.42955,0.64749,1.4221,2.3598,3.1501,3.7712,4.1331,4.4928,4.7626,4.9079,5.0629,5.2012,5.2894,5.3868,5.458,5.4897,5.4814,5.4337,5.3323,5.2442,5.0926,4.916,4.7114
-1.491,-1.1885,-0.79919,-0.41826,-0.13592,0.29058,0.74825,1.1183,1.6445,2.1603,2.6203,2.8965,3.165,3.2709,3.2296,2.9769,2.516,2.0292,1.1946,0.13025,-1.1596,-2.2727,-3.9345,-5.8923,-7.5623,-10.156,-13.324,-16.192,-21.061,-25.277,-24.426,-22.795,-21.676,-21.571,-21.921,-21.613,-18.528,-14.496,-11.92,-9.0242,-6.7896,-5.4319,-4.0248,-2.9782,-2.4464,-1.9847,-1.8095,-1.8981,-2.0991,-2.4873,-2.966,-3.3007,-3.6382,-3.8172,-3.8548,-3.7047,-3.4522,-3.1477,-2.9186,-2.6256,-2.3655,-2.2055,-2.0269,-1.886,-1.7947,-1.7429,-1.7212,-1.7555,-1.7942,-1.9261,-2.0925,-2.2267,-2.4478,-2.6841,-2.8782,-2.9344,-2.854,-2.4879,-2.1253,-1.4692,-0.83493,-0.45257,-0.10508,-0.037776,-0.31452,-0.7676,-1.7608,-3.3176,-4.9765,-8.109,-13.078,-20.205,-17.837,-12.234,-9.2962,-8.0974,-7.3533,-7.177,-7.2942,-7.2976,-6.6978,-5.6083,-4.7021,-3.4664,-2.4694,-1.9334,-1.4863,-1.2626,-1.2014,-1.1497,-1.0323,-0.75476,-0.42296,0.14143,0.77701,1.2569,1.8736,2.4087,2.852,3.1246,3.3825,3.52,3.5241,3.4174,3.1354,2.8009,2.1552,1.2458,0.021357,-1.2298,-3.3198,-6.2596,-9.4813,-16.901,-19.927,-13.361,-8.5801,-5.7186,-3.8653,-2.8126,-1.5754,-0.49794,0.19794,1.0259,1.7143,2.1879,2.396,2.412,2.0909,1.625,0.6337,-0.85499,-2.3881,-5.1708,-9.4084,-17.295,-25.038,-13.862,-9.1366,-7.0362,-5.2469,-4.1143,-3.5448,-3.0696,-2.8083,-2.7342,-2.7709,-2.8968,-3.247,-3.6593,-4.4409,-5.5933,-7.2398,-8.8349,-10.501,-9.701,-7.5632,-4.5803,-2.1456,-0.67587,0.85248,2.0021,2.8246,3.288,3.7335,4.0552,4.2507,4.4987,4.7548,4.9614,5.2359,5.4918,5.6932,5.7812,5.814,5.7335,5.5939,5.2774,4.823,4.2117
-0.46912,-0.28558,-0.02252,0.28959,0.5587,0.92813,1.3184,1.5893,1.9615,2.3116,2.6176,2.7919,2.9016,2.8744,2.7505,2.4119,1.8459,1.2921,0.36018,-0.75464,-1.9773,-2.9481,-4.2696,-5.5424,-6.4759,-7.7513,-9.0484,-10.017,-11.183,-12.027,-12.345,-12.297,-11.979,-11.512,-11.073,-10.171,-8.9881,-7.6252,-6.5466,-5.1916,-3.9686,-3.2458,-2.4619,-1.905,-1.6947,-1.621,-1.847,-2.3761,-2.9754,-4.0345,-5.2971,-6.2303,-7.1445,-7.3287,-6.9362,-6.1271,-5.2681,-4.567,-4.1804,-3.8396,-3.6135,-3.5112,-3.3256,-3.0791,-2.784,-2.566,-2.2976,-2.1091,-2.0556,-2.1381,-2.4561,-2.8869,-3.6768,-4.8125,-6.2776,-7.4734,-8.5164,-7.9437,-6.5492,-4.4918,-2.682,-1.6105,-0.53921,0.092648,0.34848,0.29586,-0.090875,-0.82723,-1.5959,-2.8052,-4.0084,-4.9279,-5.3416,-5.4338,-5.4834,-5.7057,-6.7073,-8.7191,-11.269,-17.982,-18.673,-10.938,-7.767,-5.1742,-3.7171,-3.1426,-2.9758,-3.4157,-4.0627,-5.0671,-5.6957,-5.2043,-4.1752,-2.4136,-0.71672,0.42626,1.7237,2.818,3.6961,4.2259,4.8006,5.1839,5.3586,5.4126,5.2503,4.9778,4.406,3.5728,2.4134,1.3327,-0.39143,-2.412,-4.1172,-6.0505,-6.6952,-6.0811,-4.6497,-3.1513,-1.7549,-0.77532,0.32823,1.305,1.9442,2.7026,3.2862,3.6806,3.8242,3.7842,3.4722,3.0457,2.1629,0.90743,-0.30008,-2.2321,-4.3897,-6.3515,-7.1432,-6.9871,-6.154,-5.5378,-4.9327,-4.6215,-4.5562,-4.621,-4.8212,-5.0527,-5.2249,-5.3919,-5.5456,-5.7354,-6.223,-7.1832,-8.9101,-10.891,-13.964,-12.595,-9.0735,-5.1183,-2.3045,-0.71274,0.83196,1.8479,2.4455,2.6598,2.7254,2.6289,2.5758,2.6561,3.0057,3.4418,4.1477,4.8387,5.4044,5.7107,5.9221,5.9137,5.7465,5.3359,4.6909,3.7995
-0.54291,-0.52182,-0.31613,0.016613,0.30424,0.67071,1.0391,1.3215,1.6805,2.0484,2.402,2.643,2.8639,2.9249,2.8268,2.5022,1.8926,1.2181,0.029487,-1.4725,-3.191,-4.4399,-5.7347,-6.2006,-6.0877,-5.6298,-5.16,-4.8907,-4.5832,-4.3598,-4.0893,-3.8797,-3.5674,-3.2438,-2.9574,-2.5196,-2.0478,-1.556,-1.2142,-0.78603,-0.41238,-0.16992,0.056431,0.13571,0.1214,-0.1222,-0.64512,-1.5209,-2.5151,-4.4405,-7.3836,-10.824,-19.538,-18.103,-12.236,-8.2616,-6.1822,-5.1341,-4.8242,-4.9107,-5.376,-5.7498,-6.0029,-5.646,-4.7434,-3.9506,-2.9782,-2.2543,-1.9382,-1.7605,-1.9431,-2.3499,-3.3234,-4.9286,-7.5072,-10.605,-17.304,-14.451,-9.3362,-4.9963,-2.1522,-0.58405,0.92958,1.9946,2.6974,3.0168,3.2047,3.1767,3.0537,2.745,2.3587,1.9887,1.7314,1.2687,0.67968,0.080749,-0.93629,-2.3399,-3.5914,-4.9299,-4.9825,-3.7528,-2.6049,-1.4437,-0.84484,-0.81427,-1.3912,-2.8242,-4.6291,-8.8377,-19.215,-15.154,-8.5534,-3.9403,-1.0679,0.53208,2.2681,3.6974,4.9171,5.7082,6.6053,7.308,7.6983,8.0068,8.0857,7.9823,7.63,7.0356,6.2124,5.4808,4.345,3.1242,2.18,1.1376,0.38321,0.069304,-0.043782,0.20027,0.77353,1.3122,2.1683,3.0881,3.7998,4.6451,5.3477,5.88,6.1302,6.2708,6.1667,5.9114,5.357,4.5632,3.8539,2.7539,1.5909,0.48796,-0.24754,-1.1087,-1.8684,-2.434,-3.2156,-4.1319,-4.9404,-6.1525,-7.4741,-8.6118,-9.0817,-9.0295,-8.0325,-7.0734,-5.9321,-5.0551,-4.387,-3.9254,-3.2169,-2.1716,-1.1611,0.29686,1.6574,2.4982,3.3149,3.6959,3.6185,3.2065,2.1409,0.44231,-1.1551,-2.7192,-1.7174,0.16336,2.6018,4.4554,5.7316,6.3611,6.8122,6.8652,6.6715,6.1363,5.3011,4.2109
-3.7312,-3.654,-2.7308,-1.7087,-1.1518,-0.6892,-0.50895,-0.38263,-0.12304,0.39631,1.1424,1.7576,2.5302,3.0567,3.2396,3.1612,2.7009,2.0359,0.67843,-1.396,-4.6624,-8.5825,-19.497,-13.27,-7.8326,-3.8904,-1.5098,-0.25207,0.95763,1.8414,2.4606,2.8093,3.1468,3.3744,3.4814,3.4977,3.4111,3.2237,3.0211,2.6978,2.3405,2.1385,1.9424,1.8407,1.8265,1.7538,1.536,1.0407,0.44481,-0.68418,-2.2226,-3.5689,-4.9642,-5.1657,-4.5066,-3.459,-2.761,-2.6774,-3.1146,-4.4694,-7.0913,-10.352,-17.933,-13.975,-7.9645,-5.2974,-3.0135,-1.6234,-0.96522,-0.49265,-0.33981,-0.38431,-0.71864,-1.2588,-1.9295,-2.3546,-2.5323,-2.0387,-1.1617,0.25041,1.6844,2.6879,3.8517,4.8395,5.6305,6.1095,6.6203,6.9934,7.1963,7.3772,7.4547,7.4417,7.397,7.2429,6.9851,6.7065,6.2882,5.8272,5.4958,5.1462,4.9685,4.9672,5.0223,5.0133,4.8314,4.5037,3.7777,2.716,1.7423,0.31708,-0.75916,-0.98387,-0.64257,0.1858,1.1172,1.8682,3.0046,4.3541,5.8637,6.9948,8.3504,9.494,10.163,10.815,11.179,11.268,11.139,10.74,10.103,9.4726,8.427,7.1948,6.1787,4.7402,3.2576,2.1369,0.90206,0.24861,0.35429,0.94753,2.2737,3.7718,4.8591,6.1788,7.306,8.1808,8.6728,9.0928,9.2301,9.1526,8.8364,8.2948,7.7488,6.8754,5.8416,4.7051,3.7907,2.4596,1.0295,-0.12411,-1.8125,-3.7015,-5.291,-7.8159,-10.993,-16.123,-24.142,-19.891,-11.637,-8.0443,-4.6774,-2.1747,-0.22189,0.98021,2.3968,3.6569,4.5114,5.5263,6.3712,6.8408,7.2162,7.2472,6.8339,6.1842,4.7074,2.3131,-0.2878,-3.9427,-1.9835,1.2129,4.4399,6.58,7.9177,8.5109,8.8628,8.7502,8.396,7.5465,6.2993,4.6757
-22.056,-13.341,-7.2034,-4.7202,-3.9996,-4.1592,-5.5242,-7.3384,-9.4843,-7.987,-4.5905,-2.4978,-0.43263,0.9401,1.622,2.0811,2.1073,1.884,1.2145,0.16173,-1.1973,-2.2356,-3.0632,-2.5724,-1.4894,0.291,1.9479,3.004,4.1569,5.0456,5.6855,6.0295,6.2968,6.3612,6.2534,5.9019,5.2842,4.3671,3.48,2.0229,0.36778,-0.82729,-1.7238,-1.3888,-0.70185,0.38329,1.2288,1.7147,1.8861,1.8605,1.6536,1.457,1.1971,1.0353,0.984,0.87787,0.66418,0.15756,-0.47163,-1.7088,-3.3752,-4.7448,-6.1342,-6.0282,-4.736,-3.7236,-2.6635,-1.9591,-1.6145,-1.3759,-1.2283,-1.1308,-0.93934,-0.72452,-0.48407,-0.25923,0.11649,0.59471,1.0634,1.7297,2.4639,3.0136,3.7752,4.5283,5.2817,5.8416,6.5703,7.2508,7.7105,8.2807,8.766,9.1263,9.3058,9.5066,9.6141,9.6504,9.5983,9.5044,9.4262,9.2854,9.1204,8.9323,8.7555,8.4856,8.1138,7.7578,7.1621,6.4349,5.8036,4.9271,4.0037,3.0048,2.1826,0.80146,-1.0068,-2.4885,-3.1168,-0.55255,2.8776,5.1003,7.4628,9.2274,10.232,11.215,11.811,12.035,12.056,11.771,11.185,10.541,9.4189,7.9566,6.6728,4.5163,1.7669,-0.85472,-5.4972,-12.021,-11.265,-6.5575,-2.322,0.78439,2.6878,4.851,6.5889,7.922,8.6796,9.3625,9.7017,9.7531,9.5458,9.0575,8.508,7.5845,6.4537,5.1172,4.0003,2.3568,0.48997,-1.0376,-3.3839,-6.065,-8.2658,-11.125,-13.162,-13.742,-13.195,-11.349,-8.3442,-5.9247,-3.0028,-0.49552,1.5943,2.9215,4.476,5.7878,6.6192,7.5543,8.2907,8.7065,9.0582,9.1813,9.0495,8.801,8.2884,7.6618,7.2556,6.9768,7.1783,7.5977,8.3167,8.9806,9.4201,9.5601,9.4509,8.9951,8.4039,7.2549,5.6253,3.3716
-3.385,-3.6992,-3.7016,-3.755,-4.0837,-5.1617,-7.1023,-9.1535,-11.592,-10.492,-7.4746,-5.5728,-3.6832,-2.3595,-1.6362,-0.93914,-0.50078,-0.28462,-0.13803,-0.11344,-0.10261,-0.039996,0.2155,0.69586,1.2181,2.0668,2.9891,3.6597,4.5097,5.2176,5.7771,6.0679,6.2685,6.2153,5.9919,5.441,4.5248,3.1439,1.7323,-0.89958,-4.8781,-9.9245,-28.677,-10.552,-6.2592,-3.0268,-1.1392,0.057931,0.65109,1.1669,1.4853,1.6499,1.7645,1.8071,1.7646,1.6589,1.4256,1.0516,0.66952,0.037958,-0.69633,-1.2539,-1.9183,-2.4787,-2.9746,-3.3486,-3.9913,-4.8328,-5.5738,-6.4348,-6.8617,-6.7296,-5.9271,-4.8904,-3.8967,-3.2927,-2.6553,-2.1551,-1.9318,-1.6347,-1.3797,-1.1826,-0.83098,-0.32077,0.42669,1.1513,2.2328,3.3714,4.2071,5.231,6.1354,6.9068,7.3823,7.8981,8.292,8.521,8.7284,8.8382,8.8616,8.8369,8.7443,8.5729,8.3951,8.1014,7.7302,7.4074,6.9117,6.3312,5.8329,5.0866,4.1982,3.0939,2.0645,0.25642,-2.3144,-4.75,-6.5261,-3.1139,0.90115,3.2652,5.6806,7.4609,8.4719,9.448,10.063,10.308,10.371,10.144,9.6189,9.0192,7.9609,6.5361,5.2221,3.0302,0.30693,-2.1154,-5.7223,-8.9276,-10.248,-9.7082,-7.1129,-3.7034,-1.2116,1.6143,3.861,5.5558,6.4845,7.3247,7.7454,7.8031,7.5529,6.9461,6.2893,5.1373,3.7344,2.1174,0.77477,-1.0759,-3.0401,-4.6145,-7.0262,-10.102,-13.179,-19.986,-31.725,-17.992,-13.699,-9.768,-6.8581,-4.9779,-2.7075,-0.72545,0.98776,2.1569,3.4964,4.6648,5.4341,6.3191,7.0401,7.483,7.9358,8.2277,8.3921,8.4285,8.4144,8.3627,8.3215,8.3217,8.3757,8.4437,8.5298,8.5455,8.4397,8.2451,7.7885,7.0971,6.4123,5.2955,3.942,2.3819
0.94881,0.56425,0.0031128,-0.62764,-1.196,-2.0713,-3.0356,-3.7405,-4.5053,-4.939,-5.0628,-5.0301,-4.9614,-4.82,-4.6628,-4.2266,-3.5924,-3.0857,-2.3732,-1.7133,-1.124,-0.71078,-0.15351,0.46841,1.002,1.7692,2.6039,3.2604,4.0996,4.8727,5.5108,5.865,6.1573,6.201,6.0627,5.6149,4.8543,3.758,2.7127,1.045,-0.80956,-2.1191,-3.2404,-3.3122,-2.889,-2.1323,-1.3925,-0.76463,-0.37248,0.093869,0.49834,0.7525,1.0692,1.3173,1.4507,1.5582,1.547,1.427,1.256,0.9234,0.46952,0.035003,-0.63106,-1.4415,-2.4919,-3.4646,-5.1479,-7.548,-10.149,-15.652,-25.85,-18.919,-12.556,-9.315,-7.4534,-6.5987,-5.948,-5.7357,-5.8323,-6.2009,-6.8597,-7.4563,-8.3098,-8.6411,-7.7566,-6.3239,-3.9917,-1.7398,-0.24694,1.4449,2.8243,3.9786,4.7272,5.5018,6.1139,6.462,6.8444,7.0864,7.1757,7.2081,7.1423,6.9895,6.8329,6.5417,6.2053,5.924,5.5304,5.1232,4.8182,4.3752,3.9062,3.4124,3.0031,2.4681,2.0377,1.8893,2.0976,2.8423,3.949,4.8578,6.0355,7.0603,7.6886,8.3177,8.7304,8.8965,8.9293,8.752,8.363,7.9248,7.1221,6.0687,5.0394,3.4096,1.4236,-0.32021,-3.0992,-6.6982,-12.486,-22.531,-13.166,-5.7767,-2.4213,0.84432,3.17,4.8227,5.6969,6.4311,6.714,6.6341,6.1753,5.3074,4.3901,2.8068,0.81859,-1.5096,-3.3854,-5.7528,-7.4967,-8.3944,-9.1712,-9.8976,-10.488,-11.078,-10.984,-9.8939,-8.6162,-6.8343,-5.0436,-3.7946,-2.2805,-0.94905,0.24061,1.0584,2.0628,2.9812,3.6394,4.4535,5.1758,5.6521,6.1886,6.5965,6.8929,7.0493,7.1971,7.3106,7.377,7.4636,7.5337,7.5652,7.5424,7.4067,7.1129,6.7598,6.1052,5.2184,4.4246,3.2499,2.0695,1.042
