2.2235,2.4387,2.6626,2.809,2.8667,2.8807,2.8238,2.7324,2.5511,2.3006,1.9829,1.7029,1.2791,0.79253,0.39203,-0.18353,-0.80796,-1.313,-2.0213,-2.7686,-3.5565,-4.1697,-5.0174,-5.8987,-6.5889,-7.5325,-8.5086,-9.2572,-10.282,-11.332,-12.393,-13.211,-14.314,-15.42,-16.239,-17.276,-18.17,-18.804,-18.963,-18.813,-18.339,-17.792,-17.034,-16.267,-15.71,-15.032,-14.436,-13.934,-13.608,-13.22,-12.91,-12.691,-12.383,-12.063,-11.803,-11.421,-10.993,-10.54,-10.195,-9.7379,-9.3063,-9.0062,-8.6483,-8.3462,-8.0943,-7.9414,-7.8077,-7.7651,-7.771,-7.8386,-7.9717,-8.1014,-8.3355,-8.5744,-8.8564,-9.0634,-9.3148,-9.5315,-9.662,-9.7817,-9.8553,-9.8734,-9.8618,-9.8369,-9.7668,-9.7241,-9.6601,-9.5888,-9.5286,-9.4335,-9.3242,-9.2062,-9.1255,-8.9979,-8.821,-8.6725,-8.4465,-8.1983,-8.0008,-7.7398,-7.4785,-7.2004,-7.025,-6.8059,-6.6238,-6.5099,-6.4127,-6.3614,-6.3468,-6.3672,-6.4296,-6.5315,-6.6295,-6.7953,-6.9878,-7.1751,-7.4447,-7.7552,-8.119,-8.4186,-8.8621,-9.3399,-9.7238,-10.256,-10.801,-11.22,-11.729,-12.162,-12.46,-12.557,-12.508,-12.223,-11.895,-11.345,-10.679,-10.144,-9.4253,-8.7205,-8.0521,-7.586,-6.9987,-6.4694,-6.0858,-5.613,-5.1858,-4.8091,-4.5471,-4.2342,-3.9667,-3.7857,-3.5903,-3.4309,-3.3456,-3.2675,-3.2368,-3.2425,-3.2791,-3.3699,-3.5181,-3.6625,-3.9043,-4.209,-4.4776,-4.8906,-5.3804,-5.9384,-6.4258,-7.1348,-7.9424,-8.5925,-9.5099,-10.517,-11.553,-12.327,-13.321,-14.22,-14.766,-15.294,-15.611,-15.699,-15.643,-15.461,-15.163,-14.892,-14.477,-14.037,-13.677,-13.153,-12.565,-12.116,-11.482,-10.84,-10.205,-9.7459,-9.1458,-8.5858,-8.1872,-7.6842,-7.2367,-6.8335
3.8364,4.0452,4.2153,4.2586,4.2085,4.0332,3.7318,3.4219,2.8953,2.2406,1.454,0.7773,-0.23573,-1.374,-2.2972,-3.5991,-4.9369,-5.9179,-7.104,-8.0646,-8.7228,-9.0358,-9.2672,-9.389,-9.4592,-9.5903,-9.7953,-10.015,-10.398,-10.881,-11.472,-11.988,-12.753,-13.596,-14.25,-15.091,-15.821,-16.251,-16.309,-16.004,-15.412,-14.87,-14.155,-13.509,-13.11,-12.708,-12.493,-12.489,-12.637,-13.083,-13.851,-14.686,-16.257,-18.528,-20.812,-23.951,-22.966,-19.023,-16.443,-13.715,-11.62,-10.346,-8.9413,-7.8144,-6.8966,-6.3185,-5.6763,-5.1473,-4.8156,-4.4467,-4.1506,-3.9619,-3.751,-3.5731,-3.423,-3.3191,-3.194,-3.0727,-2.9879,-2.8754,-2.7622,-2.68,-2.5726,-2.4716,-2.3738,-2.305,-2.223,-2.153,-2.1099,-2.0665,-2.0442,-2.0427,-2.0589,-2.1054,-2.1863,-2.2698,-2.4186,-2.6058,-2.7798,-3.0544,-3.3892,-3.7765,-4.1126,-4.6156,-5.1817,-5.6439,-6.306,-7.0107,-7.555,-8.2865,-8.9849,-9.643,-10.09,-10.619,-11.073,-11.362,-11.701,-11.989,-12.242,-12.416,-12.646,-12.896,-13.113,-13.479,-13.958,-14.406,-15.197,-16.217,-17.435,-18.344,-19.077,-18.574,-17.385,-15.344,-13.306,-11.92,-10.31,-8.9466,-7.7994,-7.0663,-6.241,-5.5663,-5.1465,-4.6927,-4.3488,-4.0933,-3.9535,-3.8267,-3.7552,-3.7261,-3.7108,-3.7051,-3.6977,-3.671,-3.6191,-3.5402,-3.4638,-3.3432,-3.2141,-3.1198,-3.0066,-2.9222,-2.8844,-2.8749,-2.922,-3.0293,-3.1518,-3.3713,-3.659,-3.9169,-4.3153,-4.778,-5.2954,-5.7172,-6.3368,-7.0149,-7.5747,-8.393,-9.3136,-10.088,-11.258,-12.652,-14.334,-15.841,-18.282,-21.035,-22.466,-21.533,-18.687,-16.611,-14.281,-12.351,-10.759,-9.7401,-8.5497,-7.5278,-6.8509,-6.0577,-5.3702,-4.7803
4.7302,4.8764,4.9513,4.8878,4.7468,4.4283,3.952,3.4922,2.7286,1.7839,0.64281,-0.35188,-1.8852,-3.686,-5.2372,-7.589,-10.214,-12.174,-14.043,-14.193,-13.139,-12.22,-11.157,-10.381,-9.9729,-9.6357,-9.4871,-9.4811,-9.5827,-9.7873,-10.071,-10.323,-10.687,-11.035,-11.271,-11.528,-11.696,-11.762,-11.741,-11.585,-11.312,-11.042,-10.633,-10.183,-9.8363,-9.3857,-8.9904,-8.6573,-8.4577,-8.2519,-8.1234,-8.0676,-8.0203,-7.9912,-7.963,-7.8853,-7.7622,-7.566,-7.3811,-7.1027,-6.8211,-6.6245,-6.404,-6.2345,-6.1341,-6.0958,-6.074,-6.0742,-6.0762,-6.057,-5.9986,-5.9108,-5.7461,-5.5252,-5.2732,-5.0754,-4.8148,-4.5776,-4.4155,-4.2219,-4.0604,-3.9453,-3.806,-3.6579,-3.4925,-3.348,-3.1271,-2.8742,-2.6686,-2.3887,-2.1069,-1.8519,-1.6883,-1.5179,-1.4276,-1.4133,-1.4875,-1.6691,-1.8934,-2.3169,-2.8982,-3.6556,-4.366,-5.5197,-6.9654,-8.2825,-10.456,-13.287,-16.116,-21.748,-34.228,-27.594,-22.568,-19.405,-17.969,-17.605,-17.866,-18.989,-21.199,-23.9,-29.562,-28.608,-23.812,-19.392,-16.46,-14.834,-13.162,-11.88,-10.857,-10.203,-9.4187,-8.6932,-8.1749,-7.5042,-6.8715,-6.4243,-5.8751,-5.3948,-5.0062,-4.7847,-4.5901,-4.5183,-4.5602,-4.7283,-5.0541,-5.537,-6.0135,-6.8041,-7.7889,-8.6718,-10.034,-11.568,-12.748,-14.06,-14.494,-13.765,-12.732,-11.144,-9.6136,-8.5681,-7.3337,-6.26,-5.5497,-4.7421,-4.0566,-3.4942,-3.1481,-2.7838,-2.5199,-2.3894,-2.3089,-2.3192,-2.427,-2.567,-2.8335,-3.1884,-3.5092,-4.0145,-4.6017,-5.0872,-5.7952,-6.5596,-7.3547,-7.957,-8.7347,-9.4578,-9.9407,-10.457,-10.821,-10.946,-10.921,-10.663,-10.186,-9.7194,-8.9949,-8.2216,-7.6327,-6.8891,-6.21,-5.6189
4.3024,4.4755,4.5856,4.557,4.4429,4.1632,3.74,3.3275,2.6565,1.8502,0.91864,0.14756,-0.96143,-2.1378,-3.0383,-4.2318,-5.3681,-6.1588,-7.1054,-7.9033,-8.5673,-8.9729,-9.4122,-9.7669,-9.9981,-10.29,-10.609,-10.868,-11.281,-11.785,-12.426,-13.011,-13.935,-15.024,-15.959,-17.387,-18.981,-20.412,-20.936,-20.301,-18.522,-16.974,-15.015,-13.269,-12.117,-10.76,-9.5936,-8.6149,-7.9683,-7.2391,-6.6431,-6.2651,-5.8539,-5.5435,-5.3659,-5.1978,-5.1134,-5.1087,-5.1654,-5.3268,-5.5998,-5.8986,-6.4358,-7.17,-8.1409,-9.0607,-10.613,-12.648,-14.57,-17.574,-19.608,-18.753,-15.979,-13.451,-11.558,-10.494,-9.466,-8.8178,-8.5441,-8.457,-8.6747,-9.0344,-9.7594,-10.78,-11.93,-12.652,-12.875,-11.871,-10.598,-8.7389,-7.0185,-5.5588,-4.6263,-3.6047,-2.8134,-2.3573,-1.9184,-1.6627,-1.589,-1.6432,-1.8626,-2.2423,-2.6271,-3.2701,-4.0268,-4.6766,-5.5869,-6.5091,-7.1507,-7.8996,-8.4656,-8.8421,-9.0355,-9.221,-9.403,-9.5571,-9.8072,-10.086,-10.363,-10.519,-10.586,-10.432,-10.149,-9.5942,-8.9184,-8.3711,-7.648,-6.9661,-6.3323,-5.9142,-5.4178,-4.9888,-4.7053,-4.3926,-4.1528,-4.0178,-3.9053,-3.8716,-3.9237,-4.0284,-4.2512,-4.5931,-4.935,-5.508,-6.2383,-7.1462,-7.9502,-9.2122,-10.714,-12.002,-13.959,-16.142,-17.839,-19.78,-20.644,-20.129,-19.197,-17.645,-15.97,-14.705,-13.015,-11.319,-10.132,-8.64,-7.291,-6.0941,-5.3045,-4.3816,-3.6028,-3.1181,-2.5956,-2.211,-1.9563,-1.8525,-1.8194,-1.9084,-2.0532,-2.3524,-2.7774,-3.1791,-3.8239,-4.6119,-5.5479,-6.3561,-7.6176,-9.1541,-10.529,-12.808,-15.918,-19.286,-27.571,-30.456,-20.611,-17.066,-13.97,-11.836,-10.62,-9.3665,-8.4237,-7.7342
4.1374,4.4073,4.6242,4.6766,4.6119,4.3849,4.0103,3.6266,2.986,2.1981,1.2662,0.47375,-0.71257,-2.0492,-3.1593,-4.7693,-6.553,-8.0094,-10.094,-12.234,-14.128,-15.084,-15.467,-15.103,-14.602,-13.967,-13.538,-13.36,-13.316,-13.501,-13.914,-14.385,-15.18,-16.113,-16.911,-18.06,-19.308,-20.344,-20.625,-20.079,-18.549,-17.087,-15.139,-13.298,-12.054,-10.568,-9.2653,-8.1406,-7.3973,-6.5467,-5.8292,-5.3666,-4.8509,-4.4612,-4.2296,-4.0054,-3.877,-3.8453,-3.8853,-4.0352,-4.2975,-4.5671,-5.048,-5.6764,-6.4494,-7.1316,-8.1503,-9.2656,-10.091,-10.983,-11.435,-11.398,-10.945,-10.236,-9.5008,-9.0151,-8.494,-8.1585,-8.0283,-8.0535,-8.3203,-8.6649,-9.3459,-10.256,-11.346,-12.057,-12.433,-11.684,-10.522,-8.6709,-6.8701,-5.274,-4.2334,-3.062,-2.1044,-1.5154,-0.89241,-0.43661,-0.19619,-0.0027279,0.055943,-0.0068682,-0.12927,-0.37716,-0.70966,-1.002,-1.444,-1.9144,-2.2788,-2.7586,-3.2261,-3.6532,-3.9535,-4.3188,-4.6304,-4.8238,-5.0209,-5.1536,-5.2134,-5.2122,-5.143,-5.0208,-4.8834,-4.6623,-4.4153,-4.2223,-3.9692,-3.7382,-3.5326,-3.4031,-3.29,-3.2034,-3.1808,-3.1953,-3.2672,-3.3478,-3.5048,-3.7132,-3.973,-4.2094,-4.5773,-5.0184,-5.4016,-5.9923,-6.6844,-7.5039,-8.1771,-9.2131,-10.38,-11.334,-12.73,-14.225,-15.43,-17.185,-19.201,-21.734,-24.396,-30.799,-42.87,-28.46,-21.387,-17.104,-14.649,-11.974,-9.7829,-7.9471,-6.7567,-5.4052,-4.2577,-3.524,-2.7007,-2.034,-1.5247,-1.2367,-0.967,-0.82478,-0.79741,-0.86096,-1.0483,-1.2614,-1.641,-2.134,-2.7254,-3.2304,-3.9845,-4.8095,-5.474,-6.3664,-7.2176,-7.7796,-8.371,-8.7255,-8.8414,-8.8066,-8.6461,-8.4495,-8.3107,-8.1739,-8.122,-8.1662
4.1727,4.4382,4.639,4.6691,4.5896,4.3513,3.9711,3.5931,2.9721,2.2197,1.3297,0.56228,-0.59122,-1.9116,-3.0288,-4.7022,-6.64,-8.2905,-10.774,-13.523,-15.949,-16.85,-16.378,-15.161,-14.331,-13.563,-13.229,-13.236,-13.493,-14.042,-14.927,-15.738,-17.058,-18.409,-19.24,-19.817,-19.543,-18.596,-17.698,-16.374,-15.038,-14.067,-12.77,-11.536,-10.666,-9.5974,-8.6369,-7.7948,-7.2398,-6.5874,-6.0303,-5.6879,-5.2842,-4.9602,-4.7535,-4.5307,-4.3583,-4.2369,-4.1805,-4.1453,-4.1758,-4.23,-4.361,-4.5502,-4.8101,-5.0468,-5.4008,-5.784,-6.0625,-6.4159,-6.735,-6.9372,-7.1596,-7.3111,-7.4063,-7.4554,-7.475,-7.4588,-7.4005,-7.3005,-7.1839,-7.0713,-6.9422,-6.7652,-6.5502,-6.3373,-5.9817,-5.497,-5.0685,-4.4199,-3.7212,-2.988,-2.438,-1.7338,-1.08,-0.63679,-0.12073,0.30432,0.55928,0.8093,0.94817,0.9759,0.92059,0.74441,0.44631,0.15599,-0.32768,-0.91539,-1.429,-2.1768,-2.9948,-3.853,-4.5004,-5.3222,-6.0036,-6.3793,-6.6539,-6.6566,-6.4327,-6.1599,-5.7127,-5.2328,-4.8749,-4.435,-4.0628,-3.8329,-3.6041,-3.467,-3.4293,-3.4579,-3.6047,-3.8554,-4.1171,-4.5348,-5.026,-5.4153,-5.9276,-6.4149,-6.8114,-7.0544,-7.3056,-7.5011,-7.6324,-7.8189,-8.0761,-8.4523,-8.8129,-9.4558,-10.213,-10.883,-11.915,-13.044,-13.965,-15.183,-16.353,-17.359,-17.881,-18.097,-17.747,-17.097,-15.776,-14.116,-12.802,-11.059,-9.4102,-7.884,-6.8506,-5.621,-4.5545,-3.8587,-3.0536,-2.3787,-1.8257,-1.48,-1.1074,-0.83833,-0.69733,-0.58855,-0.57598,-0.61509,-0.75011,-0.96931,-1.2616,-1.5368,-1.968,-2.4393,-2.821,-3.3556,-3.9158,-4.3392,-4.8988,-5.4461,-5.9751,-6.373,-6.9134,-7.4844,-7.9437,-8.6064,-9.3592,-10.245
4.5546,4.6177,4.5606,4.3596,4.1251,3.7194,3.2147,2.7869,2.1683,1.4916,0.77649,0.21485,-0.56625,-1.4039,-2.0569,-2.9629,-3.8935,-4.5865,-5.4783,-6.289,-6.9653,-7.3964,-7.8213,-8.1589,-8.3924,-8.7245,-9.1736,-9.6424,-10.487,-11.559,-12.949,-14.263,-16.464,-19.327,-21.664,-23.146,-21.227,-18.475,-16.71,-14.833,-13.388,-12.466,-11.449,-10.61,-10.023,-9.3616,-8.7945,-8.329,-8.0538,-7.7643,-7.5769,-7.5029,-7.4597,-7.4794,-7.5065,-7.49,-7.3854,-7.1713,-6.9393,-6.5524,-6.1334,-5.8281,-5.491,-5.231,-5.081,-5.0485,-5.0979,-5.2817,-5.5074,-5.9316,-6.5032,-7.008,-7.8152,-8.7419,-9.743,-10.511,-11.278,-11.555,-11.369,-10.668,-9.7534,-9.0173,-8.1003,-7.3027,-6.6306,-6.1946,-5.685,-5.2445,-4.9361,-4.5337,-4.1023,-3.6304,-3.2415,-2.6626,-2.0557,-1.5793,-0.94862,-0.35179,0.041886,0.49107,0.82302,1.0218,1.0673,0.99233,0.7487,0.44348,-0.13985,-0.93935,-1.697,-2.9442,-4.5116,-6.4829,-8.3048,-11.361,-15.49,-19.19,-20.008,-15.936,-12.672,-10.874,-9.0211,-7.608,-6.7552,-5.8181,-5.0899,-4.662,-4.2762,-4.0881,-4.1047,-4.2641,-4.6856,-5.3604,-6.0505,-7.222,-8.7394,-10.144,-12.353,-14.719,-16.332,-16.225,-14.722,-12.908,-11.78,-10.593,-9.7833,-9.3185,-9.1453,-9.1672,-9.4722,-9.9168,-10.779,-11.983,-13.183,-15.265,-18.27,-23.058,-29.575,-30.132,-21.696,-18.227,-14.981,-12.585,-11.123,-9.4888,-8.1669,-7.0844,-6.3985,-5.6254,-5.0068,-4.6116,-4.1635,-3.7643,-3.3912,-3.1234,-2.763,-2.4179,-2.1757,-1.8904,-1.6597,-1.5334,-1.4395,-1.4451,-1.5532,-1.6986,-1.9733,-2.3429,-2.688,-3.2225,-3.8427,-4.3614,-5.1095,-5.9107,-6.7497,-7.3958,-8.2459,-9.093,-9.7229,-10.558,-11.468,-12.491
5.7863,5.495,4.9256,4.1698,3.4866,2.4584,1.3759,0.60153,-0.28679,-0.90833,-1.2587,-1.4249,-1.5848,-1.7654,-1.9558,-2.2717,-2.6697,-2.9883,-3.4091,-3.7718,-4.0556,-4.2078,-4.3372,-4.4231,-4.4702,-4.5376,-4.6513,-4.8042,-5.147,-5.6198,-6.1786,-6.647,-7.323,-7.9634,-8.3872,-8.8189,-9.121,-9.2805,-9.3813,-9.4997,-9.6138,-9.6991,-9.7695,-9.8281,-9.8173,-9.7003,-9.4858,-9.1942,-8.9953,-8.8507,-8.9557,-9.2358,-9.9415,-11.123,-12.315,-14.36,-16.063,-15.49,-13.732,-11.19,-9.1124,-7.8821,-6.5974,-5.6777,-5.0389,-4.7244,-4.4876,-4.4644,-4.5701,-4.9053,-5.4862,-6.1182,-7.2845,-8.9231,-11.238,-13.665,-18.38,-22.645,-19.059,-14.229,-11.115,-9.4923,-7.9692,-6.9401,-6.3223,-6.0707,-6.0086,-6.1906,-6.4386,-6.8956,-7.3677,-7.6141,-7.5326,-6.8805,-5.6955,-4.6266,-3.1565,-1.7753,-0.84427,0.22045,1.0593,1.6885,2.0104,2.2502,2.2496,2.0996,1.6907,1.0446,0.38132,-0.74036,-2.1338,-3.8139,-5.2397,-7.289,-9.2848,-10.497,-11.406,-11.523,-11.106,-10.581,-9.5956,-8.3766,-7.4053,-6.1451,-5.0368,-4.3257,-3.6021,-3.1615,-3.0164,-3.1088,-3.485,-4.1837,-4.9275,-6.2359,-7.9426,-9.509,-11.821,-14.162,-15.633,-15.522,-14.174,-12.372,-11.081,-9.575,-8.3212,-7.3125,-6.7181,-6.1685,-5.8512,-5.7768,-5.8768,-6.213,-6.5982,-7.2199,-7.8946,-8.4835,-8.7257,-8.7081,-8.2429,-7.6971,-6.8859,-6.0949,-5.6114,-5.0748,-4.7348,-4.5969,-4.6549,-4.9314,-5.4061,-5.8802,-6.5804,-7.1945,-7.4362,-7.2553,-6.5895,-5.6723,-4.9367,-4.0366,-3.2945,-2.848,-2.4019,-2.1196,-1.9826,-1.9892,-2.1467,-2.4698,-2.8142,-3.4269,-4.2359,-4.9764,-6.1688,-7.5989,-9.2787,-10.652,-12.479,-13.95,-14.507,-14.431,-13.885,-13.314
7.3772,6.8081,5.7523,4.2816,2.8312,0.28725,-3.3383,-7.3432,-15.545,-12.307,-6.9887,-4.796,-3.1461,-2.3968,-2.2518,-2.5212,-3.2221,-3.9582,-5.1146,-6.1436,-6.5106,-6.1955,-5.1806,-3.9372,-3.0792,-2.1328,-1.4082,-1.0012,-0.67156,-0.53785,-0.6197,-0.77578,-1.0825,-1.5118,-1.905,-2.5212,-3.2539,-4.1165,-4.887,-6.0815,-7.6237,-9.014,-11.396,-14.516,-16.777,-17.231,-14.431,-11.732,-10.222,-8.8185,-8.0102,-7.7935,-7.932,-8.6149,-9.4591,-10.824,-11.868,-11.639,-10.597,-8.9002,-7.3857,-6.5133,-5.6281,-5.0065,-4.5652,-4.3033,-3.9987,-3.7358,-3.5561,-3.3891,-3.3234,-3.3578,-3.5626,-3.8987,-4.3177,-4.6314,-5.0024,-5.1379,-5.0778,-4.8295,-4.4715,-4.2002,-3.974,-3.9389,-4.1709,-4.5131,-5.2338,-6.2895,-7.3925,-9.3732,-12.263,-17.149,-24.533,-20.348,-12.502,-8.9364,-5.4736,-2.8521,-1.2618,0.49797,1.8856,2.9546,3.5607,4.1448,4.468,4.5501,4.4466,4.1296,3.7457,3.0566,2.1605,1.0695,0.1296,-1.2828,-2.8654,-4.2342,-6.3993,-9.2667,-13.707,-20.14,-23.646,-13.029,-9.2293,-5.8958,-3.6167,-2.3856,-1.207,-0.43436,-0.052046,0.0088547,-0.18565,-0.69921,-1.2924,-2.335,-3.6604,-4.8369,-6.6184,-8.5872,-10.577,-11.878,-12.693,-11.877,-10.458,-8.2746,-6.2703,-4.5341,-3.4374,-2.2417,-1.3134,-0.78674,-0.24143,0.12442,0.29914,0.44292,0.5146,0.51407,0.51388,0.50591,0.49309,0.47176,0.42065,0.3035,0.162,-0.14685,-0.61412,-1.2995,-1.9819,-3.1872,-4.8595,-6.5413,-9.6578,-14.814,-24.299,-19.548,-12.673,-9.0942,-7.3558,-5.7395,-4.6537,-4.0769,-3.5517,-3.1795,-2.966,-2.8604,-2.8132,-2.921,-3.1081,-3.5365,-4.1707,-4.8276,-5.9992,-7.5748,-9.7069,-11.762,-15.277,-19.016,-19.2,-16.314,-13.61,-11.765
6.2337,5.8357,5.072,4.0544,3.1262,1.7,0.16916,-0.89978,-1.9322,-2.3248,-2.2406,-2.0709,-1.9387,-2.0606,-2.3699,-3.155,-4.4571,-5.861,-8.5242,-12.119,-14.254,-12.235,-8.4614,-5.5612,-3.9204,-2.3138,-1.2267,-0.63559,-0.076296,0.22101,0.2919,0.21011,-0.056095,-0.48829,-0.91683,-1.631,-2.4969,-3.524,-4.3913,-5.7121,-7.2257,-8.521,-10.306,-11.918,-12.759,-12.876,-11.809,-10.193,-8.968,-7.6282,-6.5653,-5.9625,-5.4322,-5.1235,-5.0203,-4.9964,-5.0645,-5.1749,-5.2849,-5.5202,-5.9708,-6.4891,-7.4823,-8.8329,-10.369,-11.31,-11.377,-9.9889,-8.6041,-6.8792,-5.5344,-4.7616,-3.9975,-3.489,-3.1891,-3.0609,-2.9518,-2.9231,-2.944,-3.0368,-3.1864,-3.3727,-3.737,-4.2426,-4.9378,-5.6054,-6.692,-8.0941,-9.2879,-11.056,-12.803,-13.956,-14.047,-13.106,-11.161,-9.3796,-6.9357,-4.6308,-3.0835,-1.3042,0.179,1.377,2.0894,2.8056,3.2783,3.4923,3.6088,3.5314,3.3669,3.0065,2.5059,1.8775,1.3225,0.48925,-0.4509,-1.2251,-2.2866,-3.3266,-4.1774,-4.5858,-4.6312,-4.1009,-3.4644,-2.47,-1.4629,-0.78532,-0.043927,0.49005,0.81667,0.90142,0.80208,0.43388,0.0076721,-0.79353,-1.8553,-2.8722,-4.5326,-6.554,-8.9539,-10.81,-12.446,-11.583,-9.9068,-7.5727,-5.5328,-3.8186,-2.7424,-1.5029,-0.45882,0.215,0.9684,1.5662,1.9227,2.2738,2.4841,2.5798,2.5766,2.4632,2.2377,1.994,1.5854,1.0797,0.6418,-0.002297,-0.70832,-1.4776,-2.0949,-2.9971,-3.9796,-4.7519,-5.7853,-6.718,-7.4005,-7.7126,-7.8939,-7.9879,-8.0835,-8.4069,-8.905,-9.3255,-9.8243,-9.9258,-9.5647,-9.1203,-8.4637,-7.8598,-7.5015,-7.1906,-7.1117,-7.1669,-7.4008,-7.7709,-8.2659,-8.6658,-9.158,-9.5357,-9.668,-9.7334,-9.7084,-9.6995
3.9001,3.8175,3.5644,3.1567,2.7703,2.1861,1.5629,1.1055,0.53507,0.02349,-0.42618,-0.73556,-1.1475,-1.58,-1.9336,-2.4384,-2.9821,-3.3864,-3.8315,-4.1168,-4.1148,-3.9162,-3.4146,-2.7937,-2.2977,-1.6502,-1.1243,-0.86478,-0.6772,-0.62818,-0.74778,-0.944,-1.3507,-1.9181,-2.4553,-3.2793,-4.2356,-5.3346,-6.2248,-7.4774,-8.7807,-9.6997,-10.667,-11.2,-11.277,-10.796,-9.8784,-8.7323,-7.8035,-6.5968,-5.5275,-4.8248,-4.0542,-3.4974,-3.2193,-2.9886,-2.9735,-3.1649,-3.4472,-4.056,-4.944,-5.8586,-7.4456,-9.5711,-12.13,-13.917,-14.381,-12.439,-10.663,-8.7163,-7.2541,-6.4521,-5.6235,-5.0528,-4.6875,-4.5395,-4.4601,-4.5125,-4.625,-4.8675,-5.1905,-5.4852,-5.9745,-6.5322,-7.2409,-7.8706,-8.8987,-10.219,-11.495,-13.808,-17.089,-22.045,-24.529,-19.078,-14.042,-11.257,-8.3842,-6.1065,-4.7011,-3.141,-1.9168,-0.96929,-0.42781,0.11021,0.45319,0.61107,0.68234,0.62668,0.52328,0.32894,0.083161,-0.21288,-0.45299,-0.80597,-1.1707,-1.4526,-1.8184,-2.1675,-2.4259,-2.5481,-2.5839,-2.4679,-2.2904,-1.9235,-1.4847,-1.1177,-0.62382,-0.17194,0.18223,0.36542,0.47373,0.42795,0.2922,-0.060791,-0.56549,-1.0537,-1.8038,-2.6325,-3.4436,-3.9907,-4.5797,-4.9641,-5.1096,-5.0928,-4.8448,-4.3519,-3.8478,-3.0377,-2.0946,-1.3838,-0.46264,0.34235,0.85467,1.3716,1.6931,1.8004,1.7483,1.475,0.97817,0.45641,-0.44212,-1.561,-2.4948,-3.7917,-4.9849,-5.8276,-6.1518,-6.214,-6.1045,-6.0144,-5.9722,-6.071,-6.3708,-6.7084,-7.3655,-8.3515,-9.3727,-11.308,-14.129,-17.242,-24.693,-32.875,-21.166,-17.771,-15.246,-13.884,-13.271,-12.735,-12.231,-11.854,-11.193,-10.518,-9.9113,-9.5521,-9.1791,-8.9846,-8.9768,-9.1739,-9.5628,-10.242
2.8152,2.8644,2.7837,2.5553,2.311,1.9013,1.4347,1.0395,0.50996,-0.037296,-0.58811,-0.9923,-1.4807,-1.9371,-2.2285,-2.5362,-2.7012,-2.7257,-2.6386,-2.4291,-2.1007,-1.8081,-1.3778,-0.96397,-0.71536,-0.46052,-0.27675,-0.22198,-0.29101,-0.55259,-0.94567,-1.3507,-2.0177,-2.8026,-3.4595,-4.4358,-5.5231,-6.7461,-7.7856,-9.4316,-11.499,-13.609,-17.879,-24.856,-23.288,-16.14,-11.647,-8.5253,-6.7389,-4.8116,-3.2881,-2.3516,-1.3611,-0.60619,-0.20326,0.14351,0.27874,0.22482,0.050182,-0.34589,-0.91096,-1.4305,-2.2421,-3.121,-3.9656,-4.5148,-5.0822,-5.4548,-5.6045,-5.696,-5.6941,-5.6625,-5.5911,-5.5313,-5.5014,-5.5416,-5.7118,-6.0321,-6.3716,-6.9434,-7.5817,-8.1036,-8.6784,-9.0438,-9.1447,-9.1432,-9.0434,-8.9505,-8.8768,-8.8746,-8.878,-8.7088,-8.364,-7.6277,-6.6332,-5.8124,-4.7005,-3.683,-3.0218,-2.307,-1.7781,-1.464,-1.3368,-1.3446,-1.513,-1.7298,-2.0902,-2.4939,-2.7732,-3.0741,-3.2033,-3.191,-3.121,-2.9845,-2.8891,-2.864,-2.9312,-3.1387,-3.4651,-3.7584,-4.1864,-4.4981,-4.5423,-4.2546,-3.5918,-2.9087,-1.8883,-0.89802,-0.032784,0.51416,1.075,1.4483,1.5952,1.6156,1.4802,1.2725,0.86658,0.29863,-0.43716,-1.0835,-2.117,-3.3773,-4.5193,-6.3767,-8.57,-10.363,-10.225,-7.9005,-5.1256,-3.3168,-1.3539,0.14919,1.0128,1.8601,2.3742,2.5967,2.5524,2.2096,1.5437,0.79703,-0.57752,-2.5102,-4.4649,-8.1821,-14.618,-40.943,-17.015,-10.57,-7.4503,-6.0397,-4.8625,-4.2338,-4.0269,-4.1172,-4.5026,-5.1767,-5.8565,-6.9769,-8.2921,-9.2981,-10.508,-11.42,-12.103,-12.541,-13.288,-14.623,-16.284,-19.851,-24.386,-22.237,-16.816,-13.123,-10.6,-9.2629,-8.0152,-7.2509,-6.9187,-6.8011,-7.0181,-7.5839
3.0468,2.9702,2.7299,2.3608,2.0079,1.4595,0.83999,0.33974,-0.36469,-1.0994,-1.8447,-2.4291,-3.2677,-4.1431,-4.7586,-5.3544,-5.5148,-5.2165,-4.3149,-3.1234,-1.9095,-1.073,-0.12644,0.62361,1.0447,1.363,1.438,1.3501,1.0441,0.50352,-0.28623,-1.0255,-2.171,-3.4697,-4.4813,-5.7464,-6.7609,-7.4205,-7.7275,-7.9904,-8.2785,-8.5469,-8.7748,-8.5674,-7.9292,-6.4156,-4.5218,-2.6263,-1.3221,0.22536,1.5324,2.3406,3.2424,3.9339,4.3219,4.6871,4.8754,4.8918,4.7946,4.5246,4.1104,3.6964,3.0174,2.1927,1.2385,0.42735,-0.76821,-2.1166,-3.2013,-4.6975,-5.9767,-6.5982,-6.8489,-6.5927,-6.1518,-5.9089,-5.8734,-6.2227,-6.781,-8.0699,-10.107,-12.237,-16.065,-18.456,-14.875,-11.863,-8.9544,-6.8759,-5.6708,-4.3747,-3.3659,-2.5241,-1.9727,-1.3339,-0.78832,-0.44054,-0.090792,0.13124,0.17764,0.12711,-0.11422,-0.53572,-0.98298,-1.7338,-2.7117,-3.6215,-5.1003,-6.8805,-8.4035,-10.112,-10.256,-8.5958,-7.0488,-5.2527,-3.9659,-3.3179,-2.9115,-2.9997,-3.6591,-4.5784,-6.5978,-10.082,-14.493,-17.034,-9.8195,-6.1895,-2.8753,-0.55373,1.1425,2.1133,3.0946,3.7962,4.1542,4.4539,4.5469,4.4963,4.2808,3.9065,3.3554,2.8124,1.8986,0.72592,-0.34921,-2.0871,-4.0547,-5.5182,-5.4602,-3.6992,-1.3415,0.27207,2.0846,3.5025,4.3354,5.1615,5.6986,5.9483,5.9677,5.7812,5.3402,4.8503,3.9974,2.9256,2.0254,0.79662,-0.26122,-0.84691,-0.88183,-0.5362,0.019704,0.43585,0.87626,1.1255,1.1741,1.0854,0.79784,0.35339,-0.064039,-0.69549,-1.4214,-1.9835,-2.7404,-3.4942,-4.2587,-4.8881,-5.7848,-6.8112,-7.6221,-8.5442,-8.9587,-8.6232,-7.4657,-5.954,-4.5458,-3.6412,-2.6845,-2.0106,-1.6888,-1.4814,-1.5415,-1.8055
2.897,2.5022,1.8893,1.1643,0.52618,-0.42703,-1.4689,-2.312,-3.3622,-4.2677,-4.928,-5.37,-6.1288,-7.3685,-8.9988,-13.229,-27.453,-18.935,-9.336,-4.652,-1.6238,0.022712,1.6171,2.6796,3.2154,3.6364,3.6426,3.4026,2.8269,1.9418,0.69877,-0.47513,-2.4329,-4.9635,-7.5015,-12.366,-19.874,-15.445,-10.898,-7.121,-4.6198,-3.1252,-1.5139,-0.16437,0.77512,2.0039,3.1696,4.2544,5.0217,5.9362,6.7315,7.248,7.8186,8.2718,8.5367,8.7878,8.9353,8.9787,8.9372,8.7761,8.4624,8.1292,7.5357,6.7429,5.6949,4.72,3.0953,0.97722,-1.0993,-4.9247,-11.273,-20.001,-13.277,-7.7073,-5.0304,-3.927,-3.2118,-3.1392,-3.4719,-4.3219,-5.5292,-6.619,-7.867,-8.1633,-7.1423,-5.8309,-3.8581,-2.0452,-0.87543,0.44366,1.5685,2.4791,2.9973,3.5058,3.8189,3.8984,3.8157,3.5006,3.1058,2.3368,1.3149,0.057419,-0.97773,-2.423,-3.7934,-4.7922,-6.1466,-7.7848,-9.2862,-11.333,-11.2,-8.2987,-5.9557,-3.4257,-1.5967,-0.62443,0.1839,0.55783,0.48666,0.18355,-0.48562,-1.28,-1.7261,-1.5909,-0.61147,0.47239,1.9694,3.2998,4.4252,5.1118,5.8551,6.4021,6.704,6.9993,7.1694,7.2232,7.1836,7.0575,6.8456,6.6246,6.276,5.8915,5.6032,5.261,5.058,5.0536,5.2199,5.6662,6.3184,6.8761,7.641,8.3521,8.8141,9.3156,9.664,9.8527,9.8831,9.7922,9.5527,9.2985,8.8788,8.407,8.0448,7.5889,7.2167,6.9495,6.8195,6.7327,6.6926,6.6702,6.6047,6.4708,6.2398,5.9858,5.5517,5.0018,4.5353,3.8684,3.1869,2.7133,2.1263,1.6857,1.3611,1.1882,1.0428,0.99996,1.0096,1.1017,1.3113,1.5424,1.9556,2.4332,2.9333,3.2725,3.6707,3.9516,4.076,4.1351,4.0535,3.8357
-1.0647,-1.9122,-2.8329,-3.5914,-4.1937,-5.3283,-7.1896,-9.2804,-13.729,-19.152,-14.96,-11.358,-8.3979,-6.7225,-5.9633,-5.218,-4.4123,-3.5223,-1.9431,-0.20563,1.4086,2.45,3.5577,4.3082,4.609,4.7231,4.5058,4.1031,3.2304,2.01,0.46056,-0.86649,-2.7844,-4.6531,-5.8451,-6.9426,-7.0844,-6.0487,-4.7315,-2.6103,-0.56173,0.85113,2.4741,3.8525,4.7416,5.7765,6.6218,7.2948,7.7012,8.1293,8.4265,8.5714,8.7076,8.7989,8.8652,8.9671,9.1126,9.272,9.3905,9.5051,9.5327,9.4723,9.2527,8.8521,8.257,7.6662,6.6975,5.5377,4.5712,3.2374,2.0777,1.4411,0.97696,0.87099,0.92657,0.90918,0.73952,0.33451,-0.13806,-0.87066,-1.6851,-2.2477,-2.7196,-2.8158,-2.3485,-1.7076,-0.55472,0.7546,1.7465,2.9741,4.0107,4.83,5.3051,5.7158,5.8652,5.803,5.4527,4.7688,4.0085,2.6121,0.67136,-1.9641,-4.6312,-9.5267,-14.955,-13.417,-9.205,-6.5643,-5.2297,-3.8109,-2.5664,-1.3413,-0.41636,0.76498,1.8085,2.4808,3.2137,3.7203,4.0542,4.1976,4.2991,4.3443,4.377,4.4636,4.6149,4.7524,4.9774,5.1964,5.3812,5.4888,5.5933,5.6848,5.7568,5.8702,5.9873,6.0835,6.1938,6.267,6.2955,6.2875,6.2518,6.2075,6.1943,6.2473,6.3946,6.665,6.9493,7.4352,7.9945,8.4402,9.027,9.5687,9.9199,10.291,10.533,10.631,10.603,10.436,10.141,9.8528,9.4137,8.9666,8.6655,8.3476,8.1578,8.0897,8.1048,8.1809,8.2664,8.2978,8.2549,8.08,7.7405,7.361,6.6625,5.7371,4.8865,3.5775,2.1778,1.1845,0.22326,0.016352,0.55231,1.1772,2.09,2.9372,3.4986,4.1308,4.6638,5.002,5.3791,5.6891,5.9451,6.0966,6.2456,6.3347,6.3524,6.3088,6.1934,5.993
-12.708,-19.414,-16.519,-11.509,-9.6246,-8.4898,-8.3685,-8.6967,-9.2691,-9.3808,-8.5675,-7.4662,-5.8078,-4.2658,-3.2293,-1.972,-0.81453,-0.0073131,1.0267,2.0213,2.9051,3.4706,4.0555,4.4384,4.5483,4.4012,3.9563,3.4004,2.2712,0.65407,-1.5686,-3.7986,-7.8837,-14.27,-17.297,-11.344,-6.8875,-3.8492,-2.0624,-0.082223,1.5882,2.6737,3.9054,4.9098,5.5249,6.1435,6.5487,6.7445,6.7417,6.5357,6.0896,5.6175,4.8249,3.9617,3.4208,3.112,3.4354,4.2677,5.0226,5.9955,6.8133,7.279,7.6948,7.8898,7.8836,7.7654,7.4632,7.0417,6.6692,6.1351,5.5715,5.1631,4.6294,4.0926,3.5068,3.0037,2.1973,1.1729,0.2404,-1.3378,-3.4209,-5.451,-8.9125,-11.806,-9.6642,-6.7102,-3.3727,-0.83458,0.67131,2.3123,3.5651,4.4952,5.0013,5.4451,5.6009,5.5434,5.2207,4.6046,3.9473,2.7866,1.2892,-0.52031,-2.0231,-3.9611,-5.179,-5.3016,-4.6496,-3.6066,-2.7862,-1.7943,-0.86228,0.0065034,0.62761,1.4221,2.1618,2.6595,3.253,3.7213,4.0688,4.2418,4.3635,4.3817,4.3185,4.1258,3.8277,3.5287,3.0298,2.4082,1.6624,1.0507,0.2249,-0.45016,-0.74201,-0.79341,-0.46171,-0.074396,0.4916,0.9338,1.1908,1.2639,1.1988,1.0309,0.88391,0.79898,0.96414,1.4646,2.0515,3.0122,4.0431,4.8069,5.75,6.5589,7.0574,7.5548,7.8301,7.872,7.7451,7.3528,6.7,6.0368,4.9435,3.7082,2.8186,2.0251,1.9982,2.6826,3.4339,4.4388,5.2875,5.7719,6.1864,6.323,6.1627,5.8385,5.1078,3.9768,2.7992,0.62444,-2.6059,-6.3137,-16.423,-13.27,-5.6735,-2.724,-0.20641,1.4398,2.3068,3.1321,3.6704,3.9349,4.1465,4.2441,4.2577,4.2428,4.1932,4.134,4.0843,4.0067,3.9139,3.8048
-6.8078,-7.711,-8.0778,-7.6976,-7.2246,-6.636,-6.1815,-5.9276,-5.6125,-5.2824,-4.841,-4.4218,-3.7512,-3.0164,-2.4011,-1.5371,-0.65766,0.012265,0.88566,1.6981,2.42,2.8885,3.3776,3.6866,3.8127,3.7794,3.4837,3.1028,2.3694,1.3453,0.038535,-1.0766,-2.6172,-3.7819,-4.0267,-3.4073,-2.0978,-0.63834,0.40172,1.6481,2.7051,3.3655,4.0923,4.6456,4.9354,5.1501,5.1654,4.9508,4.6176,3.9029,2.8158,1.6694,-0.49077,-3.8579,-8.1022,-26.246,-10.362,-3.7871,-1.0257,1.4686,3.1514,4.0592,4.9338,5.4986,5.8239,5.9373,5.9574,5.8506,5.7062,5.4509,5.1285,4.8513,4.4478,3.9806,3.4246,2.944,2.1819,1.2583,0.42058,-0.92215,-2.5487,-3.9248,-5.6974,-6.6803,-5.963,-4.6549,-2.6676,-0.84858,0.33061,1.6335,2.6696,3.4567,3.896,4.2854,4.4713,4.4748,4.3064,3.9491,3.5679,2.9151,2.1354,1.2667,0.5927,-0.27175,-1.0204,-1.4861,-1.9927,-2.335,-2.5003,-2.5801,-2.4821,-2.133,-1.7383,-1.0713,-0.32338,0.23447,0.90463,1.4584,1.8476,2.0284,2.0975,1.9652,1.7491,1.2839,0.62053,-0.017669,-1.1022,-2.4735,-4.2483,-5.9249,-8.9521,-13.557,-18.362,-17.091,-11.517,-8.9087,-6.7022,-5.4466,-4.9265,-4.9705,-5.6001,-6.9336,-8.4479,-11.186,-13.296,-11.279,-8.5317,-5.3349,-2.7814,-1.2129,0.49872,1.8571,2.6671,3.4721,3.9696,4.1448,4.0498,3.5843,2.6788,1.6576,-0.32099,-3.3628,-6.9563,-16.87,-13.587,-5.9007,-2.8602,-0.18493,1.5777,2.5188,3.3937,3.9134,4.1192,4.0868,3.7971,3.2438,2.6726,1.7134,0.65984,-0.079189,-0.78385,-0.95049,-0.58401,-0.13909,0.46912,0.93451,1.1571,1.2525,1.1216,0.89301,0.45657,-0.07642,-0.62938,-0.99738,-1.378,-1.6173,-1.7053,-1.7519,-1.7767,-1.7863
-3.3589,-3.7371,-4.0963,-4.3075,-4.39,-4.467,-4.531,-4.5787,-4.6633,-4.7641,-4.8279,-4.8133,-4.7189,-4.4418,-4.0715,-3.3715,-2.4921,-1.7432,-0.69735,0.31068,1.2275,1.8405,2.5359,3.0463,3.3288,3.5752,3.6469,3.6038,3.4364,3.1588,2.8168,2.5467,2.239,2.0508,2.0121,2.1138,2.3678,2.7184,3.012,3.398,3.7414,3.9509,4.1606,4.276,4.2833,4.2034,4.0093,3.6766,3.3331,2.7415,1.9764,1.2828,0.22642,-0.86455,-1.5687,-2.0328,-1.7253,-0.82946,-0.005859,1.0689,1.989,2.5369,3.0975,3.4687,3.6746,3.7422,3.7339,3.6417,3.5299,3.3612,3.1808,3.0442,2.85,2.641,2.4134,2.21,1.8813,1.4731,1.1193,0.60732,0.085485,-0.2708,-0.64375,-0.80402,-0.7066,-0.47037,0.013243,0.60626,1.0821,1.6891,2.2347,2.7114,2.9944,3.2711,3.4225,3.4581,3.394,3.2105,2.9903,2.5906,2.0925,1.4872,0.97209,0.18425,-0.72497,-1.4957,-2.6828,-4.117,-5.376,-7.2216,-8.8446,-9.1463,-8.1936,-6.2396,-4.3133,-3.0995,-1.8335,-0.92817,-0.35578,-0.13012,-0.086016,-0.33529,-0.70163,-1.4109,-2.3809,-3.2586,-4.5902,-6.0669,-7.5927,-8.7539,-10.286,-11.6,-12.092,-11.791,-10.493,-9.3466,-8.0488,-7.2461,-6.9633,-7.1292,-7.8754,-9.2291,-10.656,-12.782,-14.192,-13.426,-11.838,-9.4777,-7.1789,-5.5334,-3.5234,-1.7649,-0.64536,0.54541,1.402,1.9088,2.0678,1.9747,1.5435,1.0177,0.10478,-0.96418,-1.72,-2.4192,-2.4933,-1.9482,-1.3132,-0.35552,0.57935,1.2111,1.9397,2.5125,2.9284,3.1345,3.2667,3.2508,3.161,2.9551,2.6931,2.4776,2.2138,1.983,1.7647,1.6003,1.3275,0.9426,0.54387,-0.18744,-1.2123,-2.1924,-3.8646,-5.9567,-8.3671,-10.022,-11.094,-10.534,-9.766,-9.0293,-8.863,-9.2191
-2.7969,-2.8925,-3.0165,-3.1549,-3.2946,-3.523,-3.8379,-4.1487,-4.7084,-5.4321,-6.4005,-7.3145,-8.6703,-9.7932,-9.9691,-8.8328,-6.6978,-5.0201,-2.9811,-1.2502,0.18771,1.0757,2.0521,2.8343,3.2796,3.7407,4.0831,4.2583,4.4049,4.4878,4.5273,4.5367,4.5365,4.5289,4.5253,4.5326,4.5341,4.5265,4.5008,4.4296,4.3111,4.1872,3.9752,3.6985,3.4711,3.1473,2.813,2.5039,2.2953,2.0342,1.7914,1.6266,1.4246,1.2609,1.1796,1.1437,1.2045,1.3491,1.4897,1.6736,1.8149,1.8869,1.8933,1.812,1.6362,1.4457,1.1208,0.74992,0.47264,0.14655,-0.042077,-0.060638,0.07993,0.36657,0.71085,0.95142,1.2003,1.3385,1.3624,1.3046,1.148,0.99714,0.7704,0.57253,0.44177,0.41159,0.47415,0.65225,0.84115,1.156,1.506,1.828,2.0367,2.2644,2.4103,2.4604,2.4649,2.3905,2.2857,2.0928,1.8189,1.4556,1.1075,0.52428,-0.25753,-1.001,-2.2687,-3.9891,-5.6586,-8.6451,-12.447,-13.694,-11.198,-7.6055,-5.0058,-3.5924,-2.2079,-1.3005,-0.79172,-0.64314,-0.73767,-1.1481,-1.6959,-2.7596,-4.2407,-5.6443,-7.9092,-10.506,-12.597,-12.983,-11.959,-10.375,-9.2705,-7.9263,-6.7796,-6.0708,-5.3423,-4.885,-4.7788,-4.9209,-5.4162,-6.2494,-7.064,-8.4032,-10.002,-11.829,-13.284,-14.191,-12.076,-9.467,-6.1727,-3.4883,-1.8683,-0.17862,1.0388,1.8487,2.2137,2.4231,2.3479,2.1259,1.6652,1.0687,0.58369,-0.043741,-0.57937,-0.91708,-1.0041,-0.87341,-0.44653,0.013898,0.72964,1.4658,2.1337,2.5594,3.0199,3.3366,3.4844,3.5879,3.5809,3.5177,3.3758,3.1599,2.8656,2.5842,2.1033,1.4788,0.88083,-0.13108,-1.4388,-2.6834,-4.8074,-7.6528,-11.465,-14.77,-16.455,-13.923,-12.162,-10.915,-10.747,-11.686
-3.7663,-3.4602,-3.2106,-3.1075,-3.1287,-3.2584,-3.5284,-3.8412,-4.4232,-5.3056,-6.6151,-7.9764,-10.613,-14.641,-17.137,-13.523,-8.7122,-6.0277,-3.3363,-1.3209,0.22264,1.1362,2.0811,2.8136,3.2519,3.6923,4.0399,4.2661,4.5327,4.7772,4.9989,5.1463,5.3061,5.4129,5.4496,5.43,5.3206,5.1185,4.9003,4.5187,4.0203,3.5748,2.8659,2.0691,1.4405,0.61742,-0.08253,-0.49457,-0.56034,-0.35834,0.067088,0.44144,0.91579,1.3022,1.5231,1.7148,1.7687,1.702,1.58,1.3084,0.946,0.62479,0.14982,-0.36938,-0.93628,-1.426,-2.2273,-3.276,-4.2641,-5.8062,-7.0861,-7.1736,-5.7665,-3.6977,-1.8436,-0.72873,0.38174,1.0969,1.398,1.5087,1.3385,1.0449,0.48658,-0.21349,-0.95207,-1.429,-1.8132,-1.7971,-1.5494,-1.0201,-0.43312,0.067468,0.36271,0.62681,0.75234,0.77605,0.75141,0.71705,0.71936,0.76868,0.86045,0.96566,1.0211,1.0205,0.89536,0.69754,0.28919,-0.25155,-0.72073,-1.3425,-1.7979,-1.9527,-1.8308,-1.4291,-0.89486,-0.50655,-0.071249,0.23092,0.3727,0.35176,0.14695,-0.29149,-0.80302,-1.7818,-3.1697,-4.5596,-7.0052,-10.299,-13.562,-13.458,-10.331,-7.3466,-5.6466,-3.9127,-2.6269,-1.9181,-1.2397,-0.83108,-0.70409,-0.78111,-1.113,-1.7277,-2.3811,-3.5398,-5.092,-7.107,-8.8098,-10.179,-8.667,-6.3673,-3.4426,-1.0772,0.34894,1.8447,2.9329,3.6607,3.9858,4.1517,4.0375,3.7613,3.1471,2.255,1.3878,-0.052238,-1.8451,-3.9526,-5.4641,-6.3957,-5.3218,-3.8118,-1.8008,-0.12548,1.1719,1.926,2.6871,3.2235,3.4919,3.7081,3.7913,3.7863,3.6885,3.5189,3.2833,3.0603,2.706,2.2534,1.8418,1.1791,0.36688,-0.34629,-1.4094,-2.5565,-3.6647,-4.3738,-5.0487,-5.4016,-5.5252,-5.6019,-5.6935,-5.8527
-4.6093,-4.1555,-3.8056,-3.6724,-3.6173,-3.5956,-3.5997,-3.6007,-3.6194,-3.721,-3.8796,-4.0401,-4.2245,-4.2199,-3.9959,-3.305,-2.2575,-1.3793,-0.22298,0.80115,1.6149,2.0795,2.5075,2.695,2.7406,2.7233,2.6976,2.7603,3.0119,3.443,3.9836,4.3965,4.8789,5.238,5.3929,5.4365,5.294,4.9599,4.594,3.953,3.121,2.3623,1.1438,-0.40292,-1.8638,-4.3686,-7.5726,-10.277,-9.5478,-6.2482,-3.3714,-1.7574,-0.18795,0.8755,1.3865,1.7506,1.7786,1.4803,1.0483,0.2071,-0.90803,-1.8834,-3.1713,-4.1708,-4.656,-4.7423,-4.8812,-5.4347,-6.355,-8.5465,-11.864,-12.61,-8.4711,-4.3412,-1.4695,0.076781,1.5057,2.3528,2.6571,2.6514,2.1939,1.5328,0.17077,-1.8646,-4.7984,-7.7891,-11.825,-10.259,-7.4087,-4.5837,-2.8256,-1.781,-1.3752,-1.2563,-1.5227,-1.9079,-2.5756,-3.1658,-3.3517,-3.0202,-2.0813,-0.87759,0.020114,1.0592,1.8857,2.3494,2.7707,3.0017,3.0576,3.0313,2.9167,2.7555,2.6099,2.3853,2.1361,1.9514,1.7059,1.4937,1.3633,1.3119,1.2878,1.2415,1.1759,0.98928,0.67802,0.36504,-0.098713,-0.48068,-0.62596,-0.50933,-0.047901,0.64578,1.2391,2.0162,2.6891,3.1249,3.5674,3.8443,3.9812,3.9846,3.8599,3.607,3.3405,2.9189,2.4713,2.094,1.923,1.9394,2.3036,2.7623,3.5498,4.3953,5.0009,5.7174,6.2669,6.6276,6.762,6.7487,6.4924,6.1374,5.4184,4.3863,3.3739,1.6183,-0.73537,-3.9207,-6.849,-9.3743,-6.8374,-4.2834,-1.6611,0.15898,1.4324,2.1139,2.7351,3.1056,3.2565,3.308,3.2342,3.1228,2.9131,2.6985,2.5138,2.4115,2.3274,2.2841,2.2537,2.1768,2.0046,1.8248,1.4983,1.0821,0.62347,0.25769,-0.20563,-0.63457,-0.93165,-1.2651,-1.5186,-1.6369
-3.749,-4.0127,-4.6092,-5.327,-5.7997,-6.0927,-5.7216,-5.0846,-4.0414,-2.9484,-1.9706,-1.3516,-0.61567,0.055111,0.53415,1.1707,1.8038,2.2609,2.8047,3.2201,3.4368,3.4326,3.1755,2.5035,1.6723,0.15595,-1.7797,-3.0221,-2.8984,-0.83993,1.42,2.8014,4.1448,4.98,5.3094,5.401,5.1518,4.5992,4.0176,3.0788,2.0372,1.211,0.099766,-1.1282,-2.1916,-3.8726,-5.8282,-7.0203,-6.4472,-4.2221,-1.8338,-0.35877,1.1425,2.1555,2.6347,2.9083,2.7999,2.2793,1.5731,0.1777,-1.9836,-4.3524,-9.4168,-22.795,-13.82,-8.4522,-4.7383,-2.6739,-1.6874,-0.74503,0.050393,0.7106,1.7876,2.9677,4.0978,4.8302,5.5679,5.989,6.0745,5.8838,5.3084,4.6064,3.2975,1.5261,-0.66552,-2.4176,-4.1351,-4.1195,-3.2751,-2.0233,-1.1748,-0.81894,-0.87852,-1.4413,-2.5568,-3.8839,-6.5932,-11.514,-19.81,-15.623,-7.3109,-2.9542,-0.66971,1.6386,3.3247,4.2986,5.2677,5.8969,6.1833,6.3342,6.2255,5.8679,5.4368,4.6331,3.561,2.6021,1.2082,-0.014953,-0.56985,-0.33493,0.5844,1.7081,2.4942,3.3698,4.0297,4.4211,4.83,5.1672,5.4866,5.7339,6.0901,6.455,6.7414,7.1107,7.4378,7.6539,7.8914,8.0586,8.1598,8.189,8.1758,8.1077,8.0386,7.926,7.8211,7.7545,7.7471,7.807,7.9648,8.1316,8.413,8.7393,8.9859,9.2797,9.5115,9.6465,9.6726,9.5808,9.3265,9.0324,8.4836,7.7598,7.1042,6.1115,5.0408,3.999,3.3303,2.7437,2.5418,2.5876,2.785,3.001,3.1267,3.1524,3.0809,2.8739,2.6567,2.2613,1.7193,1.2067,0.44197,-0.34097,-0.8524,-0.87021,-0.34033,0.59571,1.3491,2.2256,2.8916,3.2151,3.4336,3.4304,3.224,2.9549,2.4539,1.8275,1.2827,0.50306,-0.24838,-0.82071
-3.7588,-4.8527,-6.8368,-9.8832,-13.713,-25.249,-16.44,-10.936,-6.7498,-4.0565,-2.1999,-1.1546,-0.071578,0.74967,1.2553,1.8507,2.3895,2.776,3.2473,3.6201,3.8405,3.8364,3.5279,2.8261,1.8906,0.0066391,-2.7173,-4.939,-4.9113,-1.6733,1.2156,2.7806,4.1663,4.8966,5.0682,4.8372,4.0917,2.8386,1.5673,-0.5213,-2.7412,-3.9924,-4.4291,-3.6791,-2.9356,-2.0811,-1.3663,-0.67146,-0.11671,0.72012,1.5799,2.1788,2.8762,3.3808,3.6155,3.7188,3.5649,3.1644,2.6988,1.8479,0.78427,-0.10219,-1.2063,-1.7295,-1.338,-0.50603,0.90146,2.3069,3.2703,4.4055,5.4133,6.0913,6.9124,7.6311,8.2389,8.5916,8.9094,9.0236,8.9708,8.6953,8.1976,7.6869,6.8465,5.878,4.8557,4.1328,3.2845,2.6403,2.2526,1.8082,1.3483,0.74487,0.15752,-0.81772,-2.0304,-3.0513,-4.426,-5.4696,-5.7027,-4.8982,-3.0475,-0.76195,0.93436,2.9789,4.7028,5.7589,6.8631,7.6283,7.9863,8.1747,8.0353,7.5411,6.9199,5.7089,3.9388,2.1071,-1.4218,-7.7,-19.681,-8.7334,-2.5097,0.82029,2.5015,4.1141,5.2779,5.9573,6.6729,7.2286,7.6737,7.9522,8.2614,8.523,8.6819,8.8511,8.9954,9.0726,9.1603,9.2277,9.2677,9.2837,9.2925,9.2794,9.2558,9.2133,9.1604,9.1056,9.0699,9.052,9.0656,9.1182,9.2348,9.4058,9.5554,9.7732,9.9752,10.123,10.177,10.156,10.026,9.8404,9.4893,9.0326,8.6302,8.0334,7.4061,6.7794,6.3193,5.727,5.1524,4.7112,4.0629,3.3119,2.4276,1.6876,0.68326,-0.1885,-0.70894,-1.2321,-1.8084,-2.504,-4.1121,-7.2694,-14.416,-22.301,-8.9609,-3.5275,-1.0469,1.1795,2.6035,3.281,3.78,3.9071,3.7054,3.3638,2.6487,1.638,0.65064,-1.0699,-3.4413,-6.7797
-5.7604,-6.5019,-7.5074,-8.4894,-9.0485,-9.2818,-8.4827,-7.3824,-5.7601,-4.3026,-3.1938,-2.6034,-2.1539,-1.995,-1.9828,-1.9531,-1.6866,-1.2436,-0.34788,0.69598,1.666,2.2648,2.8095,3.0849,3.1483,3.0459,2.9215,2.9045,3.0951,3.5229,4.053,4.4041,4.7101,4.7177,4.4959,3.8437,2.7119,1.0047,-0.75601,-4.0036,-8.794,-12.986,-11.414,-7.0481,-4.8324,-2.8601,-1.5042,-0.54557,0.02079,0.63049,1.1117,1.409,1.7143,1.9115,1.974,1.9542,1.8055,1.5527,1.3374,1.0366,0.82222,0.76721,0.88864,1.2627,1.8899,2.4905,3.4161,4.3921,5.1228,6.0501,6.8864,7.454,8.1029,8.633,9.0252,9.2222,9.3458,9.3026,9.1578,8.8107,8.2985,7.8184,7.0546,6.1842,5.2633,4.5558,3.6325,2.749,2.1254,1.3114,0.48447,-0.43474,-1.2437,-2.5335,-4.1814,-5.6166,-7.6738,-9.0345,-8.6658,-6.4716,-3.6685,-1.0061,0.77387,2.8359,4.5508,5.6079,6.7139,7.4988,7.8777,8.109,8.0389,7.6735,7.2027,6.3176,5.1644,4.1551,2.7423,1.5102,0.82713,0.81022,1.3055,2.0682,2.6701,3.4252,4.1022,4.5375,5.0511,5.4878,5.8371,6.0395,6.2232,6.3171,6.3259,6.2754,6.1723,6.0839,5.9653,5.8854,5.8631,5.8849,5.9374,5.9982,6.0181,5.9981,5.9033,5.7285,5.5525,5.2839,5.0318,4.9037,4.8786,5.0488,5.3097,5.774,6.2708,6.7143,6.9665,7.1731,7.2066,7.1157,6.8573,6.4667,6.117,5.6111,5.0955,4.608,4.2612,3.7847,3.231,2.7117,1.7919,0.46896,-1.4246,-3.4074,-7.1592,-12.125,-13.008,-9.1299,-6.244,-5.0226,-4.3312,-4.2211,-4.2054,-3.8467,-2.6825,-1.1184,0.0027942,1.2332,2.0549,2.4149,2.5722,2.3801,1.9015,1.3809,0.52754,-0.48822,-1.3356,-2.629,-4.1612,-5.8483
-10.957,-11.043,-10.2,-8.8702,-7.8683,-6.6561,-5.5878,-4.8651,-4.0563,-3.5019,-3.2849,-3.3982,-4.0117,-5.3346,-6.9584,-10.522,-14.918,-12.736,-7.2622,-3.4631,-0.86727,0.56569,2.0226,3.0204,3.5933,4.1482,4.543,4.7793,5.0193,5.196,5.296,5.3019,5.1925,4.9133,4.574,3.924,3.051,1.9558,1.0345,-0.25655,-1.4263,-2.0646,-2.503,-2.4688,-2.278,-1.9494,-1.6602,-1.4715,-1.3842,-1.3204,-1.2637,-1.2229,-1.181,-1.1542,-1.1815,-1.3269,-1.6375,-2.1321,-2.5811,-3.1244,-3.3472,-3.113,-2.2221,-0.92755,0.51922,1.5794,2.8921,4.0781,4.8704,5.8058,6.5994,7.108,7.6687,8.0941,8.3786,8.4994,8.5256,8.3904,8.1707,7.7228,7.0888,6.4796,5.5101,4.3707,3.0748,2.0484,0.70765,-0.48435,-1.182,-1.8232,-2.2645,-2.6781,-3.0918,-3.9685,-5.323,-6.8324,-9.7354,-12.911,-12.215,-7.7385,-3.7857,-0.73613,1.1044,3.1112,4.6927,5.6496,6.644,7.3418,7.6801,7.905,7.8814,7.6273,7.305,6.712,5.9772,5.3515,4.4852,3.6383,2.8648,2.3477,1.7884,1.3366,1.0879,0.90966,0.92758,1.0665,1.3862,1.7694,2.1153,2.3047,2.4073,2.2874,2.0633,1.5797,0.90591,0.35704,-0.32354,-0.74141,-0.75725,-0.53642,-0.070452,0.40631,0.69248,0.89044,0.81987,0.45754,-0.032188,-1.0099,-2.313,-3.4095,-4.4452,-4.0861,-2.9185,-1.0564,0.61592,1.8909,2.5721,3.1297,3.291,3.1903,2.7677,2.0522,1.3807,0.44173,-0.32548,-0.67409,-0.63113,-0.32205,0.00035578,0.098033,-0.056757,-0.62246,-1.6821,-2.785,-4.5616,-5.9958,-6.176,-5.0464,-3.4275,-2.3291,-1.1768,-0.3133,0.35318,0.80172,1.3448,1.8171,2.0948,2.3132,2.3046,2.1056,1.5719,0.68737,-0.5533,-1.6679,-3.2453,-4.5308,-4.9794,-4.7816,-4.0395,-3.1252
-22.587,-21.05,-13.913,-9.7721,-7.7111,-5.725,-4.3343,-3.5785,-2.8769,-2.5137,-2.4776,-2.6712,-3.2529,-4.211,-5.163,-6.5051,-7.1469,-6.5755,-4.7007,-2.5327,-0.61941,0.56349,1.8379,2.8231,3.3768,3.9557,4.3524,4.5588,4.7357,4.816,4.8087,4.7486,4.5693,4.2887,3.9932,3.4895,2.8655,2.1398,1.5481,0.72742,-0.076414,-0.6372,-1.3038,-1.8763,-2.2808,-2.8045,-3.4129,-4.1163,-4.7437,-5.6373,-6.4013,-6.7289,-6.6437,-6.1384,-5.7166,-5.4094,-5.5931,-6.5102,-7.8838,-11.229,-18.325,-19.655,-10.571,-5.6169,-2.4308,-0.66707,1.1357,2.5038,3.3156,4.1853,4.8794,5.3014,5.7645,6.1265,6.3844,6.5019,6.5391,6.4151,6.1976,5.7222,5.0002,4.2754,3.0267,1.4068,-0.70126,-2.6779,-5.9727,-9.7649,-11.409,-9.8827,-7.3814,-5.5818,-4.6881,-3.9488,-3.5683,-3.4104,-3.1835,-2.7441,-2.1684,-1.0607,0.31405,1.7644,2.8014,4.0575,5.1261,5.7801,6.466,6.9297,7.132,7.2202,7.1053,6.7964,6.4528,5.8523,5.1108,4.4753,3.5205,2.446,1.2472,0.25543,-1.2426,-2.9395,-4.3133,-6.0399,-6.9245,-6.6001,-5.3523,-3.9527,-2.8542,-2.3193,-2.0172,-2.1939,-2.6696,-3.815,-5.657,-7.6411,-11.288,-15.184,-13.742,-10.936,-8.0425,-6.1794,-5.2601,-4.5288,-4.273,-4.4742,-4.9878,-6.226,-8.413,-11.01,-16.132,-14.975,-10.511,-6.3116,-3.5925,-1.8116,-0.93946,-0.29039,-0.1586,-0.39694,-1.2123,-2.6879,-4.3708,-7.8218,-13.639,-15.48,-10.523,-6.0482,-3.3425,-2.0018,-0.82585,-0.14885,0.17115,0.25994,0.28935,0.35423,0.48203,0.78325,1.2038,1.5375,1.9936,2.3928,2.7236,2.9165,3.084,3.1468,3.1068,2.9029,2.4863,1.9992,1.0436,-0.34489,-2.354,-4.4855,-8.8459,-18.363,-22.307,-10.366,-5.6482,-2.8064
-7.0416,-6.714,-5.8719,-4.7838,-3.9668,-3.0001,-2.2377,-1.8212,-1.463,-1.3007,-1.3038,-1.3948,-1.5855,-1.8031,-1.9265,-1.9635,-1.7764,-1.4599,-0.84649,-0.093322,0.6818,1.2395,1.8574,2.3436,2.6057,2.8119,2.9051,2.9075,2.8692,2.8047,2.7322,2.67,2.5667,2.3968,2.2106,1.855,1.3532,0.70462,0.11458,-0.75852,-1.6972,-2.4106,-3.3046,-4.1178,-4.6546,-5.3879,-6.243,-7.4694,-8.8139,-11.606,-16.899,-24.92,-18.678,-12.2,-9.5384,-7.4013,-6.3299,-6.0312,-6.1979,-6.7122,-7.0341,-6.6714,-5.2824,-3.4754,-1.8034,-0.7777,0.28362,1.0026,1.3702,1.6877,1.8968,2.0496,2.3053,2.6452,3.0314,3.3032,3.5809,3.6985,3.6588,3.3929,2.8633,2.282,1.2203,-0.22701,-2.085,-3.8189,-6.5958,-9.4531,-10.562,-9.5268,-7.3817,-5.5214,-4.4285,-3.2519,-2.3327,-1.7216,-0.95167,-0.17992,0.42539,1.2811,2.1722,3.0484,3.6776,4.4396,5.0801,5.4656,5.8336,6.0234,6.0489,5.9146,5.5967,5.1065,4.6252,3.8565,2.9519,2.2042,1.1087,-0.094975,-1.4531,-2.6221,-4.5207,-6.9955,-9.5301,-14.658,-20.847,-16.694,-11.22,-8.0854,-6.2193,-5.3859,-4.8668,-4.9125,-5.3251,-6.3547,-7.9579,-9.5657,-11.998,-13.918,-13.79,-12.74,-11.213,-10.017,-9.3756,-8.7373,-8.2649,-7.9508,-7.7894,-7.714,-7.7206,-7.6964,-7.4866,-6.8452,-6.077,-4.9125,-3.7744,-2.8475,-2.345,-1.9664,-1.9152,-2.1226,-2.7054,-3.6415,-4.5733,-5.9874,-7.1107,-7.0806,-6.1267,-4.2916,-2.4885,-1.3175,-0.057106,0.89301,1.6031,1.9992,2.4033,2.6902,2.866,3.0555,3.2083,3.3016,3.3892,3.4417,3.4569,3.435,3.3704,3.2491,3.1134,2.8573,2.4844,2.1185,1.4841,0.66585,-0.31739,-1.1319,-2.1722,-2.8159,-2.8205,-2.1341,-0.96016,0.30591
-1.1586,-0.94646,-0.63159,-0.31204,-0.096184,0.12241,0.21417,0.19178,0.02625,-0.26917,-0.64992,-0.94604,-1.2778,-1.4476,-1.4288,-1.2005,-0.78506,-0.39603,0.17521,0.72136,1.1825,1.4357,1.6417,1.6253,1.4921,1.1245,0.59031,0.13087,-0.46589,-0.87931,-0.98425,-0.86948,-0.55333,-0.24613,-0.10476,-0.12234,-0.43213,-1.0802,-1.7985,-3.0968,-4.7863,-6.2512,-8.1674,-9.3142,-9.3283,-8.6483,-7.9379,-7.6518,-7.7465,-8.2349,-8.8207,-8.9367,-8.184,-6.6733,-5.4386,-3.9809,-2.842,-2.0229,-1.5718,-1.1082,-0.70166,-0.39572,0.025612,0.43044,0.7182,0.80124,0.67009,0.20494,-0.39217,-1.5001,-2.8253,-3.6571,-3.9196,-3.0249,-1.6188,-0.61634,0.44616,1.1526,1.456,1.5913,1.4527,1.1847,0.63691,-0.096843,-0.9728,-1.6734,-2.5796,-3.3021,-3.6558,-3.8225,-3.6855,-3.3448,-2.9935,-2.4629,-1.8491,-1.3427,-0.61438,0.17959,0.80369,1.6371,2.4397,3.1811,3.68,4.2448,4.6744,4.9031,5.0592,5.0375,4.8963,4.5316,3.9573,3.1719,2.4494,1.3271,0.072572,-0.90926,-2.1683,-3.2776,-4.2041,-4.8051,-5.5687,-6.3521,-6.9364,-7.5609,-7.7976,-7.5867,-6.9653,-6.1969,-5.529,-5.1759,-4.9567,-5.0601,-5.3245,-5.9245,-6.7627,-7.4818,-8.4889,-9.4498,-10.335,-10.933,-11.755,-12.602,-13.179,-13.598,-13.211,-12.03,-10.878,-9.3837,-8.0463,-7.1821,-6.148,-5.2422,-4.6386,-3.9027,-3.3024,-2.8715,-2.6616,-2.5301,-2.5722,-2.6776,-2.8771,-3.0862,-3.1903,-3.1973,-2.9666,-2.4652,-1.9138,-1.0187,-0.041246,0.6869,1.5858,2.3562,2.9721,3.3348,3.6843,3.8937,3.9613,3.9516,3.8377,3.7047,3.4633,3.1831,2.8868,2.6783,2.4383,2.2487,2.1427,2.0435,1.975,1.9279,1.862,1.7797,1.6905,1.643,1.6421,1.7635,1.9511,2.3263,2.8133,3.3602
2.4162,2.5612,2.7115,2.7682,2.733,2.5484,2.1779,1.7524,0.9602,-0.11844,-1.4979,-2.6823,-4.2428,-5.1528,-5.0187,-3.9223,-2.445,-1.4112,-0.25833,0.59028,1.1399,1.3285,1.3262,0.9593,0.43835,-0.64185,-2.2855,-3.966,-6.9672,-10.178,-9.9655,-7.6983,-4.9197,-2.9888,-2.054,-1.3616,-1.22,-1.6071,-2.2586,-3.7113,-5.9983,-8.5405,-13.896,-20.287,-15.295,-9.9372,-6.9008,-5.0253,-4.0665,-3.1405,-2.3939,-1.8761,-1.1552,-0.39589,0.18903,0.94248,1.6317,2.2237,2.5997,3.0059,3.3086,3.4641,3.5643,3.5098,3.2568,2.8991,2.1241,0.902,-0.41812,-2.9569,-7.0296,-12.156,-17.088,-9.0142,-4.7933,-2.9052,-1.2966,-0.36342,0.02481,0.24408,0.23396,0.1158,-0.13849,-0.4493,-0.82267,-1.1114,-1.53,-1.9573,-2.278,-2.716,-3.1514,-3.5637,-3.8068,-3.9734,-3.7996,-3.3998,-2.5469,-1.461,-0.59733,0.50598,1.4968,2.3365,2.8521,3.397,3.7633,3.9254,3.9833,3.8565,3.6195,3.1079,2.3342,1.2446,0.18311,-1.6068,-3.8964,-5.9742,-8.8886,-10.663,-10.063,-8.8947,-7.4608,-6.484,-5.9684,-5.4758,-5.128,-4.913,-4.6499,-4.4229,-4.2656,-4.2201,-4.259,-4.4531,-4.6967,-5.1806,-5.8036,-6.3713,-7.2814,-8.3463,-9.6271,-10.779,-12.74,-15.55,-18.823,-28.218,-26.933,-17.521,-13.949,-10.721,-8.4254,-7.1261,-5.742,-4.6951,-4.0992,-3.528,-3.1952,-3.0988,-3.182,-3.4659,-3.9203,-4.2878,-4.7385,-4.923,-4.782,-4.183,-3.2483,-2.1098,-1.2163,-0.044999,1.0436,1.7853,2.6493,3.3558,3.8876,4.1664,4.3697,4.3884,4.2726,3.9508,3.4428,2.9532,2.1729,1.2942,0.40693,-0.18962,-0.79011,-1.0536,-1.0291,-0.73707,-0.26467,0.14891,0.72024,1.2812,1.8124,2.1918,2.6819,3.1535,3.5049,3.9652,4.3991,4.8005
3.2712,3.5181,3.7427,3.8169,3.7554,3.4803,2.9589,2.3678,1.2593,-0.33156,-2.6031,-5.0134,-9.9814,-19.258,-15.368,-8.2673,-4.5513,-2.754,-1.1233,-0.091012,0.4938,0.68836,0.62455,0.25016,-0.28925,-1.3435,-2.8995,-4.4276,-6.9137,-9.1758,-9.0525,-7.4531,-5.1258,-3.3173,-2.3485,-1.4903,-1.0721,-1.0403,-1.2453,-1.7803,-2.534,-3.1563,-3.859,-4.0967,-3.8743,-3.1271,-2.1648,-1.1831,-0.50111,0.30617,1.0092,1.4882,2.0795,2.6291,3.0221,3.5167,3.9598,4.3546,4.6114,4.8967,5.0988,5.1892,5.207,5.0831,4.7906,4.4451,3.7932,2.8988,2.0734,0.80883,-0.4897,-1.3153,-1.9552,-2.0325,-1.7901,-1.6016,-1.5011,-1.6474,-1.903,-2.3721,-2.8895,-3.1967,-3.4261,-3.4677,-3.3924,-3.3349,-3.3503,-3.5521,-3.8612,-4.518,-5.5377,-7.0421,-8.6,-11.205,-13.315,-12.463,-9.1664,-6.128,-4.3142,-2.4448,-1.0685,-0.088055,0.45278,0.94552,1.2419,1.3486,1.3832,1.2767,1.1073,0.72049,0.094144,-0.84015,-1.7975,-3.5278,-5.9312,-8.3353,-12.391,-15.153,-12.844,-10.52,-8.2902,-6.8535,-6.156,-5.5987,-5.2925,-5.2013,-5.1541,-5.171,-5.21,-5.2517,-5.3539,-5.5063,-5.7095,-6.0911,-6.6396,-7.1754,-8.0212,-8.9758,-10.006,-10.832,-11.985,-13.057,-13.753,-14.21,-13.752,-12.431,-11.18,-9.4642,-7.9522,-6.977,-5.9035,-5.0838,-4.6409,-4.2901,-4.2167,-4.4391,-4.8382,-5.752,-7.1877,-8.713,-11.538,-14.587,-14.619,-11.085,-7.5399,-4.7856,-3.1234,-1.3164,0.14625,1.0489,2.0299,2.7748,3.2894,3.5193,3.611,3.4412,3.1388,2.4767,1.4964,0.5202,-1.116,-3.1968,-5.7187,-7.823,-10.229,-10.674,-9.6167,-7.6836,-5.8443,-4.5987,-3.1569,-1.8867,-0.76971,-0.022909,0.85304,1.6171,2.1259,2.7303,3.2481,3.6795
1.6261,2.1864,2.7398,3.0754,3.1758,3.1105,2.8017,2.4083,1.6657,0.69055,-0.49328,-1.442,-2.6232,-3.3581,-3.4678,-3.0662,-2.3745,-1.8339,-1.2426,-0.84933,-0.66549,-0.63566,-0.75524,-1.0157,-1.3011,-1.7876,-2.3476,-2.7906,-3.3073,-3.6207,-3.6288,-3.4278,-2.977,-2.4581,-2.0715,-1.623,-1.2897,-1.073,-0.98128,-0.92423,-0.92676,-0.93164,-0.9023,-0.76898,-0.60259,-0.28016,0.11835,0.55434,0.88851,1.3235,1.7223,2.0008,2.3393,2.6549,2.8759,3.1595,3.4393,3.7158,3.9197,4.1813,4.4158,4.5593,4.6901,4.7311,4.6555,4.512,4.1992,3.7558,3.346,2.715,2.0315,1.5033,0.79485,0.07171,-0.72975,-1.4208,-2.5632,-4.055,-5.4679,-7.8057,-10.494,-12.141,-12.244,-10.539,-8.7561,-7.7724,-6.8921,-6.4808,-6.4573,-6.7968,-7.5878,-8.917,-10.322,-12.677,-14.453,-13.752,-10.911,-8.1698,-6.574,-5.0003,-3.9611,-3.3761,-3.1838,-3.1843,-3.3538,-3.4959,-3.5924,-3.507,-3.3421,-3.1159,-3.0055,-3.1126,-3.3591,-3.9322,-4.7138,-5.3626,-6.1697,-6.7087,-6.8752,-6.8363,-6.6841,-6.6077,-6.6689,-6.9352,-7.4117,-7.8599,-8.5264,-9.0859,-9.3581,-9.3292,-9.1028,-8.8587,-8.7724,-8.8742,-9.3214,-9.8538,-10.818,-11.993,-13.18,-13.84,-14.225,-14.042,-13.625,-12.848,-11.943,-10.961,-10.246,-9.3253,-8.499,-7.9315,-7.2864,-6.7754,-6.4827,-6.2218,-6.1571,-6.3446,-6.6786,-7.4533,-8.6903,-9.9912,-12.117,-13.976,-13.914,-11.658,-8.9023,-6.524,-5.0264,-3.3359,-1.9216,-1.0209,-0.012703,0.76671,1.3083,1.5487,1.635,1.421,1.0501,0.24643,-0.95174,-2.152,-4.2388,-6.9831,-10.657,-14.209,-19.719,-20.564,-18.099,-15.161,-12.695,-10.998,-8.8686,-7.006,-5.4435,-4.4517,-3.3333,-2.3951,-1.7901,-1.0776,-0.44218,0.10083
-0.1514,0.7703,1.6975,2.3234,2.6171,2.8021,2.768,2.6197,2.2808,1.8179,1.2824,0.86709,0.34066,-0.10513,-0.37504,-0.65628,-0.89595,-1.0862,-1.3839,-1.7491,-2.1632,-2.4882,-2.8344,-3.0946,-3.1719,-3.1974,-3.1447,-3.102,-3.0656,-3.0465,-3.0365,-3.0265,-2.9904,-2.9051,-2.798,-2.5989,-2.3211,-1.987,-1.7169,-1.3657,-1.0368,-0.81006,-0.52655,-0.27693,-0.094042,0.12966,0.35118,0.55468,0.68805,0.8409,0.96277,1.0237,1.0709,1.0812,1.0766,1.0793,1.1432,1.3012,1.5005,1.8663,2.318,2.6774,3.1362,3.524,3.8025,3.9227,3.9558,3.8417,3.6631,3.3063,2.8149,2.3611,1.6395,0.77006,-0.28452,-1.2355,-2.7688,-4.7066,-6.5235,-9.6078,-13.668,-16.713,-16.611,-13.466,-11.075,-9.8461,-8.7504,-8.0811,-7.7797,-7.5984,-7.6035,-7.7239,-7.8228,-7.8967,-7.757,-7.4636,-6.8472,-6.1483,-5.6859,-5.2623,-5.1794,-5.515,-6.1206,-7.4452,-9.4651,-11.28,-12.91,-11.623,-9.7253,-7.459,-5.833,-4.7967,-4.3362,-4.0325,-4.0112,-4.1208,-4.3802,-4.7068,-5.0688,-5.3733,-5.846,-6.4708,-7.0761,-8.14,-9.6724,-11.223,-14.095,-17.866,-19.574,-17.473,-14.256,-12.165,-11.219,-10.704,-10.906,-11.541,-13.12,-15.818,-20.29,-25.424,-24.888,-19.084,-16.314,-13.864,-12.286,-11.243,-10.697,-10.224,-9.911,-9.7456,-9.5325,-9.2393,-8.9408,-8.4804,-8.0288,-7.6934,-7.5561,-7.5375,-7.7062,-7.917,-8.2233,-8.413,-8.397,-8.1103,-7.5611,-6.8083,-6.1534,-5.1518,-4.0647,-3.2197,-2.1493,-1.2187,-0.49738,-0.1195,0.13564,0.093837,-0.1521,-0.77558,-1.7561,-2.734,-4.3824,-6.421,-8.8301,-10.854,-13.779,-17.116,-20.213,-24.746,-21.82,-17.799,-13.889,-11.295,-9.5652,-8.6703,-7.8295,-7.2188,-6.7686,-6.0815,-5.2652,-4.4058
-0.16472,0.74818,1.708,2.3873,2.7289,2.9778,3.0257,2.9503,2.7297,2.4062,2.0393,1.7487,1.3697,0.97948,0.67627,0.20388,-0.3763,-0.93911,-1.894,-3.1471,-4.6836,-5.9847,-7.4004,-7.8027,-7.2546,-6.0271,-4.8745,-4.2217,-3.677,-3.4913,-3.633,-3.9135,-4.4532,-5.0249,-5.3351,-5.3993,-4.9642,-4.1965,-3.5377,-2.7092,-1.9993,-1.5673,-1.1215,-0.82152,-0.66323,-0.53038,-0.45125,-0.42182,-0.42286,-0.46948,-0.5761,-0.71522,-1.0027,-1.4317,-1.844,-2.4828,-3.0965,-3.3787,-3.1892,-2.3678,-1.141,-0.14934,1.0776,2.1043,2.8925,3.3306,3.7166,3.8855,3.8798,3.7144,3.3772,3.0183,2.4008,1.6302,0.70375,-0.10274,-1.3154,-2.6799,-3.7867,-5.2919,-6.6815,-7.5346,-8.3114,-8.682,-8.8116,-8.8249,-8.8523,-8.7965,-8.6775,-8.3557,-7.863,-7.252,-6.7836,-6.1372,-5.5248,-5.1017,-4.6148,-4.2389,-4.0598,-4.0215,-4.2978,-4.9619,-5.7753,-7.3801,-9.7891,-12.121,-14.486,-12.646,-10.14,-7.4183,-5.516,-4.2599,-3.6472,-3.183,-3.0436,-3.1015,-3.3522,-3.7571,-4.2582,-4.6669,-5.2597,-5.9117,-6.4689,-7.4016,-8.6611,-9.8976,-11.972,-14.195,-14.955,-13.852,-11.677,-9.9003,-9.0244,-8.4293,-8.426,-8.8405,-9.8631,-11.386,-13.113,-14.135,-14.246,-13.179,-12.17,-11.051,-10.343,-10.106,-10.212,-10.762,-11.713,-12.678,-13.864,-14.159,-13.487,-11.834,-10.079,-8.6408,-7.8088,-7.0253,-6.5761,-6.4097,-6.432,-6.6805,-7.0094,-7.6582,-8.484,-9.3215,-9.6623,-9.1683,-7.6055,-6.131,-4.2459,-2.6553,-1.4368,-0.76846,-0.19293,0.058502,0.037079,-0.25666,-0.85138,-1.4761,-2.5447,-3.8894,-5.5036,-6.8889,-8.9708,-11.293,-13.038,-14.63,-14.463,-13.439,-11.93,-10.905,-10.518,-10.724,-11.676,-13.311,-14.475,-14.175,-11.748,-9.1587
0.71591,1.4841,2.3255,2.9065,3.1662,3.2693,3.1228,2.8681,2.3978,1.8601,1.3582,1.0744,0.8306,0.71046,0.6342,0.44551,0.045153,-0.46,-1.5142,-3.1819,-5.7771,-8.7527,-15.645,-18.466,-11.99,-7.3569,-4.8464,-3.7313,-2.9714,-2.9112,-3.5099,-4.4226,-6.4069,-9.598,-13.03,-15.943,-11.737,-7.9218,-5.976,-4.1976,-3.0778,-2.5522,-2.1671,-2.0414,-2.0829,-2.2388,-2.4461,-2.6401,-2.7386,-2.8166,-2.9039,-3.026,-3.3677,-4.0624,-4.9322,-6.7923,-10.075,-16.293,-18.64,-10.542,-5.5405,-3.0365,-0.5999,1.1297,2.3578,3.0204,3.6156,3.9351,4.0111,3.9311,3.6646,3.3641,2.8345,2.1822,1.4317,0.8262,-0.052288,-0.9868,-1.7099,-2.7075,-3.708,-4.4638,-5.5005,-6.6321,-7.9093,-9.0135,-10.66,-12.266,-12.897,-12.229,-10.395,-8.3939,-7.0647,-5.5839,-4.415,-3.7083,-2.99,-2.488,-2.2462,-2.1055,-2.1529,-2.4046,-2.6933,-3.2048,-3.7314,-4.0335,-4.1758,-3.9152,-3.5263,-2.8615,-2.2328,-1.7594,-1.5382,-1.4835,-1.7028,-2.053,-2.7403,-3.6277,-4.6071,-5.2894,-5.9268,-6.1391,-6.0796,-5.8803,-5.6878,-5.6035,-5.5182,-5.4004,-5.1416,-4.8357,-4.3219,-3.7969,-3.4783,-3.22,-3.2057,-3.3479,-3.7063,-4.1872,-4.7107,-5.0577,-5.3953,-5.6143,-5.7439,-5.9838,-6.3862,-7.0527,-7.806,-9.2676,-11.471,-13.915,-19.219,-25.224,-19.437,-13.686,-10.225,-7.9168,-6.6773,-5.4991,-4.7756,-4.5015,-4.4523,-4.8108,-5.3851,-6.6922,-8.9139,-12.92,-18.791,-21.564,-11.754,-8.0014,-4.7364,-2.5455,-1.0342,-0.23394,0.48881,0.8823,0.99926,0.954,0.70239,0.3995,-0.1492,-0.83307,-1.6333,-2.2883,-3.2112,-4.1205,-4.7217,-5.3838,-5.8168,-6.0494,-6.3323,-6.7781,-7.5763,-8.5137,-10.401,-13.268,-15.731,-15.944,-12.449,-9.3817
0.36444,1.3681,2.358,2.9392,3.0989,2.9427,2.3331,1.5694,0.14197,-1.6499,-3.3933,-4.06,-3.5922,-2.2606,-1.284,-0.28339,0.26639,0.40464,0.23066,-0.28882,-1.0753,-1.7114,-2.3895,-2.5128,-2.1974,-1.494,-0.78079,-0.40728,-0.22064,-0.45807,-1.1633,-2.0287,-3.6796,-5.8019,-7.3783,-8.4112,-7.5257,-5.9505,-4.9422,-4.0198,-3.5927,-3.5534,-3.8406,-4.4525,-5.1068,-6.175,-7.3421,-8.2377,-8.4853,-8.0899,-7.2177,-6.5515,-5.9083,-5.662,-5.798,-6.3691,-7.227,-7.8334,-7.5689,-5.9953,-3.8229,-2.2608,-0.48746,0.89595,1.9226,2.4668,2.9292,3.1218,3.1106,2.9002,2.506,2.1109,1.5025,0.83066,0.14982,-0.35375,-0.99472,-1.6105,-2.0643,-2.6869,-3.3999,-3.9915,-4.9213,-6.1048,-7.6862,-9.3133,-12.28,-17.065,-21.874,-18.149,-12.605,-9.0781,-7.2229,-5.3803,-4.0243,-3.2474,-2.4399,-1.8623,-1.5561,-1.2815,-1.1237,-1.0542,-1.0534,-1.0857,-1.0964,-1.0735,-0.96299,-0.77137,-0.584,-0.30981,-0.080159,0.036536,-0.0017223,-0.2639,-0.8408,-1.5386,-2.9075,-4.9272,-7.8859,-10.915,-14.565,-12.059,-9.0704,-6.085,-4.0465,-2.9219,-1.8002,-0.95098,-0.27504,0.14268,0.60743,0.95265,1.1401,1.2727,1.2676,1.1918,0.97135,0.64615,0.24061,-0.096416,-0.60301,-1.1459,-1.5945,-2.2601,-3.0415,-3.9508,-4.7297,-5.8684,-7.1077,-7.9657,-8.8661,-9.1109,-8.7946,-7.8386,-6.6065,-5.3535,-4.5137,-3.5851,-2.8814,-2.5381,-2.3042,-2.3532,-2.5779,-3.0998,-3.822,-4.5632,-4.9048,-4.734,-3.853,-2.9503,-1.7323,-0.69451,0.090918,0.5071,0.86028,1.0138,1.037,0.98881,0.90253,0.81363,0.67771,0.52124,0.33359,0.161,-0.11136,-0.42,-0.67503,-1.0354,-1.4117,-1.7164,-2.19,-2.744,-3.4157,-3.981,-4.7599,-5.4449,-5.7918,-5.8922,-5.6259,-5.1163
-1.2021,0.10899,1.2612,1.8642,1.9734,1.6718,0.814,-0.25062,-2.4059,-5.8208,-11.484,-16.015,-10.581,-5.8782,-3.674,-1.7395,-0.5189,0.067634,0.55166,0.7972,0.8989,0.94097,0.98742,1.1084,1.2159,1.3962,1.5375,1.5832,1.5081,1.2488,0.78397,0.30734,-0.45265,-1.274,-1.8689,-2.5424,-3.0641,-3.5052,-3.8491,-4.4423,-5.2399,-6.0012,-7.2402,-8.8136,-10.233,-12.698,-16.374,-23.782,-34.648,-19.505,-13.994,-11.509,-9.2966,-7.8326,-7.0659,-6.3466,-5.7811,-5.2314,-4.7462,-3.9578,-3.0642,-2.3786,-1.542,-0.83433,-0.32034,-0.072331,0.048606,-0.087328,-0.35371,-0.93483,-1.7495,-2.4998,-3.596,-4.6696,-5.5713,-6.059,-6.3939,-6.4805,-6.4789,-6.451,-6.4847,-6.5979,-6.8751,-7.283,-7.8856,-8.4068,-9.1561,-9.7778,-9.9635,-9.6594,-8.8346,-7.8055,-7.0561,-6.1752,-5.4617,-5.034,-4.5696,-4.1991,-3.9695,-3.7117,-3.5371,-3.4095,-3.3513,-3.2627,-3.1622,-3.0477,-2.8078,-2.4653,-2.1362,-1.6824,-1.2588,-0.95555,-0.86165,-0.94566,-1.334,-1.8491,-2.9092,-4.4429,-6.4741,-8.1218,-9.4393,-8.461,-6.8128,-4.6015,-2.7864,-1.6784,-0.49491,0.43072,1.1565,1.5956,2.0533,2.3731,2.523,2.6085,2.5722,2.4568,2.1996,1.8243,1.3475,0.92133,0.27174,-0.46891,-1.0806,-1.9597,-2.9104,-3.9344,-4.7193,-5.749,-6.685,-7.2781,-7.7916,-7.9467,-7.7905,-7.2428,-6.452,-5.5473,-4.8605,-4.0015,-3.2611,-2.7851,-2.3078,-1.9781,-1.8199,-1.7026,-1.6533,-1.6041,-1.5462,-1.4145,-1.2198,-1.0593,-0.8812,-0.80551,-0.90209,-1.0917,-1.5103,-2.0486,-2.4713,-2.925,-3.0915,-2.9804,-2.5668,-2.0262,-1.5045,-1.1817,-0.86612,-0.70142,-0.68329,-0.76862,-0.98815,-1.2209,-1.6037,-2.0517,-2.5323,-2.9081,-3.4033,-3.8317,-4.1036,-4.3874,-4.5497,-4.6353
-0.66344,0.10191,0.83997,1.2288,1.2933,1.0686,0.51814,-0.097213,-1.1365,-2.2799,-3.2528,-3.6677,-3.6614,-3.1648,-2.6488,-1.9726,-1.3756,-1.0018,-0.57755,-0.22689,0.093517,0.31703,0.6272,0.91213,1.1184,1.3564,1.5247,1.5916,1.58,1.4363,1.1524,0.84797,0.34339,-0.28461,-0.82936,-1.646,-2.587,-3.6956,-4.6704,-6.213,-8.0713,-9.6827,-12.031,-14.256,-15.606,-16.767,-17.451,-17.607,-17.226,-15.859,-13.979,-12.61,-11.075,-9.8595,-9.1256,-8.3162,-7.6584,-7.0524,-6.5947,-5.9997,-5.4304,-5.039,-4.5723,-4.2156,-4.0123,-3.9713,-4.1063,-4.5023,-5.0177,-6.0218,-7.4812,-8.921,-11.45,-14.627,-17.715,-18.299,-16.751,-14.853,-13.741,-12.648,-11.768,-11.24,-10.649,-10.187,-9.8162,-9.5879,-9.3944,-9.2179,-9.0736,-8.9014,-8.7371,-8.6527,-8.6111,-8.6584,-8.8046,-8.9383,-9.1101,-9.159,-9.0788,-8.8618,-8.6118,-8.4755,-8.4649,-8.6189,-8.8823,-9.0019,-8.8271,-8.0606,-7.1881,-5.8788,-4.6414,-3.6387,-3.063,-2.5639,-2.3523,-2.3635,-2.5678,-2.9286,-3.3173,-3.5494,-3.6547,-3.4563,-3.1212,-2.4996,-1.7788,-1.2439,-0.55456,0.068583,0.6054,0.94956,1.3178,1.5865,1.7077,1.7604,1.6743,1.5072,1.164,0.67608,0.044938,-0.51654,-1.36,-2.3119,-3.086,-4.1968,-5.3882,-6.6615,-7.6906,-9.1776,-10.736,-11.883,-13.087,-13.416,-12.914,-11.617,-10.08,-8.6365,-7.6651,-6.5293,-5.5918,-4.9838,-4.2905,-3.6941,-3.3026,-2.8601,-2.4946,-2.2065,-2.0437,-1.9192,-1.9082,-1.9869,-2.2403,-2.7146,-3.469,-4.2648,-5.7118,-7.7038,-9.6507,-12.656,-14.119,-12.633,-9.6306,-7.162,-5.3731,-4.3941,-3.4882,-2.9608,-2.7636,-2.7359,-2.9266,-3.1823,-3.623,-4.1409,-4.6777,-5.0718,-5.5823,-6.078,-6.4263,-6.8647,-7.2408,-7.5504
0.97351,1.2952,1.6276,1.7922,1.7978,1.6385,1.2927,0.9291,0.34619,-0.29526,-0.91918,-1.3434,-1.8061,-2.1493,-2.3505,-2.5354,-2.6452,-2.6572,-2.5815,-2.3652,-2.0008,-1.6368,-1.0695,-0.47651,-0.032139,0.48856,0.91071,1.14,1.3241,1.3555,1.2353,1.0463,0.65146,0.10299,-0.41264,-1.2605,-2.3195,-3.6326,-4.8349,-6.7983,-9.3505,-11.861,-16.54,-25.252,-41.461,-22.544,-17.95,-15.54,-14.357,-13.21,-12.343,-11.866,-11.387,-11.148,-11.036,-10.876,-10.605,-10.172,-9.7841,-9.2535,-8.7629,-8.4483,-8.1059,-7.8685,-7.7024,-7.656,-7.7142,-7.9685,-8.3585,-9.2251,-10.625,-12.095,-14.791,-18.514,-22.532,-23.462,-21.638,-19.997,-19.247,-18.566,-17.667,-16.624,-14.987,-13.441,-12.121,-11.36,-10.551,-9.9952,-9.7449,-9.6141,-9.7286,-10.093,-10.575,-11.531,-12.897,-14.193,-16.075,-17.267,-16.993,-15.552,-14.031,-13.136,-12.984,-13.684,-15.687,-18.584,-24.2,-18.742,-14.091,-9.983,-7.2547,-5.3639,-4.3295,-3.3486,-2.7212,-2.4419,-2.2453,-2.1947,-2.22,-2.2558,-2.2929,-2.2777,-2.2207,-2.0898,-1.8938,-1.7045,-1.3983,-1.0343,-0.63154,-0.32675,0.054611,0.36185,0.5241,0.61165,0.52128,0.33657,-0.098436,-0.74443,-1.6025,-2.3728,-3.5521,-4.8562,-5.8746,-7.2359,-8.5691,-9.9046,-10.996,-12.774,-15.263,-18.053,-24.832,-36.747,-23.158,-16.968,-13.585,-11.405,-10.228,-9.0682,-8.1695,-7.6117,-6.8687,-6.1234,-5.553,-4.7997,-4.1152,-3.5603,-3.2425,-2.9712,-2.9056,-3.0079,-3.3638,-3.9957,-4.9256,-5.8549,-7.457,-9.587,-11.571,-14.584,-16.026,-14.498,-11.351,-8.7402,-6.8289,-5.7852,-4.842,-4.3487,-4.2417,-4.4336,-4.9453,-5.5095,-6.4378,-7.4209,-8.3082,-8.8269,-9.3265,-9.7787,-10.179,-10.883,-11.839,-12.796
2.2662,2.4825,2.6993,2.8115,2.8015,2.6542,2.3312,1.9781,1.3713,0.62403,-0.23306,-0.9204,-1.8778,-2.8486,-3.5663,-4.4862,-5.3707,-5.9794,-6.6015,-6.7318,-6.1712,-5.3307,-3.962,-2.5326,-1.5798,-0.49193,0.34817,0.8204,1.2477,1.4639,1.4862,1.3871,1.103,0.67275,0.25419,-0.43271,-1.2795,-2.2991,-3.2003,-4.6121,-6.2848,-7.6881,-9.646,-11.282,-11.96,-11.933,-11.273,-10.556,-10.149,-9.8638,-9.9495,-10.274,-11.093,-12.38,-13.633,-15.383,-16.147,-15.32,-14.243,-12.95,-12.145,-11.866,-11.855,-11.966,-11.865,-11.531,-10.85,-10.194,-9.8492,-9.7612,-10.106,-10.655,-11.7,-13.034,-14.472,-15.545,-17.16,-19.353,-21.95,-28.516,-33.153,-24.346,-18.636,-15.3,-13.086,-11.906,-10.751,-10.033,-9.743,-9.6097,-9.7924,-10.285,-10.942,-12.237,-14.185,-16.296,-20.403,-25.382,-23.281,-18.129,-14.953,-13.089,-12.382,-12.106,-12.467,-12.948,-13.027,-11.636,-9.9479,-7.6287,-5.7079,-4.2267,-3.3955,-2.6101,-2.1276,-1.9231,-1.8202,-1.8498,-1.9807,-2.115,-2.3282,-2.5784,-2.789,-3.0966,-3.4087,-3.5789,-3.653,-3.4427,-2.9213,-2.39,-1.6168,-0.92653,-0.52159,-0.19031,-0.12503,-0.26616,-0.73553,-1.5402,-2.6993,-3.8211,-5.6648,-7.8821,-9.6819,-11.879,-13.153,-13.413,-13.326,-13.343,-13.718,-14.224,-14.815,-14.787,-14.179,-12.992,-11.831,-11.019,-10.708,-10.675,-10.916,-11.07,-10.841,-9.8535,-8.7539,-7.1719,-5.762,-4.645,-4.0294,-3.4799,-3.239,-3.2562,-3.5297,-4.0741,-4.8685,-5.6022,-6.6849,-7.7864,-8.4771,-9.0194,-8.9819,-8.5326,-7.5591,-6.3891,-5.2925,-4.625,-4.0211,-3.8069,-3.9474,-4.563,-5.7466,-7.0727,-9.4987,-12.694,-15.628,-15.944,-14.39,-13.072,-12.774,-13.393,-15.418,-19.883
2.4287,2.8141,3.2494,3.5471,3.6406,3.5687,3.2591,2.8481,2.0579,0.98793,-0.37314,-1.5539,-3.3009,-5.096,-6.3707,-7.956,-9.5808,-11.187,-14.572,-20.486,-17.23,-12.046,-7.4334,-4.3644,-2.6857,-1.0057,0.17302,0.79783,1.3349,1.5925,1.6135,1.5033,1.242,0.87863,0.55622,0.10121,-0.3679,-0.86607,-1.263,-1.8383,-2.4506,-2.9092,-3.5005,-3.9835,-4.2441,-4.4837,-4.6312,-4.8018,-4.9862,-5.3872,-6.1066,-6.9104,-8.5018,-10.879,-13.474,-18.835,-23.617,-18.408,-15.462,-13.392,-12.81,-13.227,-15.069,-19.091,-24.125,-20.006,-14.388,-11.101,-9.5256,-8.2334,-7.5939,-7.4755,-7.6851,-8.2378,-9.064,-9.878,-11.178,-12.724,-13.975,-15.339,-15.723,-15.185,-13.876,-12.507,-11.282,-10.511,-9.7383,-9.1857,-8.9136,-8.7707,-8.8564,-9.2222,-9.6283,-10.319,-11.092,-11.675,-12.203,-12.222,-11.841,-10.825,-9.5467,-8.3304,-7.5396,-6.6554,-5.9516,-5.4678,-4.7996,-4.0572,-3.4638,-2.6666,-1.9748,-1.4543,-1.2181,-1.1064,-1.2269,-1.4295,-1.832,-2.3015,-2.7685,-3.0645,-3.4695,-3.9095,-4.3687,-5.2568,-6.6108,-7.9415,-9.8465,-10.269,-8.2064,-6.1722,-3.8408,-2.1028,-1.1683,-0.35051,0.019223,0.01031,-0.34865,-1.1371,-2.3926,-3.7001,-6.0485,-9.3426,-12.897,-21.125,-25.783,-16.781,-13.796,-11.544,-10.244,-9.5825,-8.9994,-8.517,-8.238,-7.999,-8.0023,-8.3414,-8.9768,-10.538,-13.526,-17.639,-34.391,-17.446,-12.473,-8.6379,-6.2291,-4.6412,-3.831,-3.1512,-2.8496,-2.8298,-3.074,-3.6314,-4.5286,-5.4261,-6.8977,-8.5546,-9.6496,-10.2,-9.2347,-7.9363,-6.0808,-4.3958,-3.0537,-2.2903,-1.6332,-1.4107,-1.5432,-2.1679,-3.3694,-4.7222,-7.2317,-10.663,-14.031,-14.123,-11.869,-10.049,-9.3333,-9.1451,-9.5516,-10.195
0.61885,1.67,2.8167,3.6143,3.9805,4.157,3.9705,3.5806,2.689,1.3207,-0.61516,-2.5497,-5.9828,-10.631,-14.382,-14.96,-12.648,-11.649,-11.263,-10.955,-9.519,-7.6793,-5.1512,-2.9997,-1.6879,-0.37461,0.53178,0.96567,1.2513,1.2295,0.93378,0.57248,-0.035695,-0.67711,-1.09,-1.428,-1.4839,-1.317,-1.1,-0.80133,-0.52777,-0.37056,-0.21504,-0.12803,-0.088928,-0.081433,-0.13804,-0.29051,-0.49262,-0.91128,-1.5279,-2.1369,-3.1479,-4.3463,-5.2912,-6.4471,-7.1883,-7.437,-7.4342,-7.4498,-7.7629,-8.311,-9.4253,-10.693,-11.194,-10.487,-8.6294,-6.7358,-5.6,-4.4561,-3.7517,-3.4783,-3.3974,-3.5928,-4.0472,-4.5232,-5.2903,-6.1789,-6.8568,-7.7366,-8.5076,-8.9705,-9.4243,-9.6819,-9.7555,-9.6397,-9.3382,-8.8979,-8.599,-8.3406,-8.3506,-8.6425,-8.9887,-9.5699,-10.083,-10.211,-9.8985,-8.9551,-7.997,-6.5667,-5.127,-3.8051,-2.8914,-1.8562,-0.99944,-0.45795,0.12684,0.58825,0.84019,1.0417,1.0785,0.89234,0.59901,-0.036172,-0.98715,-1.9227,-3.4403,-5.1282,-6.4675,-6.8633,-6.589,-6.0413,-5.8246,-6.1062,-7.2566,-8.8728,-12,-13.369,-9.4804,-6.4964,-3.5871,-1.5805,-0.53626,0.40041,0.8836,0.98223,0.80677,0.27217,-0.61725,-1.5,-2.9648,-4.6856,-6.0144,-7.4895,-8.2117,-8.075,-7.6011,-6.8336,-6.0291,-5.4575,-4.8019,-4.2774,-3.9926,-3.7581,-3.7497,-4.0462,-4.4787,-5.3436,-6.4944,-7.2998,-7.7827,-7.2208,-6.3343,-5.0371,-3.9702,-3.2169,-2.8251,-2.5155,-2.3786,-2.3835,-2.5472,-2.9761,-3.7822,-4.7252,-6.6926,-10.035,-14.422,-22.424,-12.516,-8.1045,-4.3753,-1.8881,-0.14491,0.79385,1.6484,2.0855,2.1712,1.9768,1.4623,0.91384,0.013426,-0.8953,-1.6294,-1.978,-2.155,-2.1709,-2.1678,-2.2187,-2.3741,-2.5747
-2.2872,-0.32096,1.5645,2.8302,3.4686,3.9497,4.0201,3.8207,3.1978,2.1251,0.55594,-1.0024,-3.6351,-6.6965,-8.6034,-9.0501,-7.6762,-6.5435,-5.3334,-4.3777,-3.4892,-2.8342,-1.9834,-1.1856,-0.69591,-0.17862,0.12051,0.18022,0.020117,-0.47128,-1.3517,-2.3169,-4.1047,-6.4236,-8.1808,-9.1621,-7.7439,-5.5667,-4.132,-2.58,-1.398,-0.69483,0.079019,0.68983,1.05,1.4291,1.6774,1.8025,1.7973,1.654,1.3791,1.0852,0.60735,0.068545,-0.34071,-0.85393,-1.3095,-1.6656,-1.8831,-2.1404,-2.3992,-2.5968,-2.8407,-2.9976,-2.9591,-2.7723,-2.3548,-1.8309,-1.4354,-0.98296,-0.65975,-0.50368,-0.44594,-0.56978,-0.88094,-1.2237,-1.8509,-2.6617,-3.4022,-4.6004,-6.0244,-7.3277,-9.3925,-11.779,-13.851,-14.249,-12.912,-11.155,-10.119,-9.2513,-9.0136,-9.3715,-10.149,-12.036,-15.169,-17.827,-16.245,-11.382,-8.4285,-5.3965,-3.0909,-1.3024,-0.22754,0.91429,1.7671,2.2284,2.6376,2.8199,2.8233,2.641,2.2524,1.6454,1.0338,-0.040216,-1.5045,-2.9858,-5.7438,-10.227,-20.215,-22.543,-11.675,-7.5079,-5.7608,-4.4339,-3.8132,-3.6194,-3.4399,-3.076,-2.4207,-1.7941,-0.91549,-0.14498,0.32548,0.7729,1.0432,1.1373,1.0733,0.8131,0.34738,-0.14747,-0.95153,-1.9153,-2.6754,-3.6515,-4.4855,-5.0325,-5.1964,-5.025,-4.4943,-3.9416,-3.0808,-2.2708,-1.7326,-1.1659,-0.7929,-0.64431,-0.65284,-0.80724,-1.0362,-1.2429,-1.4913,-1.695,-1.8512,-2.1113,-2.5253,-3.1068,-3.6189,-4.1997,-4.4066,-4.2487,-3.7489,-3.2043,-2.8553,-2.8018,-2.9943,-3.327,-3.4972,-3.2686,-2.2766,-1.2211,0.30156,1.7248,2.9204,3.6381,4.3638,4.8372,5.0333,5.1132,5.008,4.8327,4.5084,4.1307,3.7515,3.4799,3.1372,2.8194,2.5831,2.2607,1.8946,1.4617
-2.2161,-1.019,0.34906,1.4338,2.0587,2.667,3.0158,3.1005,2.9884,2.6197,2.007,1.4228,0.55649,-0.28786,-0.82055,-1.2936,-1.4902,-1.5414,-1.5482,-1.5596,-1.6191,-1.7214,-1.8677,-2.059,-2.1904,-2.3005,-2.3806,-2.4506,-2.6706,-3.158,-4.0669,-5.1443,-7.2792,-10.506,-13.789,-16.2,-12.712,-9.2493,-7.4249,-5.6309,-4.2829,-3.3997,-2.3379,-1.347,-0.66889,0.11262,0.72946,1.167,1.3812,1.5214,1.497,1.3915,1.1585,0.84909,0.59727,0.28119,0.0090006,-0.20152,-0.31702,-0.43057,-0.50528,-0.54109,-0.58126,-0.60495,-0.60002,-0.57873,-0.5296,-0.44858,-0.36842,-0.26127,-0.14644,-0.073726,-0.013171,-0.032535,-0.15575,-0.35946,-0.80293,-1.4753,-2.1693,-3.3852,-5.0458,-6.6559,-9.5054,-13.486,-18.642,-19.593,-15.57,-12.322,-10.777,-9.5564,-8.9837,-9.0005,-9.411,-10.448,-11.821,-12.456,-11.364,-8.4425,-6.1766,-3.5965,-1.5224,0.10108,1.0365,1.9809,2.5954,2.8582,2.9611,2.7895,2.4995,1.926,1.1654,0.30134,-0.39668,-1.3485,-2.308,-3.0569,-4.1159,-5.1122,-5.704,-5.6429,-4.8472,-3.699,-2.8652,-1.942,-1.2883,-0.95225,-0.69572,-0.56745,-0.55636,-0.62316,-0.78867,-1.0115,-1.1655,-1.2964,-1.2712,-1.1548,-0.94914,-0.79615,-0.81915,-1.0029,-1.502,-2.316,-3.153,-4.6107,-6.4663,-8.6259,-10.038,-10.282,-8.4692,-6.7061,-4.5731,-2.855,-1.8287,-0.77533,-0.031131,0.47744,0.71053,0.85515,0.8387,0.71754,0.41311,-0.083815,-0.61131,-1.6157,-3.0741,-5.2376,-7.6111,-12.488,-17.219,-13.134,-8.0598,-4.9552,-2.975,-1.9476,-0.95396,-0.21406,0.26449,0.88607,1.5475,2.0796,2.8302,3.5614,4.2336,4.6782,5.1649,5.5321,5.7208,5.86,5.8792,5.815,5.6542,5.4076,5.1027,4.8477,4.4725,4.0758,3.7598,3.3054,2.8179,2.2657
-2.183,-1.662,-0.97264,-0.26095,0.27522,0.9704,1.6222,2.0422,2.4754,2.7463,2.8454,2.8176,2.6655,2.4015,2.1572,1.7878,1.352,0.97217,0.36343,-0.40273,-1.3907,-2.2894,-3.7177,-5.3257,-6.4067,-7.2647,-7.0771,-6.4937,-5.6725,-5.1448,-5.0445,-5.25,-5.8238,-6.6224,-7.1988,-7.8043,-8.1244,-8.2636,-8.3718,-8.5221,-8.3831,-7.8544,-6.5576,-4.8934,-3.6567,-2.2173,-1.0916,-0.30221,0.095518,0.38651,0.42026,0.30722,0.0074143,-0.39987,-0.72883,-1.1167,-1.3504,-1.4072,-1.3368,-1.1432,-0.91002,-0.75683,-0.61435,-0.5698,-0.65115,-0.79062,-1.0534,-1.3674,-1.5889,-1.7688,-1.751,-1.6042,-1.259,-0.84576,-0.49465,-0.3352,-0.30658,-0.54012,-0.89655,-1.6156,-2.6497,-3.5791,-5.0088,-6.4594,-7.6737,-8.2838,-8.5886,-8.5507,-8.3652,-7.9835,-7.5342,-7.0818,-6.7061,-6.1483,-5.5025,-4.8741,-3.808,-2.5512,-1.5212,-0.17793,1.0185,2.0086,2.5851,3.1043,3.3301,3.302,2.9821,2.3338,1.6148,0.34784,-1.2311,-2.9789,-4.1477,-5.049,-4.9561,-4.4609,-3.6387,-2.8522,-2.1352,-1.6347,-0.95218,-0.32091,0.10118,0.54973,0.82691,0.90527,0.81345,0.455,-0.19163,-0.89509,-2.1974,-3.9264,-5.4493,-7.1821,-7.3571,-6.3612,-4.5945,-3.1629,-2.2683,-1.9332,-1.9527,-2.4601,-3.1949,-4.7242,-7.0593,-10.613,-14.227,-15.557,-10.726,-7.7615,-4.9016,-2.8869,-1.7407,-0.57145,0.28196,0.89817,1.2219,1.4968,1.5793,1.5385,1.323,0.90436,0.44185,-0.41647,-1.6025,-3.1564,-4.5436,-6.3758,-7.1408,-6.4931,-4.6787,-2.8129,-1.2864,-0.37366,0.57866,1.2933,1.7249,2.2157,2.6266,2.9236,3.3119,3.696,4.0742,4.3518,4.6961,4.9861,5.1594,5.3067,5.3512,5.3146,5.1657,4.9119,4.5597,4.2441,3.7822,3.2864,2.9127,2.4262,1.9629,1.5207
-3.7171,-3.9272,-4.0898,-3.8347,-3.2367,-2.0396,-0.65255,0.36156,1.5456,2.4849,3.1769,3.5334,3.807,3.876,3.8044,3.5387,3.0729,2.5946,1.7396,0.58679,-0.95634,-2.435,-5.1073,-9.1353,-14.136,-38.158,-14.763,-10.421,-7.2513,-5.4569,-4.4543,-4.0593,-3.9112,-4.1077,-4.4409,-5.1208,-6.1163,-7.6613,-9.3671,-13.057,-21.02,-24.82,-13.529,-8.448,-6.0362,-3.79,-2.26,-1.276,-0.84062,-0.62417,-0.77714,-1.1362,-1.9324,-3.0464,-4.0369,-5.3405,-6.0664,-5.7218,-4.9308,-3.6768,-2.5812,-1.9683,-1.453,-1.2943,-1.4971,-1.8905,-2.754,-4.0093,-5.1674,-6.6283,-7.0969,-6.3419,-4.5313,-2.6927,-1.2249,-0.39266,0.36124,0.73729,0.79527,0.59083,0.12286,-0.40172,-1.279,-2.3456,-3.5228,-4.4654,-5.7968,-7.1698,-8.0702,-8.6705,-8.2187,-6.8711,-5.6261,-3.981,-2.4691,-1.431,-0.14213,1.0258,1.8181,2.7604,3.5395,4.1181,4.4159,4.6019,4.5259,4.2761,3.6576,2.6685,1.6346,-0.25968,-2.9926,-7.2592,-12.874,-28.27,-10.851,-6.8296,-3.6427,-1.6171,-0.20788,0.60409,1.4216,2.0337,2.3682,2.65,2.7399,2.6653,2.3719,1.7946,0.87581,-0.095384,-1.9051,-4.5732,-7.4691,-12.94,-13.401,-9.348,-5.4964,-3.1503,-1.7453,-1.1217,-0.74312,-0.80415,-1.0882,-1.7204,-2.5497,-3.3673,-3.8138,-3.9479,-3.533,-2.9689,-2.1078,-1.2549,-0.68619,-0.029837,0.53527,0.99082,1.2798,1.5852,1.7951,1.8823,1.8957,1.7893,1.625,1.3148,0.90789,0.45784,0.14855,-0.13375,-0.19128,-0.048119,0.33811,0.83848,1.345,1.674,2.0022,2.1951,2.253,2.2368,2.1718,2.1146,2.0684,2.1332,2.3297,2.5553,2.9315,3.3171,3.5755,3.8373,3.9638,3.9595,3.7935,3.4528,2.9324,2.433,1.6626,0.82873,0.2372,-0.3877,-0.73897,-0.79989
-6.7543,-8.709,-12.75,-17.126,-13.774,-8.0847,-4.2444,-2.1531,-0.029902,1.5379,2.6786,3.3023,3.8672,4.1632,4.2158,4.0752,3.7091,3.2806,2.5064,1.4868,0.21754,-0.89164,-2.582,-4.3348,-5.4919,-6.4054,-6.2535,-5.638,-4.6195,-3.697,-2.9856,-2.6271,-2.3852,-2.3939,-2.5825,-3.0624,-3.831,-4.9009,-5.9026,-7.3341,-8.4041,-8.4668,-7.4604,-5.9064,-4.7446,-3.4593,-2.5134,-1.8908,-1.6519,-1.6368,-1.9933,-2.5489,-3.7712,-5.7714,-8.0509,-13.253,-31.021,-15.406,-10.203,-6.4263,-4.2197,-3.1562,-2.3339,-2.0703,-2.2999,-2.8045,-4.0034,-6.0089,-8.3011,-13.421,-18.753,-13.064,-7.2685,-3.7403,-1.3833,-0.10559,1.0989,1.8616,2.1811,2.3061,2.127,1.7948,1.1103,0.12653,-1.2112,-2.4928,-4.7559,-8.0514,-11.986,-25.42,-16.579,-9.0689,-5.9553,-3.0512,-0.92111,0.35224,1.7378,2.8736,3.5754,4.3325,4.8964,5.2595,5.3974,5.4025,5.1923,4.8867,4.2802,3.4279,2.6194,1.3237,-0.19986,-1.7931,-2.7889,-3.3437,-2.8046,-1.953,-0.67674,0.49269,1.4576,2.048,2.6552,3.0946,3.3204,3.4956,3.5289,3.4578,3.2216,2.8267,2.2424,1.6722,0.77761,-0.23895,-0.97445,-1.6771,-1.8389,-1.5922,-0.95026,-0.26148,0.31155,0.6007,0.80427,0.79607,0.67913,0.41415,0.074769,-0.2812,-0.52212,-0.79545,-0.97939,-1.0632,-1.1527,-1.2113,-1.2411,-1.2212,-1.1024,-0.85784,-0.59707,-0.19219,0.24474,0.53217,0.85028,1.0789,1.1947,1.2943,1.3675,1.4382,1.5077,1.6272,1.7822,1.9158,2.0897,2.2219,2.2634,2.2063,1.9832,1.5645,1.1058,0.29014,-0.70456,-1.526,-2.5169,-3.0678,-2.9013,-2.3675,-1.3995,-0.41324,0.21861,0.86775,1.2538,1.3532,1.2362,0.80214,0.029681,-0.79919,-2.3026,-4.2802,-6.048,-8.2675,-8.7128,-7.0257
-6.6864,-7.9435,-9.6219,-10.26,-9.3228,-6.8771,-4.3175,-2.6048,-0.69317,0.82289,1.9739,2.632,3.2562,3.6061,3.7035,3.637,3.3592,3.0138,2.4004,1.6279,0.73401,-0.0095454,-1.0006,-1.9062,-2.4808,-3.0147,-3.2536,-3.2354,-3.0009,-2.6203,-2.2093,-1.9289,-1.6273,-1.4588,-1.4352,-1.5615,-1.8566,-2.2614,-2.6172,-3.0942,-3.4677,-3.6416,-3.6807,-3.5655,-3.418,-3.1729,-2.963,-2.8087,-2.7391,-2.7345,-2.9058,-3.1729,-3.7444,-4.6117,-5.3951,-6.382,-6.8676,-6.4062,-5.5923,-4.3641,-3.322,-2.7467,-2.2875,-2.1671,-2.3522,-2.6692,-3.265,-3.9858,-4.4989,-4.9365,-4.7558,-4.0998,-2.7406,-1.1942,0.25565,1.1995,2.2211,2.9574,3.324,3.5816,3.5622,3.3874,2.9279,2.2209,1.2474,0.34287,-1.069,-2.6212,-3.709,-4.6039,-4.3771,-3.1812,-2.0357,-0.52695,0.83909,1.7416,2.7851,3.6426,4.1707,4.7176,5.0815,5.2702,5.2892,5.16,4.8662,4.5539,4.0353,3.4274,2.9376,2.2806,1.6741,1.1759,0.92265,0.78501,0.86233,1.0469,1.3787,1.7471,2.0873,2.2904,2.5158,2.6572,2.7228,2.7683,2.776,2.7649,2.7126,2.6222,2.4833,2.3471,2.1252,1.8905,1.7257,1.5463,1.4507,1.4372,1.4564,1.4895,1.4912,1.4445,1.3088,1.1062,0.91136,0.60556,0.26732,-0.10513,-0.4064,-0.86005,-1.4048,-1.9084,-2.7142,-3.7248,-4.5738,-5.6804,-6.3894,-6.2132,-5.5682,-4.411,-3.3204,-2.6419,-1.9694,-1.5174,-1.2665,-0.98875,-0.67911,-0.28686,0.055038,0.54066,1.0148,1.3138,1.6031,1.7276,1.6414,1.4175,0.87503,0.0017024,-0.90674,-2.5436,-4.8687,-7.2568,-11.947,-19.298,-15.589,-11.132,-7.4589,-5.1129,-3.8757,-2.7269,-2.0286,-1.766,-1.7319,-2.0793,-2.8211,-3.6744,-5.3182,-7.726,-10.274,-14.704,-15.666,-11.125
-5.3247,-5.7159,-5.8741,-5.5319,-4.9452,-3.7762,-2.3999,-1.3421,-0.009154,1.1422,2.0712,2.6032,3.0954,3.3523,3.4065,3.3007,3.0017,2.6704,2.0859,1.3631,0.51933,-0.17954,-1.138,-2.1092,-2.7837,-3.4904,-3.8876,-3.9364,-3.6637,-3.0917,-2.385,-1.8393,-1.1831,-0.67729,-0.40539,-0.20926,-0.19596,-0.36329,-0.5769,-0.97347,-1.469,-1.8896,-2.5011,-3.123,-3.5887,-4.1257,-4.4636,-4.5459,-4.4158,-4.0658,-3.6283,-3.313,-2.9686,-2.7015,-2.5596,-2.3868,-2.1772,-1.8988,-1.6622,-1.3652,-1.1535,-1.1139,-1.2273,-1.5303,-1.9891,-2.3738,-2.8113,-2.9908,-2.9082,-2.4505,-1.6627,-0.91581,0.19706,1.335,2.419,3.1419,3.9714,4.6107,4.9628,5.2579,5.3589,5.311,5.085,4.6906,4.1599,3.6855,2.9954,2.3242,1.8905,1.4654,1.2929,1.3878,1.6033,2.0409,2.5958,3.0511,3.6695,4.2381,4.6037,4.973,5.173,5.1806,5.0561,4.714,4.1971,3.7255,3.0399,2.3936,2.0015,1.6414,1.4853,1.4967,1.5675,1.7001,1.8416,1.9294,2.0017,1.9964,1.906,1.7838,1.5623,1.3051,1.1209,0.93364,0.86943,0.92184,1.132,1.4347,1.7837,2.0415,2.3242,2.5434,2.6556,2.7257,2.7123,2.6463,2.4719,2.2112,1.8465,1.5238,1.0304,0.51026,0.12612,-0.34159,-0.73843,-1.0731,-1.3237,-1.7084,-2.2752,-2.8971,-4.0985,-5.9463,-8.0098,-12.455,-23.051,-18.829,-12.489,-8.296,-6.0611,-5.0988,-4.4908,-4.4639,-4.69,-5.0142,-4.9218,-4.0951,-3.1233,-1.722,-0.49103,0.24456,0.93583,1.293,1.3223,1.1294,0.57619,-0.33649,-1.2668,-2.8461,-4.8643,-6.6244,-9.0828,-10.879,-10.913,-9.9972,-8.4114,-6.9044,-5.9344,-4.9061,-4.172,-3.8125,-3.6258,-3.7283,-4.1093,-4.5456,-5.2535,-6.0391,-6.5655,-6.9877,-6.825,-6.0992
-6.3977,-7.1773,-7.2228,-6.0408,-4.7284,-2.8714,-1.1593,-0.030357,1.2423,2.249,2.9809,3.3602,3.6501,3.7166,3.6324,3.361,2.9351,2.5279,1.8655,1.0647,0.097725,-0.75176,-2.0613,-3.6743,-5.0762,-7.0502,-8.618,-8.7872,-7.3987,-5.2629,-3.2216,-1.9205,-0.53114,0.50616,1.0661,1.5609,1.7696,1.6931,1.4639,0.94063,0.14855,-0.6215,-1.9184,-3.5307,-4.9914,-7.1879,-9.1669,-9.6587,-8.7184,-6.7393,-4.7801,-3.5225,-2.1455,-1.0444,-0.38174,0.33043,0.88451,1.2704,1.4531,1.5426,1.4178,1.1466,0.50932,-0.49787,-1.9192,-3.236,-5.0817,-5.9612,-5.3012,-3.2513,-1.0271,0.4503,2.1409,3.5404,4.6855,5.3919,6.1603,6.7522,7.0843,7.3912,7.5601,7.5927,7.5212,7.3279,7.0199,6.7198,6.2344,5.6756,5.2251,4.6044,4.0072,3.4708,3.168,2.9867,3.1122,3.4073,3.9899,4.6468,5.0931,5.5434,5.7564,5.6624,5.3842,4.7019,3.6412,2.6073,0.97544,-0.64184,-1.4611,-1.5532,-0.72762,0.35595,1.0644,1.7726,2.2023,2.3368,2.291,2.0073,1.4936,0.98368,0.095594,-0.94599,-1.7691,-2.7476,-3.2198,-3.0433,-2.1262,-0.84328,0.44658,1.3009,2.2463,2.9387,3.2998,3.5923,3.6608,3.5737,3.267,2.7355,1.9746,1.2648,0.14598,-1.1009,-1.9936,-2.9064,-3.2238,-3.0105,-2.6853,-2.2816,-2.1031,-2.1752,-2.615,-3.4437,-4.3118,-5.5768,-6.4812,-6.3503,-5.6564,-4.5372,-3.7442,-3.53,-3.8709,-5.1936,-7.1134,-12.067,-23.381,-11.396,-6.6493,-2.8775,-0.54053,0.64005,1.6705,2.2069,2.3316,2.1979,1.7269,0.95276,0.18408,-1.0627,-2.5405,-3.7429,-5.3713,-6.8863,-8.0579,-8.5285,-8.4848,-7.7694,-6.9805,-5.8899,-5.0068,-4.5667,-4.3126,-4.341,-4.6439,-4.9351,-5.2851,-5.4665,-5.4359,-5.1888,-4.6982,-4.0342
-9.4202,-15.767,-20.34,-9.1741,-5.3322,-2.0408,0.21144,1.4874,2.732,3.5645,4.0378,4.1855,4.1244,3.8172,3.4341,2.7928,2.0927,1.5558,0.86022,0.14463,-0.68968,-1.4266,-2.753,-4.5998,-6.4889,-10.097,-16.034,-17.913,-11.022,-6.1658,-2.9132,-1.072,0.81601,2.2014,2.9473,3.6095,3.9071,3.8629,3.6024,2.9422,1.9382,0.92422,-0.80754,-3.0731,-5.1892,-9.0065,-14.65,-17.472,-12.912,-8.1051,-4.8188,-2.9436,-0.97967,0.5306,1.4722,2.479,3.2512,3.8005,4.0716,4.2316,4.1133,3.8267,3.1069,1.8802,-0.059087,-2.2111,-6.6419,-11.67,-8.253,-2.7809,0.73317,2.6074,4.4509,5.7983,6.7813,7.3477,7.926,8.3535,8.6027,8.8617,9.0447,9.1331,9.191,9.1476,8.9831,8.7731,8.3497,7.7288,7.1177,6.0846,4.7269,3.012,1.5387,-0.26345,-0.67225,0.32112,2.3268,4.1648,5.2444,6.2411,6.7527,6.7962,6.5027,5.6459,4.1684,2.5269,-0.73948,-6.5045,-16.876,-10.669,-3.5733,-0.31005,1.1363,2.2883,2.7848,2.8385,2.5394,1.8814,0.89528,-0.058489,-1.6719,-3.8127,-6.001,-10.447,-19.203,-16.349,-8.2344,-3.7763,-0.89065,0.6764,2.2324,3.3068,3.8463,4.2747,4.3949,4.2854,3.8992,3.1787,2.1053,0.98242,-1.0423,-3.9867,-7.1523,-13.201,-12.802,-7.4066,-4.783,-2.5217,-1.1211,-0.43619,0.099583,0.36221,0.4371,0.47502,0.54423,0.71858,0.9023,1.1184,1.2208,1.1433,0.74283,-0.025673,-0.82503,-1.9063,-2.2971,-1.4425,-0.28568,1.3067,2.5924,3.285,3.8739,4.1037,4.026,3.7883,3.2573,2.5294,1.8438,0.72852,-0.63492,-1.872,-3.9294,-6.6794,-10.662,-15.007,-17.657,-11.933,-8.8735,-6.288,-4.8341,-4.322,-4.2301,-4.8014,-5.9221,-7.0115,-8.3793,-8.715,-8.0709,-6.628,-5.2383,-4.1125
-1.7957,-2.3943,-2.4345,-1.5205,-0.50503,0.91323,2.1789,2.9383,3.6912,4.1068,4.1765,3.9749,3.3531,2.2944,1.2402,-0.42373,-2.0938,-2.9925,-3.388,-3.2029,-3.0138,-3.0803,-3.54,-4.3209,-5.0187,-5.9253,-6.261,-5.9126,-4.6641,-2.8147,-0.80565,0.59809,2.2399,3.5474,4.2963,4.9575,5.2517,5.1918,4.9059,4.1982,3.1144,2.0618,0.34528,-1.6637,-3.2769,-5.3617,-6.8239,-7.1439,-6.6075,-5.1791,-3.3723,-2.0374,-0.37624,1.0517,1.9606,3.0115,3.8839,4.6083,5.0549,5.499,5.7525,5.7996,5.6487,5.2549,4.6407,4.1052,3.4979,3.3011,3.547,4.3117,5.2585,5.9308,6.6582,7.1579,7.4324,7.5226,7.5422,7.519,7.5313,7.6363,7.8485,8.069,8.3778,8.6373,8.7821,8.7799,8.5987,8.1643,7.6308,6.5727,4.9887,2.6336,0.061413,-5.1405,-7.6789,-3.2329,1.3773,4.2623,5.722,7.0143,7.7236,7.9568,7.8355,7.3125,6.3959,5.4706,4.0203,2.5751,1.8285,1.6238,2.1492,2.8514,3.2611,3.492,3.3165,2.9191,2.0434,0.79139,-0.7642,-2.0969,-3.8602,-5.4995,-6.5951,-7.7021,-7.9849,-7.2378,-5.1137,-2.7065,-0.56982,0.73559,2.0791,3.0308,3.5144,3.864,3.938,3.8251,3.4577,2.8568,1.9685,1.0978,-0.39783,-2.3048,-3.8972,-5.6285,-5.616,-4.0553,-2.6602,-1.0547,0.16415,0.85599,1.584,2.1391,2.5105,2.9632,3.4192,3.8651,4.1892,4.5777,4.8805,5.0279,5.1017,5.0737,5.0109,4.9441,4.9582,5.0963,5.2563,5.4581,5.5656,5.5454,5.3341,4.9214,4.3389,3.8147,3.0783,2.3342,1.7862,1.0347,0.20429,-0.56591,-1.8676,-3.5567,-5.5594,-6.9064,-7.406,-6.2166,-4.95,-3.5412,-2.7625,-2.6072,-3.0138,-4.2762,-6.5612,-9.3986,-16.357,-20.557,-13.422,-8.7329,-6.3425,-5.2566
2.0185,1.7841,1.6453,1.7688,2.0163,2.4774,3.0083,3.3624,3.7296,3.8799,3.7149,3.3184,2.3414,0.68712,-1.1407,-4.8566,-11.698,-28.535,-12.966,-7.494,-5.2775,-4.6726,-4.6951,-5.4617,-6.3839,-7.7541,-8.1777,-7.3072,-5.0458,-2.5033,-0.19998,1.2923,2.9531,4.2368,4.9619,5.6071,5.9001,5.8255,5.5349,4.8338,3.7234,2.6161,0.74493,-1.6828,-3.9453,-7.6418,-11.64,-11.994,-9.5744,-6.4044,-3.9813,-2.5723,-1.1254,-0.013768,0.66428,1.4905,2.3316,3.2464,3.9656,4.9087,5.7747,6.3155,6.8781,7.2604,7.4897,7.5876,7.6671,7.7265,7.7807,7.84,7.8416,7.7562,7.4919,6.9899,6.2327,5.4851,4.3096,3.1193,2.4488,2.2254,2.861,3.6636,4.8008,5.8233,6.626,7.0563,7.4021,7.4967,7.3955,7.0238,6.4328,5.678,5.1076,4.5603,4.5418,4.9473,5.8362,6.8452,7.5155,8.2133,8.6459,8.8014,8.7618,8.5158,8.0842,7.6841,7.1025,6.5458,6.1852,5.8071,5.5184,5.2257,4.9359,4.3616,3.511,2.6226,1.0455,-1.0917,-3.9598,-6.653,-10.731,-12.59,-11.037,-8.3596,-6.0934,-4.6214,-2.8958,-1.3359,-0.050386,0.7459,1.5386,2.0072,2.1694,2.1662,1.9702,1.7613,1.4269,1.1125,0.79733,0.55598,0.18199,-0.1899,-0.46,-0.67855,-0.68181,-0.46846,-0.22315,0.13237,0.46303,0.66675,0.93188,1.2582,1.6021,2.2405,3.0645,3.9751,4.6598,5.5278,6.2726,6.7357,7.2283,7.5669,7.7371,7.8563,7.8644,7.7585,7.5956,7.2429,6.7012,6.1492,5.1784,3.9214,2.3853,1.1209,-0.46214,-1.4839,-1.6261,-1.2099,-0.62344,-0.27251,-0.0064545,0.042039,-0.038378,-0.084333,-0.032006,0.16727,0.36046,0.57173,0.61501,0.48791,0.016011,-0.77105,-1.865,-2.7649,-3.8463,-4.3656,-4.3243,-4.0259,-3.8983,-4.2771
2.3043,1.7722,1.1561,0.76309,0.70703,0.98053,1.5377,2.0642,2.7105,3.1724,3.3295,3.2213,2.7196,1.8147,0.84639,-0.72619,-2.3032,-3.0935,-3.2889,-2.9166,-2.6247,-2.6848,-3.3727,-4.9528,-6.9592,-11.557,-17.931,-12.598,-6.2434,-2.3088,0.4108,1.9694,3.5886,4.7723,5.4173,6.0023,6.2756,6.2386,6.0096,5.4207,4.5026,3.5621,1.9436,-0.16815,-2.127,-5.2732,-8.3759,-8.7632,-7.2337,-4.9627,-3.3692,-2.6119,-2.15,-2.2304,-2.5271,-2.9828,-2.7569,-1.2946,0.29298,2.4709,4.3714,5.5644,6.8472,7.8098,8.505,8.875,9.1844,9.3117,9.2888,9.0902,8.6861,8.2243,7.3507,6.1206,4.4256,2.7482,-0.30027,-4.9551,-11.028,-15.588,-6.348,-2.8817,0.11144,2.1518,3.6337,4.494,5.3572,5.9563,6.2711,6.5526,6.7101,6.8102,6.8813,7.0259,7.2675,7.5105,7.8912,8.2626,8.5062,8.7366,8.8275,8.7654,8.6333,8.3617,8.0254,7.7552,7.4005,7.0797,6.8548,6.5581,6.2243,5.7979,5.3713,4.6262,3.6082,2.6209,0.94174,-1.2272,-3.9834,-6.5398,-10.118,-11.576,-10.13,-7.4097,-5.1098,-3.6946,-2.156,-0.96507,-0.088044,0.34757,0.60332,0.45522,0.058462,-0.79763,-1.9529,-2.8313,-3.5533,-3.4566,-2.6985,-2.0481,-1.2876,-0.75345,-0.49758,-0.30026,-0.24849,-0.29259,-0.41325,-0.71336,-1.2191,-1.7465,-2.6489,-3.4372,-3.5726,-2.5678,-0.58967,1.5837,3.0754,4.769,6.1227,6.9397,7.7887,8.3791,8.668,8.8593,8.8436,8.6147,8.2985,7.6802,6.8016,5.9373,4.4671,2.5114,-0.17205,-2.9833,-9.1029,-27.278,-12.183,-5.3575,-1.9996,-0.39173,1.0541,1.9891,2.5983,2.9042,3.1747,3.3533,3.425,3.427,3.338,3.1927,2.9048,2.5286,2.0702,1.7177,1.2825,0.88932,0.61962,0.26148,-0.22626,-0.87752
-0.63115,-2.019,-4.2283,-6.5788,-7.557,-6.4435,-3.9515,-2.1718,-0.2694,1.0949,1.9971,2.4127,2.6631,2.6177,2.4362,2.0747,1.6556,1.3744,1.0454,0.76399,0.45567,0.16508,-0.38668,-1.1289,-1.7334,-2.3482,-2.4579,-2.0637,-0.99241,0.32998,1.6226,2.4794,3.4298,4.1697,4.5913,4.9869,5.1889,5.2164,5.1075,4.7773,4.2488,3.7196,2.8312,1.8025,0.95646,-0.095988,-0.95026,-1.4792,-1.6267,-1.6818,-1.806,-2.0855,-2.8533,-4.387,-6.3592,-11.364,-23.809,-9.8492,-4.8437,-0.65021,2.1891,3.8058,5.4713,6.7043,7.591,8.0603,8.4539,8.5976,8.5401,8.2496,7.6971,7.1066,6.0469,4.6542,2.8849,1.3113,-1.1327,-3.7261,-5.4096,-6.5076,-5.9933,-5.0403,-3.5132,-1.9522,-0.51327,0.43955,1.5222,2.3844,2.9078,3.5013,3.9982,4.4682,4.8201,5.3006,5.7793,6.111,6.4969,6.7635,6.8698,6.8536,6.646,6.2649,5.8668,5.2588,4.6681,4.3017,4.0033,3.9256,3.9724,4.072,4.1068,3.9905,3.775,3.2835,2.5091,1.7525,0.52074,-0.93296,-2.5199,-3.6772,-5.0061,-5.7941,-5.9347,-5.5609,-4.7027,-3.9307,-2.859,-1.9588,-1.2972,-1.0481,-1.1024,-1.6687,-2.5245,-4.4452,-7.7216,-11.936,-27.182,-14.748,-8.6022,-6.2453,-4.3365,-3.3008,-2.8602,-2.6168,-2.614,-2.7941,-3.0281,-3.5326,-4.4139,-5.4723,-7.8675,-12.675,-21.577,-13.552,-6.028,-1.7282,0.55731,2.867,4.5891,5.5854,6.581,7.2676,7.5924,7.7964,7.7471,7.4553,7.0775,6.3582,5.3994,4.5211,3.1557,1.5787,-0.17754,-1.5244,-3.0956,-3.8155,-3.4598,-2.1718,-0.6243,0.43627,1.5962,2.4585,3.0581,3.3541,3.5766,3.637,3.6079,3.5038,3.3491,3.2161,3.0532,2.8846,2.731,2.6062,2.4364,2.2319,2.0436,1.7377,1.3653,0.90847
-3.9964,-5.6495,-8.5583,-12.551,-15.118,-12.194,-7.7394,-5.2189,-2.757,-0.99209,0.27765,0.95654,1.5794,1.9257,2.0619,2.1123,2.0677,1.9856,1.8382,1.6684,1.4693,1.29,1.0447,0.80383,0.63935,0.49446,0.46448,0.52947,0.72636,0.9888,1.2626,1.4573,1.6758,1.8691,2.0045,2.1697,2.3319,2.466,2.5277,2.5373,2.4163,2.2471,1.9175,1.4867,1.1331,0.64669,0.18359,-0.23303,-0.51868,-0.90881,-1.3239,-1.7056,-2.3446,-3.123,-3.7666,-4.4272,-4.423,-3.43,-2.2408,-0.45169,1.258,2.3992,3.7048,4.7557,5.5506,5.9805,6.3438,6.4614,6.393,6.0908,5.5347,4.9466,3.9348,2.6385,1.0747,-0.27468,-2.2668,-4.4544,-6.1555,-8.3892,-10.215,-10.799,-9.9867,-8.1087,-6.1835,-4.9808,-3.7325,-2.8713,-2.4291,-2.0157,-1.5916,-1.0005,-0.39909,0.54472,1.5109,2.1737,2.8728,3.3234,3.4533,3.3268,2.8261,1.9145,0.93968,-0.74115,-2.7055,-3.9509,-4.3876,-3.3279,-2.189,-0.8373,0.12423,0.67289,0.8375,0.73291,0.30541,-0.21663,-1.1772,-2.4265,-3.9513,-5.2298,-7.0978,-8.8737,-9.7727,-9.7645,-8.4606,-7.1317,-5.4463,-4.0544,-3.0993,-2.6649,-2.4684,-2.727,-3.2097,-4.2754,-5.7131,-6.8428,-7.8011,-7.7023,-6.9052,-6.2838,-5.7641,-5.6769,-5.8998,-6.4751,-7.1442,-7.621,-7.6882,-7.4631,-7.1456,-7.0225,-6.9844,-6.9136,-6.5542,-5.3627,-3.5609,-1.5754,-0.18902,1.4173,2.7448,3.5464,4.3791,4.9549,5.2255,5.3722,5.266,4.9038,4.461,3.6335,2.5582,1.6245,0.27895,-1.028,-2.0641,-2.533,-2.7,-2.3543,-1.8584,-1.0012,-0.10315,0.53136,1.246,1.7579,2.0354,2.0913,1.9786,1.6634,1.3362,0.85656,0.41698,0.19661,0.086179,0.18021,0.40847,0.59832,0.79617,0.90371,0.90353,0.77519,0.53071,0.15201
-5.8796,-6.4994,-7.0403,-7.1738,-6.9392,-6.098,-4.8034,-3.7162,-2.325,-1.1157,-0.14346,0.42667,0.9845,1.3514,1.5185,1.6317,1.6647,1.6508,1.62,1.5747,1.5261,1.4837,1.4303,1.3826,1.3386,1.2433,1.1278,1.0181,0.8022,0.49133,0.056821,-0.34745,-0.94139,-1.5103,-1.8098,-1.8928,-1.5721,-1.0164,-0.55738,-0.016271,0.35092,0.49267,0.53211,0.40964,0.25919,-0.022126,-0.30956,-0.57023,-0.76773,-0.99898,-1.2237,-1.3916,-1.6437,-1.8731,-2.0077,-2.0544,-1.8732,-1.4452,-0.94309,-0.099305,0.85533,1.5864,2.5116,3.3244,3.974,4.3392,4.6427,4.7365,4.6705,4.389,3.8931,3.3675,2.4672,1.3341,-0.064945,-1.305,-3.2369,-5.6231,-7.8162,-11.694,-17.897,-24.731,-18.017,-12.646,-9.7053,-8.329,-7.3208,-7.1279,-7.4811,-8.6095,-10.006,-10.01,-8.3776,-5.468,-2.9565,-1.4919,-0.06894,0.80408,1.1204,1.1056,0.56903,-0.58013,-1.9012,-4.5515,-8.8516,-14.172,-16.494,-9.4468,-6.3716,-3.8171,-2.2588,-1.3457,-0.98372,-0.842,-1.0231,-1.3738,-2.1379,-3.2615,-4.8117,-6.3858,-9.3228,-14.107,-21.012,-21.532,-12.731,-9.3771,-6.4518,-4.5133,-3.2146,-2.5521,-2.0129,-1.8195,-1.8596,-2.0912,-2.4594,-2.7783,-3.1694,-3.5091,-3.8879,-4.2284,-4.9324,-6.0767,-7.3911,-9.9789,-14.139,-19.322,-17.524,-12.427,-9.1021,-7.4111,-5.7728,-4.5451,-3.7223,-2.6862,-1.6813,-0.69304,0.017026,0.88014,1.633,2.1217,2.6739,3.0853,3.2955,3.4148,3.3173,2.949,2.466,1.5089,0.1156,-1.2615,-3.6383,-6.5898,-9.1153,-9.132,-6.881,-4.399,-2.8721,-1.264,-0.052279,0.61932,1.2297,1.5197,1.4805,1.2279,0.57533,-0.44893,-1.4817,-3.1701,-4.9231,-5.817,-5.7663,-4.528,-3.0949,-2.1673,-1.2481,-0.67974,-0.45937,-0.40819,-0.61653,-1.0313
-10.574,-9.6568,-7.9131,-6.3067,-5.2075,-3.9001,-2.6903,-1.8869,-0.89911,-0.072151,0.55145,0.8891,1.1681,1.2809,1.2599,1.148,0.9896,0.89673,0.83878,0.87413,0.99989,1.1429,1.3315,1.4859,1.5689,1.605,1.5216,1.3534,0.94512,0.27223,-0.75426,-1.8372,-3.8273,-6.6126,-9.0635,-10.408,-7.8597,-4.9232,-3.2731,-1.7592,-0.83514,-0.4687,-0.32864,-0.48019,-0.74426,-1.1587,-1.5319,-1.7499,-1.7725,-1.6603,-1.5175,-1.436,-1.411,-1.5182,-1.6454,-1.8541,-1.9902,-1.9275,-1.6632,-1.0171,-0.10398,0.65156,1.6276,2.4711,3.1259,3.4808,3.7656,3.8505,3.7861,3.5446,3.1391,2.7281,2.0202,1.1353,0.049585,-0.89868,-2.3324,-3.9486,-5.2234,-6.8755,-8.2318,-8.8055,-8.8007,-8.1624,-7.3519,-6.892,-6.6681,-7.0649,-7.9002,-9.9257,-13.36,-14.758,-11.295,-6.7166,-3.4989,-1.7663,-0.10726,0.93487,1.3816,1.5689,1.3215,0.67998,-0.036901,-1.2128,-2.4418,-3.1778,-3.5898,-3.3094,-2.8472,-2.1517,-1.5717,-1.1648,-0.98247,-0.8718,-0.9384,-1.0988,-1.4567,-2.0156,-2.8067,-3.5394,-4.6524,-5.7102,-6.2096,-6.131,-5.2329,-4.2753,-2.9815,-1.8707,-0.98769,-0.47827,0.0069041,0.315,0.4365,0.49988,0.46202,0.37854,0.16847,-0.13821,-0.5682,-1.0263,-1.8536,-3.0299,-4.1808,-6.1187,-8.3075,-9.7457,-9.4411,-7.6329,-5.6319,-4.3542,-3.0011,-1.9628,-1.3636,-0.74355,-0.25366,0.095687,0.29166,0.51638,0.71911,0.90631,1.2245,1.6259,1.9409,2.3047,2.5151,2.4779,2.2365,1.5707,0.4229,-0.83425,-3.1903,-6.5111,-9.9763,-9.6875,-6.1463,-3.0152,-1.2816,0.41949,1.5929,2.1923,2.665,2.7834,2.548,2.1177,1.1567,-0.34485,-1.9519,-5.0754,-10.367,-17.765,-14.419,-7.7419,-4.3682,-2.808,-1.481,-0.77613,-0.55605,-0.58076,-0.93018,-1.5249
-14.403,-10.816,-7.3274,-4.9845,-3.6419,-2.1672,-0.95472,-0.17448,0.67854,1.3086,1.6881,1.7913,1.6775,1.2569,0.76817,-0.057429,-0.92672,-1.4377,-1.7221,-1.447,-0.809,-0.2516,0.45657,1.0484,1.4039,1.7753,1.9726,1.986,1.8027,1.3068,0.42216,-0.57832,-2.4931,-5.1822,-7.5039,-8.7914,-6.3986,-3.6346,-2.0711,-0.69212,0.021177,0.17657,-0.11657,-0.94933,-1.9312,-3.568,-5.1815,-5.6968,-5.016,-3.562,-2.2612,-1.6063,-1.1796,-1.3001,-1.749,-2.8459,-4.4543,-6.016,-6.3147,-4.8249,-2.4692,-0.85965,0.84596,2.0407,2.7999,3.1194,3.289,3.2261,3.0758,2.8122,2.4983,2.2453,1.8404,1.2855,0.56959,-0.094992,-1.1328,-2.2476,-3.0822,-4.0309,-4.6568,-4.8221,-4.6951,-4.2934,-3.794,-3.4654,-3.1611,-3.0381,-3.0666,-3.1608,-3.0921,-2.6222,-1.9266,-0.6901,0.64114,1.5689,2.5806,3.3049,3.6461,3.8385,3.7516,3.4362,3.0627,2.4597,1.797,1.3249,0.77352,0.33319,0.071272,-0.22252,-0.48639,-0.70994,-0.81947,-0.87383,-0.81112,-0.68177,-0.45055,-0.23402,-0.094774,-0.037625,0.0094383,0.040674,0.10043,0.284,0.56485,0.83392,1.2014,1.5565,1.8521,2.0359,2.2474,2.4424,2.5908,2.7734,2.9394,3.0448,3.1257,3.1069,2.9753,2.7706,2.3692,1.8232,1.3551,0.69062,0.10098,-0.25147,-0.31699,-0.14935,0.19407,0.49433,0.86825,1.1426,1.2509,1.243,1.0432,0.61061,0.12292,-0.70849,-1.5847,-2.0543,-2.015,-1.0751,-0.048337,1.3293,2.4487,3.2178,3.5483,3.6605,3.4476,3.1048,2.5096,1.9219,1.6078,1.665,2.1517,2.9115,3.5201,4.2661,4.8381,5.1382,5.3431,5.3168,5.051,4.6883,3.9743,2.9867,2.0958,0.76668,-0.47578,-1.0956,-1.2434,-0.72661,0.029327,0.51144,0.90525,0.96386,0.77944,0.23662,-0.58437,-1.6614
