4.1271,3.9096,3.6043,3.2826,3.0272,2.6687,2.2829,1.98,1.5583,1.1124,0.64451,0.28428,-0.2191,-0.73424,-1.1244,-1.6505,-2.1629,-2.5357,-3.0088,-3.4632,-3.8776,-4.1454,-4.4026,-4.5791,-4.6516,-4.6655,-4.5845,-4.4763,-4.2673,-4.0188,-3.7531,-3.5331,-3.2516,-3.0047,-2.8573,-2.6959,-2.5933,-2.5649,-2.5889,-2.6773,-2.8371,-3.0008,-3.2699,-3.5865,-3.8328,-4.1468,-4.4475,-4.6952,-4.8198,-4.8842,-4.8498,-4.7631,-4.5738,-4.33,-4.1214,-3.8363,-3.5602,-3.3116,-3.1412,-2.9284,-2.7642,-2.6649,-2.5811,-2.5542,-2.5916,-2.6668,-2.8319,-3.0622,-3.2826,-3.6443,-4.1061,-4.4844,-5.1173,-5.8508,-6.6348,-7.2151,-7.9754,-8.7923,-9.4615,-10.446,-11.438,-12.068,-12.489,-12.203,-11.294,-10.353,-8.9238,-7.4551,-6.3638,-4.9439,-3.572,-2.2484,-1.2779,-0.0064767,1.2372,2.1473,3.335,4.4773,5.3016,6.37,7.3808,8.3272,8.9953,9.8287,10.594,11.12,11.76,12.325,12.702,13.139,13.503,13.793,13.963,14.124,14.213,14.231,14.193,14.083,13.9,13.714,13.4,13.012,12.672,12.151,11.552,11.054,10.322,9.5132,8.6281,7.9172,6.9092,5.8441,5.0103,3.8762,2.7522,1.9576,1.0228,0.28864,-0.19391,-0.38491,-0.43463,-0.32033,-0.15839,0.10369,0.39121,0.67256,0.8732,1.1233,1.3493,1.5163,1.7363,1.9583,2.1029,2.2591,2.3692,2.4409,2.471,2.4867,2.4669,2.4292,2.3444,2.2092,2.0693,1.8407,1.5551,1.2046,0.89835,0.43489,-0.10204,-0.54281,-1.1755,-1.8227,-2.4504,-2.8847,-3.3521,-3.6451,-3.7342,-3.6664,-3.414,-3.1388,-2.7148,-2.2647,-1.8217,-1.5025,-1.1258,-0.80079,-0.59364,-0.36141,-0.17824,-0.075973,0.036637,0.11328,0.16608,0.19202,0.22005,0.24255,0.2677,0.30286,0.3319,0.3514
4.8408,4.6031,4.2513,3.8545,3.5225,3.036,2.5056,2.0828,1.4892,0.87341,0.24209,-0.24314,-0.91691,-1.6397,-2.2302,-3.1368,-4.2316,-5.2252,-6.8516,-8.9509,-11.603,-13.732,-14.665,-12.123,-9.6934,-6.889,-4.6359,-3.247,-1.6928,-0.40091,0.66678,1.3396,2.0898,2.6755,3.0113,3.3283,3.4925,3.501,3.3998,3.1122,2.6409,2.1537,1.3076,0.20454,-0.81384,-2.4471,-4.3643,-6.2652,-7.1473,-6.8123,-5.1644,-3.7333,-1.9854,-0.52878,0.3738,1.3612,2.1377,2.7343,3.0768,3.4107,3.6207,3.7063,3.7312,3.6653,3.5141,3.3562,3.0909,2.7786,2.521,2.1608,1.7912,1.5183,1.1738,0.85925,0.58451,0.4115,0.2177,0.068644,-0.019951,-0.12789,-0.22327,-0.28622,-0.35773,-0.41731,-0.48888,-0.5683,-0.7356,-1.0232,-1.3567,-2.0329,-3.1111,-4.8784,-7.0151,-12.4,-20.521,-10.456,-3.3856,1.0577,3.6202,6.4251,8.7547,10.739,12.048,13.596,14.945,15.842,16.9,17.811,18.406,19.085,19.643,20.085,20.343,20.593,20.739,20.783,20.756,20.636,20.427,20.213,19.856,19.422,19.048,18.492,17.875,17.378,16.674,15.933,15.162,14.57,13.767,12.955,12.344,11.53,10.717,10.107,9.2899,8.4583,7.6017,6.9322,5.9902,4.9728,4.1479,2.9567,1.6497,0.27112,-0.73496,-1.8286,-2.3514,-2.2561,-1.6099,-0.6773,0.046405,0.9363,1.68,2.2689,2.6071,2.9384,3.1466,3.229,3.2534,3.1915,3.0931,2.9004,2.6329,2.2882,1.9696,1.4594,0.82104,0.24698,-0.67699,-1.8133,-3.1894,-4.3668,-5.9771,-7.1414,-7.2215,-6.1398,-4.3864,-3.041,-1.421,-0.040913,1.1125,1.8464,2.6757,3.3513,3.7785,4.2489,4.6218,4.8481,5.0866,5.2606,5.3805,5.4389,5.4784,5.478,5.4523,5.3847,5.2734,5.1148
2.9119,2.9969,2.7619,2.1457,1.4238,0.078296,-1.7968,-3.6234,-6.879,-11.327,-14.385,-12.282,-8.6197,-6.1056,-4.8037,-3.609,-2.8649,-2.5199,-2.2642,-2.1387,-2.0552,-1.9373,-1.6096,-1.0291,-0.43788,0.5201,1.5799,2.3779,3.4118,4.3712,5.2444,5.8375,6.5319,7.1127,7.4758,7.8691,8.163,8.357,8.4401,8.4793,8.4414,8.3689,8.2233,8.0371,7.884,7.6785,7.4938,7.3537,7.2867,7.2535,7.2808,7.3346,7.4362,7.5429,7.6143,7.6787,7.6886,7.628,7.5244,7.2999,6.9643,6.6327,6.0747,5.37,4.5008,3.7317,2.5433,1.1683,0.0095537,-1.6588,-3.3398,-4.4083,-5.2271,-5.1089,-4.3546,-3.6251,-2.6531,-1.779,-1.2095,-0.52031,0.096121,0.53813,1.1412,1.7593,2.3889,2.8558,3.4739,4.0881,4.5464,5.1486,5.7495,6.353,6.8072,7.4501,8.1812,8.8092,9.7702,10.875,11.782,13.062,14.373,15.669,16.61,17.8,18.9,19.659,20.574,21.375,21.898,22.491,22.964,23.316,23.499,23.637,23.651,23.579,23.374,23.043,22.585,22.157,21.474,20.664,19.973,18.948,17.813,16.904,15.644,14.383,13.201,12.423,11.592,11.02,10.74,10.492,10.314,10.176,9.9406,9.6087,9.1561,8.7276,8.0176,7.1608,6.4084,5.2481,3.9216,2.5178,1.5353,0.54276,0.15458,0.28688,0.82652,1.507,1.9703,2.4504,2.6973,2.6952,2.523,2.0567,1.3124,0.58477,-0.60618,-1.9485,-2.9076,-3.7637,-3.7844,-3.0533,-2.285,-1.2566,-0.36924,0.17293,0.72299,1.1278,1.4212,1.5932,1.7933,1.9936,2.1693,2.4398,2.7533,3.0094,3.3642,3.7073,4.027,4.2298,4.4517,4.598,4.6567,4.6702,4.618,4.5402,4.3992,4.2424,4.0866,3.9882,3.8948,3.8594,3.8704,3.9212,3.9897,4.052
3.3318,3.1132,2.6623,2.0357,1.4563,0.54744,-0.46709,-1.2494,-2.2403,-3.0728,-3.5931,-3.7706,-3.7947,-3.6674,-3.5359,-3.3427,-3.1352,-2.976,-2.7193,-2.4173,-2.0475,-1.7255,-1.2283,-0.66744,-0.22058,0.41814,1.0682,1.556,2.1897,2.7856,3.3293,3.7078,4.168,4.5628,4.8158,5.0988,5.3227,5.4826,5.5642,5.6277,5.6474,5.6332,5.5927,5.5287,5.4727,5.3936,5.3147,5.2464,5.2035,5.1595,5.1318,5.1205,5.115,5.1077,5.0958,5.065,4.9963,4.8712,4.7303,4.4607,4.0823,3.7152,3.1022,2.3219,1.3537,0.49457,-0.83133,-2.3883,-3.7038,-5.5906,-7.4124,-8.4227,-8.944,-8.6178,-7.969,-7.5024,-7.0893,-6.9814,-7.1301,-7.6597,-8.5351,-9.4097,-10.431,-10.363,-8.6414,-6.7858,-4.2817,-2.0188,-0.50665,1.2898,2.8846,4.3185,5.3008,6.514,7.6516,8.4698,9.5311,10.57,11.34,12.358,13.363,14.347,15.066,15.988,16.86,17.473,18.226,18.893,19.332,19.829,20.218,20.493,20.62,20.68,20.609,20.467,20.153,19.692,19.073,18.498,17.573,16.447,15.452,13.893,12.008,10.324,7.5975,4.0775,-0.53351,-3.8874,-2.8684,0.64036,2.5795,4.3531,5.484,6.0358,6.475,6.6457,6.6212,6.4909,6.2137,5.8543,5.539,5.0765,4.5873,4.1176,3.7984,3.4291,3.1311,2.9436,2.7256,2.5174,2.3512,2.084,1.7319,1.2535,0.79713,0.02817,-0.9483,-1.8209,-3.1554,-4.5801,-5.5433,-6.324,-6.2373,-5.4413,-4.6617,-3.6589,-2.8346,-2.3546,-1.8939,-1.609,-1.4677,-1.4387,-1.471,-1.5489,-1.6074,-1.6616,-1.6582,-1.6092,-1.5001,-1.3452,-1.1931,-1.106,-1.0595,-1.135,-1.3061,-1.7048,-2.3405,-3.0089,-4.2174,-5.8666,-8.076,-10.11,-12.617,-12.53,-10.662,-7.9849,-5.8534,-4.2873
4.967,4.7802,4.4434,4.0043,3.6085,3.0001,2.3085,1.7368,0.90091,-0.010067,-0.98638,-1.7675,-2.9028,-4.1769,-5.2347,-6.755,-8.2801,-9.2338,-9.8284,-9.3773,-8.1738,-7.0853,-5.6518,-4.3557,-3.4952,-2.4926,-1.6483,-1.099,-0.4592,0.067063,0.48666,0.739,1.0097,1.1967,1.2826,1.3503,1.3678,1.3386,1.2951,1.2125,1.1075,1.0234,0.90191,0.77265,0.66584,0.50556,0.32547,0.12694,-0.027253,-0.2169,-0.35472,-0.39617,-0.33399,-0.12523,0.11757,0.52502,0.96073,1.3721,1.6388,1.9003,2.0321,2.0358,1.9134,1.6343,1.205,0.79948,0.15984,-0.55837,-1.1313,-1.9104,-2.6611,-3.1819,-3.8052,-4.3397,-4.7906,-5.089,-5.4536,-5.8205,-6.1256,-6.6135,-7.1934,-7.6445,-8.1524,-8.1768,-7.3469,-6.1785,-4.3313,-2.4973,-1.2173,0.33604,1.7025,2.8889,3.6716,4.5968,5.4283,6.0161,6.7914,7.5873,8.2185,9.121,10.093,11.118,11.905,12.951,13.964,14.685,15.574,16.364,16.884,17.473,17.938,18.273,18.437,18.54,18.509,18.4,18.142,17.755,17.245,16.782,16.065,15.239,14.555,13.569,12.523,11.722,10.671,9.6982,8.8606,8.3475,7.8249,7.4586,7.2498,7.0059,6.7487,6.5233,6.1579,5.7046,5.1534,4.6802,3.9951,3.2802,2.7374,2.0293,1.3783,0.84803,0.55296,0.30363,0.22764,0.25388,0.35906,0.50499,0.61289,0.73046,0.79173,0.78325,0.73738,0.61249,0.42694,0.25332,-0.0026467,-0.26821,-0.45187,-0.65949,-0.83125,-0.97104,-1.0748,-1.2412,-1.4726,-1.7167,-2.1636,-2.7833,-3.6345,-4.444,-5.811,-7.5624,-9.1413,-11.502,-13.173,-12.937,-11.032,-8.8759,-7.1146,-6.0935,-5.085,-4.4198,-4.1428,-4.029,-4.1908,-4.4859,-5.0864,-5.8784,-6.7581,-7.369,-7.8828,-7.8532,-7.4837,-6.7041,-5.8188,-5.0259
4.9861,5.014,4.9262,4.6988,4.4361,3.9671,3.3713,2.8349,1.9843,0.98015,-0.18377,-1.1724,-2.6721,-4.412,-5.883,-8.101,-10.522,-12.209,-13.399,-12.69,-10.976,-9.6626,-8.1075,-6.8373,-6.0516,-5.2009,-4.5609,-4.1937,-3.8202,-3.5822,-3.4697,-3.4701,-3.5745,-3.7908,-4.0198,-4.3906,-4.8407,-5.3543,-5.7464,-6.2355,-6.6009,-6.7624,-6.8052,-6.6808,-6.5257,-6.3561,-6.3457,-6.6096,-7.0744,-8.1365,-9.9241,-11.894,-15.078,-14.894,-11.808,-7.9113,-5.0093,-2.8857,-1.6696,-0.45004,0.39396,0.81983,1.1471,1.2154,1.0514,0.78864,0.2461,-0.49373,-1.1767,-2.2483,-3.5015,-4.5539,-6.0611,-7.5676,-8.7528,-9.2195,-9.1083,-8.3317,-7.5479,-6.45,-5.4071,-4.6727,-3.7488,-2.8481,-1.9773,-1.3103,-0.47655,0.27414,0.80069,1.4303,1.9287,2.2443,2.3372,2.2553,1.9076,1.4585,0.60945,-0.41317,-0.99095,-0.74264,1.0037,3.4492,5.2802,7.4902,9.3901,10.62,12.023,13.179,13.9,14.676,15.259,15.656,15.839,15.941,15.888,15.754,15.461,15.054,14.549,14.12,13.498,12.841,12.336,11.661,10.999,10.516,9.8943,9.3018,8.7337,8.3199,7.7765,7.2303,6.8039,6.1998,5.5367,4.9862,4.1757,3.2568,2.1776,1.237,-0.21629,-1.916,-3.3875,-5.6798,-8.3719,-11.017,-11.981,-10.913,-8.7027,-7.1608,-5.4518,-4.1181,-3.3168,-2.4607,-1.8102,-1.3311,-1.0587,-0.79023,-0.62119,-0.54822,-0.51011,-0.51766,-0.5391,-0.60074,-0.69981,-0.83315,-0.96289,-1.1832,-1.464,-1.7377,-2.2036,-2.8065,-3.5702,-4.2561,-5.3399,-6.5884,-7.5903,-8.8259,-9.5362,-9.502,-8.7769,-7.6879,-6.6071,-5.9168,-5.1831,-4.6449,-4.364,-4.1261,-4.027,-4.0295,-4.1018,-4.2151,-4.326,-4.3884,-4.4233,-4.4056,-4.3815,-4.32,-4.2605,-4.2332
4.4211,4.6142,4.7218,4.6702,4.522,4.1838,3.6888,3.22,2.4624,1.5538,0.50223,-0.36657,-1.6125,-2.9237,-3.9229,-5.2355,-6.4341,-7.1993,-7.9706,-8.4336,-8.5873,-8.5624,-8.4158,-8.1953,-8.0323,-7.853,-7.7567,-7.7684,-7.8664,-8.0922,-8.4373,-8.771,-9.3039,-9.9301,-10.476,-11.326,-12.385,-13.699,-14.935,-17.252,-20.86,-24.761,-24.793,-18.836,-15.608,-12.607,-10.552,-9.1783,-8.5098,-8.0011,-7.8333,-7.7993,-7.6285,-6.9896,-6.1052,-4.5765,-2.9548,-1.4695,-0.50843,0.53304,1.2931,1.6872,1.9892,2.0485,1.8715,1.5858,0.99411,0.16495,-0.61909,-1.9102,-3.5241,-4.9851,-7.3308,-10.186,-13.231,-14.46,-13.09,-10.447,-8.6507,-6.6268,-4.9655,-3.8971,-2.6467,-1.5499,-0.57831,0.076658,0.81563,1.4173,1.8004,2.2057,2.4512,2.5065,2.422,2.1255,1.5732,0.9664,-0.12165,-1.45,-2.3608,-2.6798,-1.2905,1.0908,2.9418,5.1929,7.1276,8.3763,9.7896,10.936,11.636,12.362,12.86,13.133,13.193,13.087,12.771,12.4,11.736,10.9,9.9307,9.1521,8.118,7.1879,6.619,6.0707,5.7381,5.5856,5.4431,5.2969,5.0988,4.9042,4.5661,4.1358,3.7536,3.1655,2.4844,1.9074,1.0409,0.075514,-1.0225,-1.9645,-3.3951,-5.0065,-6.3278,-8.2257,-10.192,-11.81,-12.309,-11.744,-10.431,-9.3274,-7.9852,-6.8535,-6.1468,-5.3683,-4.754,-4.2975,-4.0504,-3.8057,-3.6517,-3.5839,-3.5401,-3.5434,-3.5487,-3.5558,-3.5522,-3.5281,-3.4957,-3.444,-3.3783,-3.336,-3.2995,-3.3142,-3.385,-3.4748,-3.6439,-3.8308,-3.9764,-4.1436,-4.2669,-4.3339,-4.4022,-4.4423,-4.5022,-4.5602,-4.6894,-4.8896,-5.0888,-5.4011,-5.7431,-5.9843,-6.2367,-6.3714,-6.379,-6.2967,-6.0957,-5.8532,-5.6753,-5.4919,-5.4208,-5.484
4.1909,4.4945,4.7596,4.8561,4.8112,4.5871,4.1745,3.7438,3.0137,2.09,0.9659,-0.0091415,-1.4887,-3.2062,-4.6439,-6.7798,-9.1273,-10.915,-12.959,-13.913,-13.535,-12.839,-11.879,-11.147,-10.828,-10.68,-10.825,-11.154,-11.884,-12.893,-14.038,-14.968,-16.227,-17.429,-18.228,-19.168,-19.792,-19.876,-19.668,-19.166,-18.444,-17.68,-16.163,-14.121,-12.407,-10.157,-8.0893,-6.2853,-5.108,-3.7589,-2.6193,-1.8674,-0.94207,-0.074002,0.55439,1.3591,2.1146,2.792,3.2317,3.7184,4.0678,4.233,4.3024,4.2069,3.9467,3.6422,3.0947,2.3921,1.7688,0.82021,-0.23223,-1.0608,-2.1778,-3.2299,-4.1254,-4.6335,-5.0499,-5.1312,-4.9833,-4.5135,-3.7702,-3.0905,-2.0836,-1.0467,-0.064347,0.62415,1.444,2.1532,2.606,3.0639,3.3479,3.4865,3.5072,3.4354,3.2692,3.11,2.9117,2.8184,2.8633,3.1281,3.6702,4.4699,5.2066,6.3032,7.4481,8.2854,9.3264,10.231,10.798,11.381,11.744,11.873,11.804,11.472,10.843,10.155,8.906,7.2107,4.9394,2.7176,-1.2924,-7.0658,-10.205,-6.2398,-2.6583,-1.0217,0.28117,0.92473,1.1213,1.0497,0.74275,0.27023,-0.1482,-0.75068,-1.3913,-1.9095,-2.6489,-3.4289,-4.2403,-4.9124,-5.9134,-6.9864,-7.779,-8.7484,-9.5093,-10.016,-10.2,-10.136,-9.8253,-9.4939,-8.9855,-8.5097,-8.2036,-7.8882,-7.6856,-7.5876,-7.5731,-7.6507,-7.8072,-7.9609,-8.2127,-8.5261,-8.8096,-9.179,-9.4513,-9.4603,-9.2341,-8.6096,-7.7487,-7.0405,-6.1089,-5.275,-4.5706,-4.141,-3.7018,-3.4025,-3.2708,-3.1704,-3.1741,-3.2426,-3.4235,-3.7106,-4.1059,-4.4924,-5.1557,-6.0414,-6.8888,-8.3032,-10.124,-11.799,-14.258,-15.794,-14.621,-12.791,-10.46,-8.6682,-7.6444,-6.6635,-6.0944,-5.923
3.2197,3.8561,4.4583,4.7927,4.8834,4.8011,4.4865,4.1078,3.4189,2.5261,1.4235,0.45076,-1.0534,-2.821,-4.3347,-6.6967,-9.5281,-11.925,-14.853,-15.612,-14.244,-13.025,-11.739,-10.99,-10.784,-11.029,-11.805,-12.797,-14.759,-17.636,-21.846,-26.354,-30.714,-27.81,-26.372,-26.639,-29.392,-30.754,-25.577,-19.864,-15.86,-13.498,-10.871,-8.6188,-7.097,-5.2601,-3.6033,-2.1158,-1.1045,0.11044,1.1837,1.9055,2.7645,3.5185,4.0204,4.6077,5.1025,5.5,5.7281,5.9303,6.0197,6.0107,5.8898,5.6496,5.2823,4.9307,4.3634,3.6828,3.1034,2.244,1.2885,0.5014,-0.65643,-1.9479,-3.4132,-4.6818,-6.6658,-9.0021,-10.751,-11.648,-9.7486,-7.5757,-4.8859,-2.6669,-0.88054,0.2049,1.3651,2.2796,2.7915,3.2402,3.4685,3.5069,3.4037,3.0891,2.5912,2.1156,1.3842,0.59801,0.066266,-0.3177,-0.02682,1.0264,2.1683,3.8733,5.5574,6.7225,8.096,9.246,9.9532,10.683,11.164,11.393,11.395,11.163,10.656,10.091,9.081,7.7784,6.1964,4.8689,3.0558,1.5199,0.77149,0.36487,0.32613,0.30449,0.085671,-0.46968,-1.4153,-2.3703,-3.9595,-5.7716,-7.0768,-8.2818,-8.5471,-8.2992,-7.9425,-7.8615,-8.1281,-8.5749,-9.5827,-11.17,-12.733,-15.25,-17.8,-18.74,-17.7,-15.601,-13.758,-12.721,-11.814,-11.305,-11.171,-11.325,-11.784,-12.473,-13.043,-13.742,-14.196,-14.349,-14.471,-14.803,-15.377,-16.896,-19.867,-26.707,-32.375,-20.531,-14.879,-12.132,-9.499,-7.6018,-6.2168,-5.4246,-4.6535,-4.1376,-3.896,-3.7583,-3.794,-3.9029,-4.1418,-4.4713,-4.9029,-5.293,-5.8824,-6.5921,-7.2274,-8.2496,-9.5143,-10.581,-11.905,-12.475,-11.731,-10.539,-8.7116,-7.07,-6.0596,-5.0176,-4.3083,-3.879
2.8813,3.5747,4.1953,4.5081,4.5615,4.4318,4.0775,3.6725,2.9668,2.1049,1.1066,0.28635,-0.87591,-2.0774,-2.9854,-4.1443,-5.1965,-5.8493,-6.5223,-6.9518,-7.1684,-7.2385,-7.2894,-7.401,-7.5778,-8.0136,-8.6971,-9.3597,-10.449,-11.806,-13.26,-14.13,-14.623,-14.465,-14.12,-13.473,-12.611,-11.607,-10.681,-9.2965,-7.7747,-6.6007,-5.093,-3.6954,-2.7157,-1.4992,-0.38313,0.62773,1.3158,2.1467,2.898,3.4102,4.0305,4.5715,4.9242,5.3202,5.6302,5.8445,5.9389,5.9661,5.8718,5.7236,5.4154,4.9931,4.4573,3.992,3.3042,2.5498,1.9572,1.1472,0.3144,-0.32651,-1.208,-2.1587,-3.2407,-4.171,-5.5786,-7.1129,-8.1131,-8.5231,-7.3603,-5.8624,-3.7878,-1.9575,-0.45156,0.48393,1.4554,2.1479,2.4816,2.7023,2.734,2.5736,2.3015,1.7303,0.92368,0.11754,-1.3465,-3.5033,-5.8492,-10.833,-14.838,-7.6252,-3.5378,0.30894,3.1199,4.7937,6.6052,8.0326,8.8873,9.7745,10.399,10.781,10.916,10.904,10.688,10.403,9.872,9.1898,8.3934,7.7432,6.8306,5.9004,5.2009,4.2593,3.2699,2.4624,1.2384,-0.23023,-2.0405,-3.6942,-6.4428,-10.048,-13.26,-16.067,-14.169,-12.065,-9.9763,-8.9321,-8.7081,-8.8926,-9.5624,-10.76,-11.957,-13.815,-15.46,-16.099,-15.57,-14.3,-13.103,-12.446,-11.984,-12.005,-12.336,-13.246,-14.876,-17.5,-20.488,-28.186,-34.207,-24.676,-19.732,-17.105,-15.902,-14.957,-14.478,-14.079,-13.57,-12.499,-11.1,-10.001,-8.6353,-7.4988,-6.6287,-6.1575,-5.7239,-5.5284,-5.5377,-5.7256,-6.1353,-6.5654,-7.2579,-8.0238,-8.7531,-9.1273,-9.3172,-9.1136,-8.7904,-8.2903,-7.7756,-7.4118,-6.9048,-6.3263,-5.7021,-5.2038,-4.5303,-3.8663,-3.4009,-2.8447,-2.4028,-2.0527
4.5577,4.7347,4.8052,4.671,4.4305,3.9395,3.2605,2.6262,1.6269,0.46864,-0.80589,-1.8159,-3.1593,-4.4092,-5.1958,-5.9319,-6.3145,-6.3818,-6.2731,-6.014,-5.6486,-5.3565,-5.0028,-4.7473,-4.6067,-4.5008,-4.5123,-4.5701,-4.6901,-4.8546,-4.9707,-5.0239,-5.0085,-4.8621,-4.6808,-4.3673,-3.9513,-3.4508,-3.0167,-2.4121,-1.782,-1.3067,-0.68941,-0.10668,0.29838,0.78642,1.2238,1.6118,1.8798,2.2168,2.5488,2.8096,3.1622,3.5281,3.7985,4.1362,4.4085,4.5895,4.6501,4.6062,4.3971,4.1222,3.593,2.8819,1.9818,1.1966,0.039133,-1.1808,-2.0594,-3.0789,-3.7739,-4.0336,-4.0685,-3.8938,-3.5996,-3.3527,-3.0139,-2.6462,-2.3271,-1.8002,-1.1565,-0.62667,0.10381,0.81081,1.4019,1.761,2.0913,2.2343,2.1987,2.0239,1.7161,1.241,0.80747,0.21293,-0.37255,-0.79298,-1.2687,-1.5606,-1.6126,-1.4003,-0.78768,0.26615,1.2876,2.8113,4.3367,5.4093,6.6948,7.7952,8.4849,9.2224,9.7648,10.113,10.259,10.313,10.218,10.057,9.7316,9.2943,8.7605,8.3011,7.6117,6.8378,6.2035,5.2778,4.2553,3.4184,2.2201,0.93575,-0.42115,-1.456,-2.7868,-3.9842,-4.713,-5.3682,-5.7118,-5.8647,-5.8763,-5.751,-5.7586,-5.8742,-6.1152,-6.5035,-6.8996,-7.478,-7.9096,-8.2297,-8.4434,-8.7105,-8.9485,-9.1403,-9.4544,-9.9059,-10.306,-10.989,-11.768,-12.577,-13.089,-13.491,-13.446,-13.057,-12.283,-11.375,-10.7,-9.8806,-9.202,-8.63,-8.2203,-7.7371,-7.3272,-7.085,-6.826,-6.6651,-6.6077,-6.6402,-6.7839,-7.0349,-7.2882,-7.7892,-8.5614,-9.4077,-11.098,-13.685,-18.099,-24.604,-25.371,-16.611,-13.128,-10.086,-7.9822,-6.806,-5.6036,-4.6866,-3.9628,-3.5214,-3.0514,-2.7149,-2.5233,-2.348,-2.2256,-2.1502
6.0656,5.8482,5.4093,4.8104,4.2358,3.2908,2.163,1.1922,-0.29538,-2.0369,-4.0823,-5.8693,-8.689,-12.188,-15.128,-17.198,-14.848,-12.512,-9.9554,-7.9911,-6.4384,-5.4947,-4.4404,-3.5896,-3.0529,-2.4285,-1.9418,-1.649,-1.3225,-1.0335,-0.76218,-0.57881,-0.35277,-0.11679,0.078249,0.34948,0.60669,0.8597,1.0419,1.2538,1.4291,1.5174,1.5679,1.5404,1.4602,1.2583,0.94144,0.50585,0.13828,-0.35234,-0.74661,-0.88652,-0.75201,-0.25382,0.29337,1.0982,1.8486,2.4231,2.7048,2.8576,2.7348,2.4437,1.7734,0.74681,-0.65913,-2.0106,-4.2795,-7.2415,-10.141,-15.273,-18.799,-15.858,-11.535,-8.503,-6.2198,-4.807,-3.2033,-1.8609,-0.97394,0.05197,0.91198,1.4613,2.0543,2.4899,2.7429,2.7946,2.6663,2.3081,1.8936,1.1189,0.0055333,-1.4326,-2.643,-4.3501,-5.7977,-6.2752,-5.7637,-4.3613,-3.1225,-1.5069,0.049111,1.5247,2.5766,3.8979,5.103,5.9182,6.8755,7.6602,8.1343,8.6083,8.9089,9.046,9.0529,8.9637,8.7788,8.5946,8.3112,7.9896,7.6236,7.3148,6.8383,6.2609,5.7439,4.93,3.9588,3.1251,1.8841,0.51498,-0.90368,-1.9402,-3.1464,-4.0089,-4.3493,-4.4672,-4.269,-4.0694,-3.8899,-3.7277,-3.5916,-3.572,-3.6599,-3.8277,-4.0194,-4.3755,-4.8088,-5.2727,-5.6558,-6.2126,-6.8433,-7.3672,-8.1116,-8.9013,-9.4961,-10.14,-10.507,-10.588,-10.396,-9.8943,-9.1871,-8.617,-7.7728,-6.95,-6.4076,-5.8101,-5.3476,-5.0296,-4.9126,-4.9297,-5.1565,-5.4788,-6.123,-7.0061,-8.046,-8.8658,-9.7386,-10.158,-10.13,-9.7718,-9.3671,-9.1973,-9.2049,-9.4171,-9.7055,-9.7969,-9.389,-8.3762,-7.4409,-6.2035,-5.1056,-4.4067,-3.6703,-3.1847,-2.9309,-2.8315,-2.8367,-2.9635,-3.1304,-3.4386,-3.8467,-4.3715
6.8245,6.3104,5.4643,4.4394,3.5594,2.2388,0.76122,-0.43743,-2.148,-3.9962,-6.0036,-7.6426,-9.9744,-12.379,-13.935,-14.71,-13.749,-12.382,-10.436,-8.4604,-6.7437,-5.6213,-4.3231,-3.1878,-2.4674,-1.6491,-0.95264,-0.51298,-0.016122,0.41625,0.79533,1.0603,1.4039,1.7258,1.9532,2.2367,2.4848,2.6715,2.7474,2.7811,2.7137,2.5832,2.2978,1.862,1.4225,0.65734,-0.35239,-1.6946,-3.022,-5.4364,-9.1239,-13.265,-15.516,-9.299,-5.8912,-2.7708,-0.65423,0.79696,1.5221,2.0724,2.2087,2.0445,1.4686,0.48684,-0.91796,-2.2751,-4.4904,-7.1563,-9.324,-12.043,-13.742,-13.82,-12.545,-10.229,-7.5605,-5.6732,-3.4058,-1.4676,-0.24017,1.1174,2.1801,2.8051,3.4203,3.781,3.9089,3.8376,3.5172,2.9137,2.2573,1.0269,-0.60465,-2.6805,-4.6761,-8.2321,-12.824,-15.252,-11.94,-7.706,-5.331,-2.813,-0.69234,1.1591,2.3958,3.8414,5.0624,5.8341,6.667,7.2514,7.5251,7.6689,7.5528,7.1962,6.788,6.1056,5.3741,4.9016,4.5009,4.4206,4.5571,4.7024,4.8387,4.7986,4.612,4.1199,3.3175,2.4861,1.0056,-0.98249,-3.6745,-6.3839,-11.401,-15.944,-13.143,-8.8292,-6.0795,-4.6198,-3.3221,-2.6207,-2.2677,-2.1912,-2.3199,-2.6041,-2.863,-3.2871,-3.8293,-4.3983,-4.8362,-5.4621,-6.2417,-6.9999,-8.2885,-10.056,-11.838,-15.112,-18.875,-17.854,-14.612,-10.956,-8.2699,-6.7142,-5.1192,-3.8867,-3.1695,-2.4597,-1.9905,-1.7853,-1.8215,-2.1108,-2.6951,-3.3647,-4.6503,-6.5329,-9.3231,-12.409,-19.726,-24.514,-16.361,-11.288,-8.4325,-6.9837,-5.5853,-4.5967,-3.8632,-3.3994,-2.8633,-2.3753,-2.0563,-1.7029,-1.4794,-1.4288,-1.5165,-1.8169,-2.3395,-2.9003,-3.7886,-4.7676,-5.4722,-6.2904,-6.8967,-7.4087
7.7269,6.9286,5.631,4.0731,2.7563,0.82119,-1.2721,-2.8395,-4.7394,-6.3472,-7.6761,-8.5641,-9.672,-10.806,-11.565,-12.214,-12.227,-11.625,-10.173,-8.3864,-6.5828,-5.3211,-3.8349,-2.5955,-1.8259,-1.0597,-0.51567,-0.2052,0.10395,0.34245,0.56676,0.79184,1.1998,1.7023,2.0998,2.6142,3.0619,3.3952,3.5438,3.5925,3.442,3.2083,2.7367,2.0787,1.4776,0.57493,-0.41918,-1.4799,-2.3326,-3.4711,-4.4651,-4.8913,-4.6587,-3.3709,-2.0245,-0.19763,1.3771,2.6132,3.3168,3.938,4.1945,4.1604,3.8172,3.1317,2.0936,1.0898,-0.57896,-2.6543,-4.5349,-7.6921,-12.098,-16.745,-16.817,-10.45,-6.0726,-3.6327,-1.0921,0.90567,2.1266,3.4417,4.4595,5.0485,5.6139,5.9185,5.9831,5.8749,5.5188,4.9152,4.2934,3.2595,2.0629,0.59623,-0.64094,-2.2753,-3.7817,-4.6568,-5.2464,-5.09,-4.4573,-2.9296,-0.92688,1.122,2.5648,4.2648,5.6713,6.527,7.3792,7.8974,8.0515,7.9251,7.3709,6.3247,5.1344,2.8269,-0.69689,-4.6436,-9.0865,-4.1001,0.0012153,1.9435,3.6054,4.5532,4.9085,4.9981,4.6993,4.2473,3.3475,2.1254,0.62192,-0.61253,-2.1019,-2.8608,-2.7513,-1.9139,-0.98427,-0.45605,0.099865,0.35272,0.20358,-0.11908,-0.83745,-1.8849,-2.8076,-4.0372,-5.0534,-5.5701,-5.5922,-5.3893,-5.1861,-5.1662,-5.4515,-6.0832,-6.805,-7.8562,-8.4085,-7.8627,-6.7323,-4.8569,-3.0538,-1.8427,-0.49066,0.55626,1.1681,1.7842,2.1636,2.3239,2.3019,2.0919,1.6698,1.2183,0.45103,-0.48065,-1.4982,-2.2155,-2.9006,-3.1352,-2.9637,-2.3552,-1.5484,-0.92799,-0.14595,0.51222,1.0811,1.4617,1.868,2.1295,2.245,2.2849,2.1536,1.8992,1.3226,0.44889,-0.82469,-2.1415,-4.553,-8.1431,-12.199,-19.675,-14.662,-9.8387
8.828,7.8616,6.2419,4.1394,2.1968,-1.0563,-5.477,-10.093,-17.833,-14.997,-11.511,-10.457,-10.343,-11.413,-13.157,-17.633,-31.864,-23.402,-13.817,-9.1181,-6.1617,-4.508,-2.7794,-1.5771,-0.96617,-0.49775,-0.44374,-0.68832,-1.3754,-2.4116,-3.4814,-3.8694,-3.2265,-1.5704,-0.17419,1.4602,2.6987,3.5383,3.9191,4.0939,3.8921,3.5106,2.6782,1.4996,0.41359,-1.2233,-2.7876,-3.7418,-3.7932,-3.0988,-1.9453,-0.99624,0.31845,1.6265,2.5943,3.816,4.9269,5.8558,6.4137,6.9787,7.3129,7.402,7.3086,6.9755,6.4154,5.8636,4.9655,3.9323,3.1083,2.0532,1.1724,0.77114,0.68491,1.1105,1.9304,2.6724,3.7288,4.7563,5.4639,6.303,7.0042,7.4237,7.8222,8.0434,8.0589,7.9441,7.6201,7.0945,6.5775,5.752,4.6752,3.3613,2.2915,0.60663,-1.5144,-3.5434,-7.7213,-17.484,-20.997,-7.7228,-2.1559,1.4412,3.4683,5.6024,7.2627,8.2339,9.1845,9.7783,9.9945,9.9775,9.6023,8.8543,8.0551,6.6943,5.1364,4.0744,3.3826,3.7319,4.654,5.4059,6.2355,6.7959,7.0509,7.1864,7.1327,7.0016,6.736,6.3991,6.0424,5.7903,5.5321,5.3614,5.2843,5.2581,5.3142,5.2502,4.9927,4.569,3.8543,3.0863,1.671,-0.44174,-2.6896,-7.0666,-16.188,-17.695,-9.8874,-5.3467,-2.8808,-1.6544,-0.57307,0.10673,0.47167,0.8453,1.2442,1.7314,2.1688,2.8207,3.5107,4.0122,4.6359,5.1712,5.5052,5.8357,6.0306,6.0879,6.0638,5.93,5.6736,5.4173,5.0234,4.5899,4.1501,3.8397,3.5021,3.2855,3.2001,3.1973,3.3274,3.4895,3.7673,4.1037,4.4697,4.7362,5.0628,5.3286,5.469,5.5394,5.4675,5.3031,4.8909,4.2338,3.3356,2.4934,1.1316,-0.35954,-1.3631,-2.1576,-2.0476,-1.214
7.9762,7.2305,5.9613,4.3392,2.8812,0.68858,-1.7257,-3.4911,-5.2566,-6.0733,-6.2318,-6.2612,-6.4977,-6.9187,-7.3328,-7.8456,-8.021,-7.6939,-6.7422,-5.5241,-4.2503,-3.3383,-2.332,-1.6057,-1.2793,-1.1213,-1.3579,-1.8831,-3.1505,-5.2887,-8.6145,-11.363,-9.6984,-5.2623,-2.7248,-0.26448,1.3932,2.4152,2.8422,2.9958,2.7176,2.2026,1.0951,-0.56799,-2.2883,-5.5327,-10.674,-17.959,-14.139,-8,-4.349,-2.3838,-0.29358,1.4133,2.5171,3.8053,4.9202,5.8696,6.4624,7.0856,7.5233,7.7291,7.8387,7.775,7.5444,7.2708,6.7981,6.2269,5.7583,5.1102,4.4864,4.0726,3.63,3.3621,3.305,3.4036,3.728,4.22,4.6618,5.2886,5.867,6.2256,6.5732,6.7573,6.7555,6.6296,6.3017,5.8209,5.3602,4.6106,3.7827,2.9747,2.3084,1.355,0.40804,-0.28365,-0.96596,-1.1595,-0.90349,0.11994,1.6973,3.3916,4.6314,6.15,7.4524,8.2655,9.1387,9.7635,10.071,10.267,10.243,10.009,9.7245,9.2388,8.694,8.3011,7.8148,7.4205,7.1012,6.8808,6.5855,6.2726,6.0285,5.7216,5.4816,5.3677,5.3352,5.4417,5.662,5.869,6.1582,6.4381,6.6314,6.7954,6.8617,6.871,6.7186,6.3609,5.8215,5.2657,4.3505,3.2655,2.3372,1.1238,0.25065,-0.039277,0.11823,0.66776,1.3682,1.8446,2.4018,2.8407,3.1275,3.4632,3.7468,4.0365,4.2631,4.5759,4.8931,5.1129,5.3735,5.5831,5.702,5.7879,5.7965,5.7334,5.6339,5.4356,5.1902,4.9724,4.6352,4.2591,3.8454,3.5106,3.0386,2.5703,2.2369,1.8385,1.5517,1.4654,1.5407,1.8752,2.3881,2.8367,3.4587,4.0785,4.4863,4.9245,5.2209,5.36,5.4215,5.3281,5.1091,4.8868,4.5402,4.1826,3.9439,3.7213,3.6129,3.6068
5.9845,5.6158,4.9416,4.091,3.3409,2.269,1.1766,0.37415,-0.63835,-1.5452,-2.3412,-2.886,-3.5612,-4.2155,-4.6515,-5.128,-5.454,-5.5459,-5.4366,-5.1385,-4.6323,-4.1364,-3.4764,-2.8407,-2.4215,-2.0221,-1.8031,-1.742,-1.7844,-1.9158,-1.9633,-1.8411,-1.4287,-0.72919,-0.10147,0.70078,1.364,1.8149,1.9785,1.9464,1.6374,1.2125,0.39941,-0.68161,-1.6184,-2.9305,-4.1437,-4.9349,-5.1267,-4.8857,-4.2076,-3.4808,-2.3237,-1.0489,-0.065311,1.2303,2.4075,3.4441,4.1254,4.8647,5.4214,5.7218,5.9729,6.0548,5.9755,5.8091,5.4534,4.9411,4.4539,3.6563,2.6913,1.836,0.53856,-0.8934,-2.2446,-2.8829,-2.8284,-1.7734,-0.69859,0.6966,1.8438,2.4928,3.0819,3.329,3.2795,3.0495,2.5113,1.7401,1.0655,0.11728,-0.69945,-1.3694,-1.7308,-1.8792,-1.7984,-1.6154,-1.1877,-0.65645,-0.16685,0.70051,1.729,2.8321,3.685,4.8212,5.8777,6.5845,7.3983,8.0389,8.394,8.6974,8.8051,8.738,8.5741,8.2264,7.7534,7.3187,6.642,5.8632,4.9901,4.2489,3.1388,1.8751,0.82411,-0.63315,-1.8966,-2.4196,-2.1749,-1.0244,0.44538,1.5292,2.7957,3.8467,4.4932,5.1608,5.5665,5.7772,5.9442,5.9251,5.761,5.5467,5.1712,4.7571,4.42,3.945,3.5531,3.2308,3.0296,2.8262,2.6722,2.5533,2.3753,2.1959,2.0518,1.8913,1.7981,1.7848,1.8307,1.9673,2.1399,2.2825,2.43,2.4948,2.47,2.3471,2.138,1.8569,1.6052,1.2654,0.95475,0.74543,0.45971,0.14002,-0.26341,-0.6482,-1.3667,-2.3492,-3.2649,-4.7515,-6.449,-7.554,-7.972,-6.8492,-4.9644,-3.5202,-1.7916,-0.37946,0.5062,1.4954,2.2782,2.7302,3.2033,3.5458,3.7427,3.8196,3.8475,3.8025,3.7269,3.5852,3.4188,3.2108
4.7732,4.6393,4.3356,3.9327,3.5493,2.945,2.281,1.7329,0.95693,0.13459,-0.74577,-1.4501,-2.4535,-3.5573,-4.4298,-5.6636,-6.8784,-7.7334,-8.4551,-8.4982,-7.7494,-6.9121,-5.6426,-4.4033,-3.5236,-2.5302,-1.7214,-1.2053,-0.61843,-0.1377,0.31107,0.64948,1.0659,1.467,1.7637,2.1065,2.348,2.476,2.4758,2.342,2.021,1.6676,1.0298,0.20939,-0.50558,-1.5926,-2.84,-4.2311,-5.3507,-6.9188,-8.1824,-8.3999,-7.2986,-5.2314,-3.5997,-1.6136,0.064057,1.3951,2.1991,3.0555,3.6904,4.0326,4.3366,4.4875,4.4963,4.4157,4.1729,3.7684,3.3321,2.5457,1.4581,0.36912,-1.5802,-4.4244,-8.8938,-14.155,-13.872,-7.4274,-4.4174,-1.7697,-0.07878,0.75685,1.4265,1.6087,1.3463,0.86028,-0.20004,-1.7901,-3.388,-6.1138,-9.4979,-11.853,-11.029,-8.5058,-6.4817,-5.3551,-4.2832,-3.4855,-2.8752,-1.9218,-0.83702,0.45502,1.5078,2.9085,4.1989,5.068,6.0599,6.8277,7.257,7.6284,7.7696,7.6984,7.5069,7.083,6.4626,5.8742,4.9515,3.8528,2.5844,1.5203,-0.082199,-1.9943,-3.7455,-6.8473,-11.826,-18.131,-14.584,-7.7477,-3.7249,-1.5941,0.55535,2.149,3.046,4.0083,4.701,5.0234,5.313,5.4616,5.4841,5.4403,5.2949,5.0849,4.9173,4.6513,4.3352,3.9655,3.6583,3.1709,2.5667,2.0306,1.1936,0.19057,-0.64362,-1.7925,-2.7243,-3.1756,-3.1036,-2.5679,-1.8803,-1.4131,-0.96796,-0.80932,-0.90174,-1.3004,-2.0182,-3.0103,-3.8228,-4.7902,-5.3214,-5.3183,-4.9176,-4.4304,-4.1444,-4.1526,-4.5465,-5.4757,-6.566,-8.6698,-11.83,-15.016,-17.516,-13.653,-9.8532,-7.7163,-5.4445,-3.6936,-2.629,-1.4041,-0.35642,0.29856,1.0089,1.5724,2.0065,2.2299,2.4145,2.4847,2.4578,2.3152,2.0585,1.6852
3.8275,3.8223,3.7605,3.6256,3.483,3.1955,2.7912,2.4198,1.828,1.1119,0.24996,-0.49927,-1.6556,-3.0562,-4.3376,-6.4664,-9.3915,-12.613,-20.488,-25.92,-14.45,-10.707,-7.4637,-5.1827,-3.8963,-2.4962,-1.3578,-0.6521,0.15123,0.84559,1.4409,1.8239,2.2918,2.6898,2.931,3.1899,3.359,3.4176,3.3922,3.2552,2.9876,2.6996,2.198,1.5471,0.9355,-0.07427,-1.3522,-3.0507,-4.7,-7.6763,-11.938,-14.5,-11.146,-6.747,-4.3012,-1.913,-0.22799,0.98427,1.6297,2.2247,2.5873,2.7536,2.8891,2.9851,3.0764,3.1479,3.2246,3.2317,3.1643,2.9377,2.5279,2.1107,1.415,0.65333,-0.034521,-0.33503,-0.30659,0.19676,0.757,1.5231,2.1786,2.5323,2.7495,2.6834,2.2806,1.7377,0.65564,-0.88666,-2.3885,-4.9045,-7.5055,-9.2002,-8.9566,-7.4248,-6.2942,-5.8751,-6.0689,-7.0054,-8.0845,-9.188,-7.5503,-4.0914,-1.632,1.0752,3.1849,4.4533,5.7676,6.7065,7.1914,7.5764,7.6822,7.512,7.2145,6.595,5.7274,4.9281,3.6612,2.1725,0.51771,-0.76238,-2.4118,-3.7835,-4.5455,-5.1646,-5.2695,-4.9672,-4.0213,-2.5798,-0.96286,0.22436,1.6327,2.8073,3.5149,4.1803,4.6714,4.9068,5.0182,5.0129,4.9238,4.8429,4.7359,4.6188,4.5465,4.4657,4.3216,4.1047,3.8614,3.3745,2.6607,1.9419,0.64601,-1.1585,-3.002,-6.5657,-12.912,-25.921,-14.081,-7.955,-4.8735,-3.4812,-2.4103,-2.0143,-2.1062,-2.7539,-4.1221,-6.3873,-9.0129,-15.408,-33.538,-16.252,-9.9968,-6.9327,-5.2568,-4.5898,-4.213,-4.335,-4.7269,-5.4907,-6.376,-7.0028,-7.5932,-7.8354,-7.713,-7.3713,-6.6798,-5.7124,-4.8468,-3.6468,-2.5262,-1.7483,-0.85366,-0.15193,0.38463,0.69466,0.98335,1.1253,1.1514,1.0513,0.76002,0.26503
1.6261,1.8692,2.2557,2.5642,2.7342,2.8332,2.7418,2.5721,2.1973,1.674,1.0294,0.44825,-0.43254,-1.4465,-2.3259,-3.6285,-5.0145,-6.0172,-7.0766,-7.2964,-6.6566,-5.877,-4.6519,-3.4407,-2.6598,-1.7552,-0.93245,-0.38339,0.29463,0.94075,1.5524,1.9606,2.4789,2.9405,3.2176,3.4911,3.677,3.7509,3.7401,3.6432,3.4924,3.3397,3.1003,2.8122,2.5452,2.1315,1.6374,1.049,0.57218,-0.0088073,-0.41195,-0.47649,-0.1876,0.3996,0.92833,1.6076,2.0842,2.3071,2.2817,1.9704,1.3515,0.75225,-0.059647,-0.53486,-0.33417,0.23,1.244,2.2393,2.8682,3.5015,3.9064,4.0909,4.2105,4.248,4.2553,4.2899,4.3919,4.5597,4.7151,4.9357,5.133,5.2388,5.2555,5.1478,4.8841,4.5783,4.025,3.3296,2.7314,1.9261,1.1964,0.51385,0.23445,-0.1181,-0.57061,-1.0506,-1.9808,-3.3918,-4.8246,-6.087,-4.8446,-1.7743,0.48253,2.9783,4.9178,6.0549,7.1938,7.9621,8.3239,8.53,8.4496,8.0839,7.6325,6.7818,5.6526,4.5992,2.879,0.76179,-1.9442,-4.5343,-9.0503,-13.633,-12.274,-7.9529,-4.7621,-2.9567,-0.99479,0.62886,1.996,2.8673,3.8214,4.5048,4.8749,5.1092,5.0141,4.8282,4.363,3.6951,2.9605,2.476,2.1366,2.218,2.469,2.9651,3.4743,3.8573,3.999,3.9966,3.743,3.3655,2.6107,1.5789,0.65461,-0.74385,-1.9936,-2.6126,-2.5069,-1.8368,-0.99351,-0.44772,0.034182,0.19416,0.10512,-0.31859,-1.0249,-2.0027,-2.8324,-3.7458,-4.1294,-3.9175,-3.1543,-2.2766,-1.5378,-1.1681,-0.96704,-1.0495,-1.3075,-1.9177,-2.7962,-3.6622,-5.1058,-7.0117,-9.4152,-11.495,-13.319,-11.604,-9.2477,-6.5651,-4.6412,-3.5965,-2.5556,-1.8658,-1.4385,-1.1822,-0.89032,-0.60732,-0.43089,-0.24922,-0.21914,-0.42977
-4.3606,-2.2613,-0.049715,1.4317,2.0968,2.5698,2.6735,2.5488,2.1909,1.7233,1.2158,0.85916,0.39302,-0.027231,-0.31882,-0.71513,-1.1081,-1.3756,-1.6996,-1.8724,-1.9573,-1.9714,-1.8756,-1.8145,-1.7192,-1.5674,-1.4247,-1.265,-0.91093,-0.40627,0.26993,0.87602,1.6707,2.3668,2.8017,3.2127,3.3898,3.3718,3.2401,2.9774,2.7252,2.6112,2.6351,2.8662,3.1529,3.5788,3.976,4.3252,4.5366,4.7562,4.9633,5.1063,5.2842,5.451,5.5254,5.5202,5.3584,4.9114,4.3546,3.2011,1.3707,-0.68213,-5.1817,-16.693,-11.358,-4.8257,-0.4342,2.1495,3.4587,4.6658,5.4453,5.8149,6.116,6.2694,6.3656,6.4197,6.5,6.6208,6.7371,6.923,7.1098,7.2276,7.3668,7.4169,7.3891,7.3137,7.153,6.9343,6.7555,6.4942,6.1991,6.0273,5.8882,5.6723,5.5232,5.3976,5.2653,5.1484,5.1767,5.435,5.9274,6.7047,7.3812,8.2917,9.1291,9.6523,10.169,10.468,10.537,10.409,10.029,9.4086,8.7874,7.762,6.5168,5.4333,3.8227,2.0373,0.043039,-1.5416,-3.5263,-4.5563,-4.1748,-2.4969,-0.4357,1.0224,2.7234,4.1386,5.2774,5.9597,6.6232,6.9925,7.0564,6.9167,6.3263,5.5732,4.1543,1.9982,-1.196,-4.6444,-9.0441,-5.6189,-2.3145,0.68704,2.6744,3.9924,4.6762,5.2954,5.6355,5.7227,5.6874,5.4771,5.2481,4.9063,4.5445,4.2472,4.0885,3.9548,3.8602,3.7993,3.7252,3.6247,3.5241,3.3602,3.1894,3.0059,2.8893,2.8139,2.8205,2.8936,3.0678,3.2633,3.4186,3.4867,3.4459,3.2271,2.9491,2.3614,1.5102,0.66711,-0.77455,-2.6541,-5.1037,-7.0375,-8.6458,-7.7843,-6.1933,-4.4671,-3.2994,-2.8311,-2.7896,-3.2252,-3.9741,-4.5843,-4.88,-4.1985,-3.2598,-1.8911,-0.72234,0.077929
-1.0385,0.49263,2.1233,3.1825,3.5768,3.5713,3.0658,2.3655,1.118,-0.30505,-1.446,-1.7436,-1.4029,-0.70168,-0.18357,0.30561,0.50813,0.50776,0.36568,-0.010655,-0.47877,-0.83951,-1.4172,-2.1272,-2.6777,-3.5046,-4.6049,-5.4812,-6.4102,-6.0508,-4.2166,-2.4153,-0.25848,1.3592,2.2479,2.9764,3.134,2.7315,2.038,0.53761,-1.5676,-2.9909,-2.944,-0.6377,1.3003,3.4427,5.0423,6.231,6.9112,7.5953,8.0911,8.3675,8.6254,8.7928,8.8552,8.8165,8.6539,8.3202,7.9338,7.2191,6.2852,5.4791,4.4122,3.7538,3.8339,4.3305,5.2613,6.1547,6.6858,7.1399,7.3319,7.2996,7.0876,6.7263,6.3507,6.1038,5.9485,6.034,6.2531,6.693,7.1842,7.5323,7.9735,8.3006,8.5193,8.6125,8.6729,8.6791,8.6819,8.6963,8.7711,8.9292,9.0096,9.2338,9.5177,9.7465,10.053,10.379,10.665,11.025,11.428,11.856,12.159,12.537,12.837,12.983,13.062,12.976,12.775,12.327,11.639,10.718,9.8593,8.5161,6.982,5.7843,4.2052,2.8491,1.9583,1.6329,1.6426,2.0802,2.6585,3.6555,4.7977,5.6895,6.8383,7.8716,8.744,9.2637,9.775,10.055,10.042,9.7862,9.2489,8.5345,7.2598,5.5672,3.5614,2.0002,0.73846,1.0654,1.9053,3.2746,4.4552,5.3948,6.0163,6.7313,7.3226,7.7097,8.0923,8.3238,8.378,8.336,8.1445,7.8107,7.4793,6.9676,6.3986,5.9809,5.4867,5.1598,5.0509,5.1034,5.2835,5.5663,5.8055,6.087,6.3669,6.5553,6.7737,6.9632,7.0961,7.167,7.2065,7.1349,7.012,6.751,6.3436,5.951,5.3166,4.6028,3.8571,3.3657,2.8282,2.464,2.2969,2.0138,1.5459,0.99817,-0.23523,-2.2112,-5.4239,-9.4965,-18.1,-10.25,-5.7261,-2.0252,0.3173,1.9296
5.3877,5.3776,5.4017,5.1998,4.899,4.1341,2.815,1.3748,-1.442,-6.137,-16.134,-16.515,-7.4314,-3.6012,-2.0326,-0.88911,-0.46989,-0.52457,-1.0134,-1.927,-3.1523,-4.2338,-5.7235,-6.8008,-7.4724,-8.2458,-9.3034,-10.777,-14.036,-14.599,-9.0744,-5.4663,-2.1359,0.21923,1.4059,2.3615,2.7116,2.3887,1.6853,0.052231,-2.3593,-4.2284,-4.2459,-1.3661,0.82964,3.0941,4.7376,5.8659,6.4667,7.0482,7.4199,7.6174,7.8317,8.0002,8.1351,8.3129,8.4475,8.5628,8.597,8.5803,8.499,8.4045,8.2774,8.1693,8.1115,8.0857,8.0462,7.9252,7.7359,7.2982,6.5787,5.8412,4.536,2.8196,0.6674,-1.0301,-2.5129,-2,-0.66108,1.2676,2.8762,3.845,4.7454,5.3633,5.7088,5.8181,5.7957,5.6713,5.5423,5.5,5.7307,6.1328,6.6407,7.5224,8.371,9.0065,9.7618,10.455,10.893,11.369,11.795,12.117,12.31,12.51,12.617,12.632,12.55,12.303,11.997,11.392,10.527,9.3415,8.2152,6.3297,3.9018,1.6522,-2.1939,-6.4631,-7.0248,-4.6855,-1.6911,0.60069,1.9939,3.6007,5.002,5.9584,7.1278,8.1679,9.0585,9.6156,10.189,10.561,10.706,10.629,10.4,10.066,9.4133,8.6036,7.7055,7.0089,6.0768,5.2696,4.6597,3.8831,3.2199,2.8975,3.0784,3.8758,5.0392,5.9573,6.9861,7.7409,8.0965,8.2526,8.0774,7.5479,6.9108,5.7024,4.1188,2.6774,0.65145,-0.72406,-0.71301,0.44707,1.9317,3.2166,3.9641,4.7067,5.2442,5.5454,5.8472,6.1159,6.3744,6.5571,6.8111,7.0593,7.2174,7.3958,7.5021,7.5256,7.4783,7.3395,7.15,6.9373,6.6094,6.2239,5.8415,5.2733,4.524,3.8446,2.8274,1.623,0.43045,-0.31812,-0.89354,-0.78028,-0.31598,0.60879,1.6268,2.5847
5.2813,5.2283,5.0963,4.8342,4.4907,3.8592,2.9605,2.1178,0.7975,-0.5402,-1.5959,-1.9962,-2.0473,-1.8335,-1.7172,-1.7674,-2.139,-2.703,-3.9117,-5.6039,-8.2267,-10.979,-16.856,-30.662,-20.64,-13.981,-10.729,-9.1924,-7.5722,-5.9568,-4.2505,-2.9243,-1.2515,0.17373,1.0405,1.8891,2.392,2.5843,2.5529,2.3684,2.1257,2.0073,2.0486,2.3301,2.6256,3.0118,3.2852,3.3773,3.301,3.0265,2.6247,2.3056,2.0048,1.9954,2.2164,2.8211,3.6031,4.3886,4.945,5.5862,6.0888,6.3788,6.6556,6.7948,6.8036,6.7257,6.4765,6.0394,5.5625,4.7051,3.5333,2.4148,0.51495,-1.958,-5.227,-8.3561,-12.239,-10.609,-7.8184,-4.926,-2.8805,-1.7845,-0.77464,-0.2276,-0.098354,-0.27094,-0.90087,-2.04,-3.2258,-5.0954,-6.0568,-4.3439,-2.0324,0.6565,2.8053,4.0809,5.4383,6.4299,6.9405,7.4634,7.7569,7.9093,7.9893,8.0582,8.1383,8.2061,8.2463,8.1881,8.0419,7.6398,6.9645,5.9591,4.962,3.2692,1.1049,-0.83886,-3.6882,-6.3429,-6.9895,-6.1463,-4.4432,-2.8018,-1.6928,-0.3062,1.0824,2.1076,3.4313,4.6635,5.767,6.4886,7.2852,7.8694,8.2069,8.498,8.5044,8.4413,8.1596,7.6809,6.9929,6.3694,5.2906,3.8785,2.5536,0.04586,-3.9055,-12.223,-18.795,-5.8184,-0.69432,1.6399,3.7457,5.0641,5.6796,6.0481,5.9401,5.3714,4.6257,3.1121,0.88628,-1.4292,-5.7861,-10.784,-9.6805,-5.4492,-2.6468,-1.0233,-0.33903,0.17343,0.29921,0.25703,0.17933,0.17648,0.40118,0.73672,1.3579,2.1397,2.7702,3.5733,4.3201,4.8064,5.3383,5.7143,5.9184,5.9637,5.8786,5.6126,5.3025,4.7416,4.0268,3.3898,2.4622,1.4688,0.47704,-0.19067,-0.94628,-1.46,-1.6301,-1.672,-1.4198,-0.9358
3.1577,3.4456,3.6879,3.8232,3.792,3.6177,3.2899,2.9454,2.4086,1.8117,1.1941,0.74712,0.15905,-0.48456,-1.0105,-1.8115,-2.7752,-3.6248,-4.893,-6.3005,-7.8921,-8.9932,-10.352,-10.718,-10.412,-9.1267,-7.5143,-6.3072,-4.7667,-3.385,-2.0497,-1.1778,-0.093864,0.85864,1.4537,2.109,2.5667,2.8685,3.0054,3.0773,3.0411,2.9794,2.8494,2.6561,2.4341,2.0482,1.4489,0.61278,-0.23847,-1.7628,-3.8401,-5.9032,-9.2966,-11.241,-9.5476,-6.1072,-3.2202,-1.07,0.20372,1.55,2.5839,3.1804,3.7795,4.1736,4.3556,4.3549,4.1523,3.713,3.2243,2.338,1.1786,0.11284,-1.5183,-3.3011,-5.0988,-6.3266,-7.4565,-7.8706,-7.7371,-7.1483,-6.3354,-5.8289,-5.1976,-4.8507,-4.844,-5.0723,-5.7377,-6.9575,-8.3086,-10.785,-12.109,-9.7472,-6.5942,-3.3035,-0.88713,0.50891,1.8553,2.6505,2.941,3.0048,2.6107,1.9754,1.4401,0.95418,1.0856,1.5886,2.4716,3.3083,3.7427,4.0079,3.8951,3.4307,2.8536,1.821,0.53778,-0.52134,-1.9963,-3.4108,-4.6481,-5.4735,-6.4007,-7.1254,-7.3068,-6.7539,-5.2575,-3.7882,-1.7825,0.055409,1.6277,2.6229,3.7563,4.6465,5.1388,5.7189,6.018,6.1431,6.1596,5.9919,5.6152,5.2246,4.5322,3.604,2.8076,1.5673,0.32566,-0.56104,-0.62252,0.13395,1.4426,2.4562,3.6264,4.5066,4.9358,5.237,5.1995,4.842,4.3655,3.4903,2.3621,1.4352,0.23875,-0.71755,-1.1891,-1.5488,-1.8014,-2.1837,-2.6786,-3.6736,-5.1818,-6.6357,-8.8,-10.66,-10.824,-9.6499,-7.4698,-5.2915,-3.7176,-1.784,-0.07977,1.0243,2.2566,3.2077,3.8444,4.1543,4.311,4.1905,3.9357,3.3385,2.5133,1.7171,0.43193,-1.0431,-2.6844,-3.9495,-5.5549,-6.908,-7.7065,-8.4901,-8.8478,-8.5365
0.52478,1.3711,2.2324,2.825,3.138,3.3508,3.3889,3.3145,3.0969,2.7388,2.2532,1.7929,1.0618,0.16783,-0.62103,-1.8557,-3.3114,-4.4488,-5.9912,-7.3667,-8.1258,-8.3563,-8.0972,-7.3543,-6.6292,-5.5326,-4.3813,-3.5072,-2.3905,-1.3694,-0.4441,0.17925,0.92139,1.5555,1.9505,2.3942,2.7319,2.9591,3.0567,3.091,3.0241,2.9052,2.6394,2.2361,1.8413,1.1573,0.25701,-0.90438,-1.9778,-3.7107,-5.8778,-7.7897,-10.434,-11.742,-10.951,-8.5599,-6.2245,-4.1993,-2.9319,-1.5031,-0.31252,0.42987,1.2357,1.8382,2.2311,2.368,2.3584,2.0937,1.7131,0.94031,-0.15786,-1.2062,-2.9562,-5.1156,-7.7604,-9.9489,-12.838,-13.981,-13.189,-11.457,-9.9875,-9.21,-8.6263,-8.3623,-8.2666,-8.2234,-8.0626,-7.7117,-7.3545,-6.6914,-5.7578,-4.5767,-3.3802,-2.023,-0.68434,0.12627,0.90499,1.2261,1.2128,0.59086,-0.71355,-3.1645,-6.3434,-15.7,-14.245,-6.9945,-2.3703,0.19867,1.3746,2.2833,2.5896,2.4104,2.0152,1.1938,0.10174,-0.8959,-2.3145,-3.9,-5.6782,-7.1968,-9.8126,-13.906,-19.762,-26.388,-13.719,-9.5738,-5.9557,-3.4331,-1.5796,-0.45686,0.74282,1.751,2.3741,3.0147,3.6497,3.9523,4.2568,4.4124,4.425,4.3148,4.1115,3.8025,3.5497,3.2728,3.0809,3.093,3.2104,3.5559,4.0532,4.4454,4.9667,5.3995,5.625,5.7693,5.7271,5.4961,5.2018,4.685,4.0337,3.4928,2.7127,1.9048,1.2765,0.40694,-0.598,-1.8137,-2.9315,-4.8865,-7.4439,-10.037,-14.668,-20.603,-21.511,-19.323,-16.729,-13.234,-10.306,-6.6339,-3.5763,-1.7106,0.2578,1.7238,2.7473,3.2556,3.5969,3.5934,3.3654,2.7303,1.7306,0.71176,-1.0794,-3.3859,-6.4317,-9.339,-14.014,-18.012,-18.371,-18.006,-20.408,-31.859
-0.99123,0.11976,1.2961,2.1179,2.5703,2.9942,3.2301,3.3082,3.269,3.087,2.7507,2.3775,1.6932,0.77688,-0.11254,-1.6226,-3.6519,-5.6286,-9.2394,-14.861,-19.674,-15.234,-10.16,-7.1587,-5.4901,-3.782,-2.4876,-1.686,-0.81953,-0.09559,0.46067,0.82675,1.2382,1.5565,1.7777,2.0126,2.2097,2.3441,2.3932,2.3935,2.3092,2.1651,1.8714,1.4539,1.0571,0.36845,-0.46314,-1.5012,-2.3928,-3.738,-5.1702,-6.1919,-7.4199,-8.158,-8.3356,-8.0711,-7.2757,-6.2483,-5.3704,-4.1783,-3.049,-2.2425,-1.254,-0.40326,0.29897,0.71054,1.0699,1.1776,1.065,0.63735,-0.13138,-0.96411,-2.479,-4.5719,-7.3337,-10.071,-14.287,-15.976,-14.272,-11.786,-10.476,-10.05,-10.346,-11.542,-13.437,-14.729,-14.26,-11.456,-9.2603,-6.7218,-4.719,-2.9244,-1.832,-0.60133,0.48884,1.1101,1.7194,2.0874,2.1386,1.9233,1.4026,0.58163,-0.065702,-0.64962,-0.44209,0.22192,1.4151,2.4818,3.0654,3.4751,3.468,3.0303,2.4366,1.2998,-0.19274,-1.4937,-3.3967,-5.2208,-6.7132,-7.5433,-8.3051,-8.7755,-8.8869,-8.4518,-7.39,-6.3807,-5.0632,-4.0156,-3.2295,-2.7947,-2.2743,-1.6878,-1.0315,-0.10726,0.82423,1.5004,2.1871,2.6333,2.8618,2.8945,2.7829,2.6384,2.5237,2.4963,2.6652,3.0395,3.4305,4.0402,4.6677,5.1226,5.6473,6.0313,6.2338,6.3452,6.2948,6.0829,5.8346,5.3828,4.8395,4.3738,3.6997,2.9736,2.3964,1.5696,0.65752,-0.39459,-1.3145,-2.7207,-4.4102,-5.8507,-7.9792,-10.298,-12.905,-15.294,-18.587,-15.391,-11.091,-6.5518,-3.2194,-1.2841,0.73044,2.2024,3.2589,3.7773,4.1642,4.2116,4.0219,3.5103,2.6165,1.7237,0.15203,-1.8982,-4.5304,-6.9225,-10.34,-12.761,-12.898,-12.043,-11.15,-10.199
-0.99078,-0.27255,0.46878,1.0682,1.3869,1.7277,1.9808,2.1234,2.2678,2.3515,2.3378,2.2504,1.9669,1.4563,0.90235,-0.10209,-1.426,-2.6775,-4.5422,-6.3194,-7.0024,-6.6008,-5.2346,-3.7181,-2.7366,-1.6972,-0.92558,-0.52578,-0.18638,-0.054803,-0.053618,-0.12813,-0.26359,-0.35089,-0.36125,-0.28562,-0.14353,0.025239,0.1333,0.20326,0.1549,0.055102,-0.16168,-0.46658,-0.77179,-1.264,-1.9163,-2.7599,-3.561,-4.8866,-6.5504,-8.0678,-10.384,-12.866,-14.164,-14.195,-12.662,-10.9,-9.7764,-8.5055,-7.3671,-6.4815,-5.1968,-3.7864,-2.412,-1.469,-0.44415,0.29616,0.65478,0.8592,0.7415,0.44541,-0.18072,-1.0647,-2.1308,-2.9415,-3.9341,-4.6758,-5.0453,-5.4272,-5.897,-6.4874,-7.6139,-9.4148,-11.976,-13.816,-13.524,-10.382,-8.0226,-5.4661,-3.4947,-1.8157,-0.90443,0.27414,1.2004,1.8166,2.5053,3.0981,3.4283,3.8428,4.1025,4.3585,4.5261,4.7827,5.0929,5.3477,5.6859,5.923,5.9984,5.8787,5.4542,4.6774,3.8119,2.2176,0.00072803,-2.1874,-6.2894,-12.561,-17.756,-13.126,-8.7823,-6.3967,-5.2562,-4.225,-3.5917,-3.3441,-3.3487,-3.8301,-4.957,-6.3586,-8.8279,-10.34,-9.0324,-5.5027,-2.8335,-1.3615,-0.0094553,0.70193,0.83863,0.65561,-0.030966,-1.0471,-1.8635,-2.5905,-2.1727,-0.78063,0.52418,2.1613,3.5067,4.3299,5.1458,5.6835,5.9113,6.019,5.902,5.5892,5.2435,4.6534,3.9715,3.4224,2.705,2.0426,1.6076,1.0981,0.6768,0.2607,-0.049527,-0.52552,-1.1017,-1.568,-2.2615,-2.909,-3.4621,-3.6637,-3.5448,-2.8266,-1.983,-0.62434,0.78242,1.7641,2.903,3.8164,4.4803,4.825,5.0855,5.1167,5.0008,4.6704,4.1525,3.6366,2.8235,1.8508,0.82271,0.065049,-0.8149,-1.4505,-1.6848,-1.7377,-1.5083,-1.0774
-1.7792,-1.4641,-1.2717,-1.2341,-1.2983,-1.4428,-1.4828,-1.346,-0.87691,-0.1901,0.53001,1.022,1.5217,1.7866,1.8308,1.6859,1.3819,1.057,0.59592,0.18149,-0.07899,-0.14728,-0.0976,0.029036,0.13991,0.19003,0.12771,-0.06232,-0.48114,-1.2038,-2.1857,-3.1398,-4.5639,-5.7798,-6.2791,-5.9946,-5.1264,-4.2511,-3.7806,-3.4872,-3.546,-3.7232,-4.0296,-4.2714,-4.34,-4.2797,-4.2936,-4.4764,-4.8479,-5.7368,-7.2293,-8.8406,-11.825,-16.191,-19.682,-19.09,-15.881,-14.095,-13.709,-14.274,-15.652,-15.82,-13.017,-9.165,-5.9683,-4.0509,-2.0641,-0.57894,0.26375,1.0762,1.5672,1.7578,1.8081,1.671,1.3882,1.1205,0.69449,0.23926,-0.1197,-0.64257,-1.1838,-1.687,-2.3596,-3.0429,-3.6177,-3.8798,-3.9053,-3.5884,-3.1638,-2.4719,-1.7723,-1.1054,-0.73478,-0.068949,0.46661,0.96592,1.6887,2.482,3.1198,4.0087,4.8518,5.6764,6.2267,6.9015,7.4774,7.8376,8.1883,8.3783,8.3966,8.2254,7.8033,7.0961,6.3564,5.0709,3.4115,1.9351,-0.26503,-2.327,-3.3489,-3.1939,-2.2525,-1.2521,-0.65428,-0.13474,0.061753,-0.013851,-0.46374,-1.351,-2.7972,-4.2957,-6.6458,-8.1115,-7.007,-4.6224,-2.2864,-1.0865,-0.040377,0.4173,0.24209,-0.29238,-1.6769,-4.1788,-7.2598,-15.127,-12.741,-5.4241,-2.2534,0.58893,2.4894,3.4939,4.3943,4.91,5.0526,4.9765,4.6027,3.962,3.3192,2.2595,0.99639,-0.018123,-1.3591,-2.3984,-2.7792,-2.6723,-2.0417,-1.2336,-0.64947,0.0034665,0.51034,0.79702,1.0782,1.2917,1.4862,1.6593,1.9646,2.3452,2.6915,3.1939,3.7113,4.0877,4.5231,4.8748,5.0982,5.1984,5.2313,5.1625,5.0649,4.8451,4.6178,4.4143,4.1692,3.9377,3.7593,3.6615,3.5882,3.6052,3.6682,3.8175,4.0162,4.2429
-3.5975,-3.4105,-3.5463,-4.3207,-5.3332,-7.4761,-10.232,-11.182,-8.6474,-5.1535,-2.3983,-0.8708,0.66798,1.7371,2.2855,2.7479,2.9501,2.9876,2.8919,2.7108,2.4322,2.225,1.914,1.5686,1.288,0.8689,0.33407,-0.16604,-1.0234,-2.222,-3.9663,-5.7991,-9.4858,-16.556,-28.194,-14.932,-9.7911,-7.3978,-6.5826,-6.4496,-7.3101,-8.6651,-11.383,-13.541,-12.431,-9.3689,-6.9444,-5.4651,-4.8597,-4.6142,-4.9108,-5.3945,-6.291,-7.3035,-7.9717,-8.7185,-9.2624,-9.9938,-10.801,-12.457,-14.451,-15.026,-12.843,-9.2878,-6.2385,-4.368,-2.3311,-0.71393,0.27423,1.3214,2.111,2.5598,2.9577,3.1781,3.2473,3.1998,3.0501,2.8116,2.5782,2.2149,1.7972,1.4632,0.97146,0.47963,0.025172,-0.29688,-0.67413,-0.9887,-1.2099,-1.4993,-1.7982,-2.2662,-2.5106,-2.9529,-3.219,-3.1342,-2.4124,-1.1191,0.19091,1.9522,3.6854,5.2185,6.2389,7.4163,8.3758,8.9667,9.5649,9.9685,10.128,10.167,10.001,9.6286,9.2307,8.5545,7.7397,7.0921,6.2192,5.4534,4.8727,4.5867,4.3646,4.2622,4.2078,4.1096,3.928,3.7213,3.34,2.8386,2.2745,1.8607,1.3923,1.1681,1.124,1.4115,1.682,1.9427,2.1078,2.0779,1.8475,1.4762,0.87108,0.067999,-0.41991,-0.78182,-0.47494,0.39477,1.2812,2.398,3.354,3.8749,4.3017,4.4126,4.2828,3.8247,3.043,1.9362,0.88683,-0.80849,-2.9841,-5.0416,-8.8068,-15.157,-20.782,-12.636,-7.249,-3.9386,-2.1417,-0.3502,1.004,1.7687,2.5781,3.1662,3.623,3.8745,4.1467,4.337,4.4516,4.5625,4.6186,4.6251,4.5869,4.4744,4.298,4.1248,3.8299,3.4969,3.2497,2.9565,2.7719,2.7571,2.9167,3.3008,3.8282,4.2775,4.9083,5.5322,5.962,6.4849,6.9201,7.2529
-4.342,-3.9905,-4.0197,-4.6877,-5.6026,-7.3912,-9.4348,-9.9861,-8.0236,-5.0158,-2.4233,-0.85436,0.76956,1.9614,2.6121,3.2034,3.4984,3.5576,3.4436,3.1316,2.6655,2.2106,1.5364,0.82331,0.29409,-0.32764,-0.86058,-1.1962,-1.6806,-2.2185,-2.9664,-3.6087,-4.6359,-5.4592,-5.7852,-5.5935,-5.0499,-4.5613,-4.4628,-4.7995,-5.8232,-7.0863,-9.251,-10.65,-9.8395,-7.3316,-5.0423,-3.4176,-2.598,-1.9482,-1.674,-1.686,-1.9148,-2.3259,-2.7064,-3.2965,-3.9449,-4.643,-5.1789,-5.8361,-6.2986,-6.3806,-6.0796,-5.3421,-4.2877,-3.3895,-2.1023,-0.83418,0.044412,1.09,1.9563,2.479,3.0192,3.3757,3.5723,3.6271,3.5975,3.4552,3.2894,3.0021,2.6203,2.318,1.8343,1.2996,0.70276,0.22498,-0.46326,-1.2046,-1.8157,-2.7311,-3.8057,-5.0263,-6.1965,-8.4872,-11.897,-16.399,-17.126,-9.2786,-5.2324,-1.3679,1.64,3.9717,5.4474,7.0711,8.3815,9.1762,10.022,10.634,10.955,11.208,11.276,11.181,11.011,10.675,10.244,9.8709,9.3532,8.8275,8.3203,7.968,7.5295,7.136,6.8626,6.5194,6.1902,5.9473,5.6361,5.3304,5.0404,4.8352,4.5846,4.3887,4.2298,4.0617,3.8701,3.7065,3.4683,3.1696,2.8603,2.638,2.379,2.2466,2.2187,2.3471,2.6305,3.0455,3.3764,3.8052,4.1212,4.243,4.2183,3.9001,3.4764,2.6145,1.4251,-0.10824,-1.4664,-3.4794,-5.5557,-7.0301,-8.7108,-9.6697,-9.5319,-7.9753,-5.6279,-3.2589,-1.7076,0.046326,1.4242,2.2497,3.088,3.6833,4.0557,4.218,4.2762,4.2099,4.0716,3.8023,3.4517,3.1383,2.6789,2.1649,1.6131,1.1325,0.41403,-0.45487,-1.2231,-2.2659,-3.2052,-3.4282,-2.7489,-1.1197,0.83368,2.2538,3.9588,5.3903,6.3074,7.3179,8.1095,8.6862
-2.6002,-2.4309,-2.4695,-2.6289,-2.8298,-3.0177,-3.0199,-2.7913,-2.1354,-1.1689,-0.045139,0.7891,1.807,2.6293,3.0983,3.5023,3.6566,3.5793,3.2425,2.6016,1.6765,0.76947,-0.71674,-2.4175,-3.7135,-5.0299,-5.2725,-4.8107,-3.8218,-2.8774,-2.1154,-1.7169,-1.3014,-1.0203,-0.81611,-0.58637,-0.37552,-0.25186,-0.22635,-0.32693,-0.56225,-0.74614,-0.95674,-0.97281,-0.79272,-0.35599,0.20867,0.76375,1.11,1.4456,1.6054,1.6055,1.4562,1.1555,0.82457,0.28543,-0.40803,-1.2063,-1.8844,-2.8644,-3.9125,-4.7056,-5.6045,-6.1257,-5.9085,-5.2239,-3.8366,-2.2977,-1.2134,0.046616,1.055,1.6281,2.1921,2.5415,2.7024,2.7376,2.6693,2.5093,2.3429,2.0526,1.7015,1.3672,0.87187,0.25498,-0.48926,-1.1291,-2.1033,-3.2256,-4.133,-5.4078,-6.7236,-7.9042,-8.9032,-9.7305,-10.562,-10.598,-9.3595,-6.7785,-4.3752,-1.3859,1.3281,3.6059,5.0917,6.7711,8.1612,9.0169,9.9508,10.648,11.039,11.39,11.563,11.581,11.498,11.279,10.959,10.657,10.197,9.6752,9.1166,8.6719,8.0727,7.4729,7.0414,6.5166,6.0827,5.8315,5.5912,5.4522,5.3633,5.3032,5.2112,5.0397,4.8966,4.5151,4.084,3.6256,2.9503,2.2193,1.4952,1.1,0.78037,0.88646,1.1462,1.7118,2.3611,3.0131,3.4244,3.8713,4.1137,4.1575,3.9793,3.5099,2.936,1.8387,0.29268,-1.7827,-3.7932,-7.2599,-11.693,-14.645,-13.436,-9.9417,-7.7408,-5.2984,-3.2557,-1.4593,-0.31432,1.0141,2.0447,2.6585,3.2414,3.5784,3.6566,3.5693,3.2521,2.7299,2.2099,1.3773,0.44202,-0.28071,-1.2261,-2.0644,-2.832,-3.3688,-4.1504,-5.1574,-6.2556,-8.5883,-13.08,-21.3,-15.835,-7.1992,-2.4247,0.16138,2.8297,4.9112,6.1789,7.5526,8.6087,9.3949
-0.93601,-1.1591,-1.5554,-1.9133,-2.1694,-2.3458,-2.246,-1.9528,-1.2821,-0.36846,0.65038,1.3977,2.3063,3.0395,3.4447,3.7492,3.7945,3.631,3.1396,2.2887,1.0295,-0.21255,-2.5135,-5.7721,-9.5574,-19.622,-16.773,-10.418,-5.9803,-3.333,-1.4892,-0.48637,0.59983,1.3927,1.8841,2.3796,2.7578,3.0137,3.145,3.2408,3.2888,3.3078,3.3247,3.3768,3.446,3.5769,3.7456,3.9121,4.0266,4.1282,4.1412,4.0926,3.921,3.6248,3.2903,2.7223,1.9522,0.98403,0.087785,-1.3909,-3.3312,-5.2872,-8.9964,-15.741,-20.406,-12.805,-7.3559,-4.1698,-2.5094,-0.93092,0.10908,0.60533,0.95692,1.0164,0.85027,0.63413,0.27087,-0.058811,-0.2703,-0.50066,-0.6888,-0.92902,-1.3116,-1.9082,-2.719,-3.4971,-4.7604,-6.2814,-7.5967,-9.6699,-11.988,-14.505,-15.185,-13.825,-11.382,-9.2783,-6.6871,-4.1805,-2.3465,-0.075129,2.0311,3.9033,5.1618,6.6206,7.8494,8.6268,9.4816,10.133,10.495,10.814,10.961,10.947,10.844,10.596,10.234,9.8991,9.369,8.7427,8.0272,7.4222,6.5215,5.5178,4.7294,3.7114,2.9149,2.5923,2.5964,2.9896,3.5429,3.9356,4.3103,4.414,4.3725,3.9717,3.2922,2.512,1.0993,-0.76355,-3.1991,-5.1289,-6.6931,-5.5275,-3.7336,-1.4751,0.33274,1.7069,2.5007,3.2793,3.7588,3.9399,3.8994,3.5731,3.1064,2.1995,0.89873,-0.82152,-2.4197,-4.962,-7.6355,-8.9573,-8.4689,-6.3659,-4.6901,-2.758,-1.1484,0.18167,1.0251,1.9437,2.6171,2.9675,3.2248,3.2211,2.9549,2.5604,1.7859,0.65382,-0.41677,-2.1851,-4.3026,-6.0232,-8.1934,-9.5922,-10.006,-9.7824,-9.3874,-8.9186,-8.6277,-8.2204,-7.6851,-6.9363,-5.2707,-2.9776,-0.47136,1.3508,3.5254,5.3978,6.5936,7.9354,9.0105,9.8419
-0.95154,-1.5755,-2.5493,-3.8149,-4.8857,-6.3432,-7.0092,-6.4456,-4.6304,-2.4697,-0.55828,0.66828,1.964,2.9167,3.4138,3.7966,3.8567,3.7158,3.2533,2.5138,1.4961,0.55179,-0.8647,-2.4064,-3.4619,-4.4215,-4.4455,-3.8859,-2.7024,-1.321,-0.032801,0.86513,1.9061,2.7871,3.3317,3.9368,4.387,4.7069,4.8636,4.9844,5.0303,5.0123,4.9714,4.9213,4.8915,4.8836,4.9143,4.9844,5.0471,5.1267,5.1682,5.1616,5.0693,4.8635,4.6243,4.1539,3.5251,2.6963,1.9422,0.73583,-0.72322,-1.9676,-3.7079,-5.1556,-5.5629,-5.0051,-3.6334,-2.2401,-1.3716,-0.53633,-0.10702,-0.040077,-0.32452,-1.0325,-2.1451,-3.2268,-4.7277,-5.827,-6.0163,-5.5045,-4.78,-4.3669,-4.2187,-4.5295,-5.3174,-6.1918,-7.7167,-9.58,-11.131,-13.348,-16.101,-19.075,-21.559,-17.013,-12.148,-9.1175,-5.8771,-3.1781,-1.4791,0.53763,2.236,3.7617,4.7382,5.9087,6.896,7.5382,8.2358,8.7712,9.0432,9.2511,9.2699,9.1046,8.8797,8.4613,7.9326,7.5054,6.8775,6.2219,5.4554,4.7798,3.6336,2.0663,0.49306,-2.4317,-6.5409,-8.9672,-6.2118,-2.3031,0.387,1.7656,2.9754,3.628,3.7515,3.6101,2.952,2.1732,0.63517,-1.5576,-4.6382,-7.4893,-10.463,-8.2261,-5.6852,-2.919,-0.88267,0.63304,1.5487,2.4971,3.1979,3.5401,3.7731,3.7383,3.5252,3.0242,2.2983,1.3923,0.67253,-0.31209,-1.1004,-1.4733,-1.5806,-1.2858,-0.87255,-0.15255,0.6166,1.3405,1.8237,2.3261,2.6822,2.8043,2.79,2.5422,2.0619,1.4951,0.45974,-0.99876,-2.4136,-4.9221,-8.4314,-12.144,-20.494,-31.336,-20.138,-17.602,-16.136,-14.655,-12.833,-9.9163,-7.0947,-5.1779,-2.8156,-0.63624,1.3804,2.7686,4.4497,5.9242,6.9036,8.0153,8.9449,9.6838
-2.0382,-2.6511,-3.7175,-5.4433,-7.3239,-11.427,-17.814,-14.684,-8.0038,-3.8487,-1.0572,0.45559,1.9617,2.9762,3.4686,3.825,3.8524,3.6794,3.2217,2.5397,1.6595,0.90627,-0.10045,-1.1076,-1.7197,-2.2893,-2.4388,-2.2554,-1.6192,-0.70539,0.35533,1.1793,2.2,3.1192,3.6923,4.3145,4.7502,5.0136,5.0974,5.0746,4.8993,4.6972,4.3616,3.9963,3.7506,3.5185,3.4468,3.5634,3.7456,4.0679,4.4082,4.6164,4.8061,4.8501,4.7949,4.5697,4.2018,3.6771,3.204,2.4892,1.7331,1.1963,0.54209,0.082787,-0.12294,-0.10482,0.056626,0.30277,0.46151,0.54818,0.39826,0.070215,-0.72881,-2.0715,-4.1753,-6.5074,-11.594,-24.312,-19.368,-11.122,-7.8071,-6.4521,-5.7126,-5.8271,-6.7384,-7.9463,-10.321,-13.682,-16.75,-18.871,-16.834,-14.01,-12.203,-9.7028,-7.2595,-5.5818,-3.5326,-1.6982,-0.57108,0.77401,1.8387,2.7607,3.3559,4.1095,4.8387,5.3634,5.9898,6.485,6.7349,6.8565,6.6968,6.2437,5.706,4.7748,3.7232,2.9704,2.2385,1.8815,1.7746,1.6717,1.3261,0.56447,-0.35129,-2.0198,-3.8545,-4.4876,-3.3567,-1.1061,0.9256,2.1036,3.2254,3.9123,4.1232,4.109,3.7084,3.2213,2.3139,1.1513,-0.055461,-0.93434,-1.7758,-2.2033,-2.2105,-1.9275,-1.3294,-0.4829,0.26777,1.2919,2.2253,2.7911,3.3568,3.6231,3.65,3.4229,2.9517,2.2709,1.6711,0.82827,0.031628,-0.43454,-0.78216,-0.76518,-0.53852,-0.035346,0.56595,1.1265,1.4647,1.7741,1.9049,1.8925,1.7227,1.4108,0.9332,0.48426,-0.30328,-1.321,-2.2974,-3.8999,-5.8884,-7.5519,-9.8085,-11.819,-13.673,-15.558,-19.846,-22.972,-16.666,-10.411,-6.3269,-3.9469,-1.4504,0.6089,2.305,3.3966,4.6592,5.7388,6.441,7.2615,7.9502,8.5274
-3.7814,-3.6371,-3.6122,-3.667,-3.7836,-3.8395,-3.5234,-2.9012,-1.6455,-0.17827,1.2086,2.0932,3.0193,3.6313,3.8807,3.9403,3.7264,3.376,2.6959,1.7768,0.64429,-0.30832,-1.7751,-3.3276,-4.5326,-5.9435,-6.6901,-6.4226,-5.0935,-3.2609,-1.389,-0.13053,1.3188,2.478,3.1705,3.8317,4.2374,4.3758,4.3168,4.0097,3.4422,2.8565,1.8288,0.58545,-0.41594,-1.5636,-1.9788,-1.3974,-0.51181,0.80467,1.9891,2.7055,3.4141,3.8422,3.9789,3.9736,3.7388,3.3483,2.9679,2.3987,1.8394,1.456,1.0599,0.83011,0.76751,0.80782,0.93306,1.0875,1.1742,1.1908,1.0553,0.80802,0.27241,-0.54931,-1.637,-2.5933,-3.8572,-4.7303,-4.9088,-4.5758,-4.0106,-3.7449,-3.6523,-4.0337,-4.9243,-5.9772,-7.9411,-10.551,-12.701,-13.78,-11.734,-9.0475,-7.0876,-5.1422,-3.3478,-2.2905,-1.094,-0.19449,0.25177,0.56747,0.57829,0.30541,0.1117,0.054922,0.57036,1.2945,2.4756,3.5052,4.066,4.4094,4.2458,3.5068,2.5063,0.43668,-2.75,-6.2051,-10.085,-6.9139,-3.2229,-1.4372,0.065253,0.89594,1.2284,1.477,1.6754,1.8916,2.3538,2.9689,3.6486,4.1133,4.6132,4.8954,5.0297,4.9204,4.6535,4.2961,3.6558,2.829,1.8436,0.95308,-0.34432,-1.9557,-3.309,-5.2464,-6.3969,-5.3538,-3.59,-1.2046,0.7317,1.8525,2.888,3.4812,3.6525,3.5328,3.0111,2.092,1.1131,-0.53377,-2.5826,-4.1948,-5.7295,-5.4329,-4.268,-2.5674,-1.1761,-0.23747,0.1805,0.40176,0.25167,-0.017103,-0.51326,-1.0085,-1.3674,-1.4737,-1.5034,-1.5196,-1.6225,-1.907,-2.3821,-2.8609,-3.5967,-4.3471,-5.0763,-5.5006,-5.7653,-5.3777,-4.6624,-3.279,-1.6996,-0.59429,0.77038,1.8971,2.8229,3.3935,4.0142,4.4948,4.7829,5.1451,5.4873,5.8648
-7.604,-6.3485,-4.7129,-3.1999,-2.2279,-1.0695,-0.036239,0.68649,1.6156,2.4462,3.1483,3.5767,3.9446,4.0793,4.0149,3.6847,3.0789,2.4485,1.372,0.027379,-1.513,-2.8428,-4.8337,-7.1868,-9.4286,-13.974,-25.502,-22.056,-11.749,-6.8064,-3.5751,-1.7611,0.076968,1.4013,2.1258,2.7713,3.0807,3.0728,2.8649,2.3124,1.4406,0.50244,-1.1756,-3.6053,-6.3016,-12.521,-33.003,-10.98,-6.4917,-2.9398,-0.66912,0.52337,1.6117,2.2499,2.4628,2.4408,2.0882,1.4568,0.82415,-0.15506,-1.1758,-1.8415,-2.3477,-2.3553,-1.9474,-1.5032,-0.84181,-0.24907,0.12317,0.509,0.75432,0.85945,0.87561,0.78188,0.58487,0.40386,0.17374,-0.032901,-0.13957,-0.24923,-0.33865,-0.44057,-0.67216,-1.0492,-1.5691,-2.0212,-2.6557,-3.2136,-3.4794,-3.4716,-3.0158,-2.3427,-1.5891,-0.74607,0.10033,0.60347,1.0951,1.2316,1.1331,0.49522,-0.79269,-3.1403,-6.16,-13.97,-11.923,-5.9184,-1.4557,1.1113,2.3003,3.1658,3.3443,2.8855,2.1506,0.61892,-1.4592,-3.1603,-4.4254,-3.6809,-1.9129,-0.66015,0.67023,1.6462,2.2086,2.7808,3.2453,3.5473,3.9206,4.2662,4.5608,4.746,4.9213,4.9936,4.9671,4.8474,4.6195,4.3447,3.8711,3.255,2.4094,1.6259,0.24163,-1.6739,-3.6086,-7.2447,-11.159,-8.6181,-5.1646,-1.6455,0.72973,2.0122,3.1665,3.8375,4.0271,3.9215,3.3808,2.3755,1.2473,-0.86773,-3.9824,-7.3614,-12.886,-10.516,-6.9012,-3.6966,-1.8537,-0.87886,-0.6238,-0.85192,-1.7253,-2.8793,-5.0824,-7.818,-8.9357,-7.6317,-4.9924,-2.9095,-1.7652,-0.73256,-0.10079,0.17361,0.36584,0.42643,0.43628,0.46742,0.55658,0.75483,0.95441,1.2946,1.657,1.9066,2.168,2.301,2.2853,2.1621,1.8586,1.4098,1.0258,0.50124,0.19746,0.29363
-14.973,-10.192,-6.0606,-3.2888,-1.6714,0.00041485,1.3025,2.092,2.9421,3.5784,4.0144,4.1941,4.2413,4.0383,3.713,3.04,2.0377,1.0827,-0.49228,-2.4261,-4.6812,-6.4512,-8.6516,-10.123,-10.718,-10.772,-10.173,-9.1268,-7.1681,-4.9742,-2.8991,-1.6127,-0.19426,0.8072,1.3084,1.6832,1.7222,1.485,1.1358,0.48385,-0.3789,-1.1362,-2.2765,-3.5774,-4.5355,-5.6096,-5.8751,-5.1082,-4.0561,-2.5203,-1.1767,-0.34233,0.46419,0.91832,1.0316,0.81275,0.20239,-0.91387,-2.1136,-4.3276,-7.51,-10.639,-13.976,-11.475,-7.9958,-6.0893,-4.2799,-3.0415,-2.3452,-1.5946,-0.97827,-0.55525,-0.039202,0.43271,0.83348,1.0847,1.3255,1.4831,1.5364,1.5219,1.3951,1.2654,0.99357,0.68239,0.35515,0.13243,-0.083766,-0.15384,-0.081728,0.13215,0.51153,1.026,1.4175,2.01,2.4598,2.7687,2.9964,3.0095,2.8349,2.3488,1.4802,0.3274,-0.63766,-1.5095,-1.2218,-0.2667,1.3192,2.7039,3.4754,4.119,4.3413,4.1897,3.8644,3.235,2.4918,1.9682,1.4328,1.1544,1.1317,1.2474,1.4889,1.7974,2.0484,2.3858,2.7101,2.9441,3.2093,3.4185,3.5412,3.5796,3.5498,3.4774,3.3236,3.1937,2.9963,2.8881,2.7407,2.5751,2.3375,2.1187,1.6683,1.1475,0.72158,0.26706,0.16122,0.57631,1.1682,2.1572,3.1365,3.772,4.4477,4.8499,4.9817,4.9028,4.5509,3.9255,3.2999,2.2735,1.1599,0.38508,-0.32589,-0.47958,-0.2739,0.16626,0.55159,0.69864,0.57764,0.01578,-1.0712,-2.341,-4.7491,-7.7899,-9.1142,-7.3719,-4.2949,-1.8346,-0.46977,0.87268,1.8025,2.3139,2.8008,3.1127,3.3158,3.3984,3.4582,3.4339,3.3867,3.236,2.9678,2.6985,2.1747,1.4928,0.60156,-0.21528,-1.5368,-3.1802,-4.7009,-7.4029,-11.057,-13.19
-6.53,-5.0533,-3.0755,-1.2838,-0.15687,1.1058,2.1043,2.7112,3.3282,3.7646,4.0045,4.0445,3.9177,3.5448,3.0839,2.2158,1.0201,-0.12725,-2.0799,-4.5813,-8.0123,-11.608,-20.126,-25.593,-16.455,-11.313,-8.2446,-6.4983,-4.5684,-2.9046,-1.5563,-0.73135,0.084686,0.56926,0.69861,0.55455,0.085425,-0.67398,-1.3813,-2.4098,-3.3984,-3.9719,-4.5535,-4.8455,-4.9047,-4.7966,-4.4574,-3.8825,-3.3324,-2.5002,-1.6661,-1.0956,-0.48489,-0.12218,-0.047224,-0.23769,-0.81782,-1.8435,-2.9436,-4.924,-7.4605,-9.5524,-11.291,-10.577,-8.8205,-7.6511,-6.5993,-5.9876,-5.7025,-5.381,-4.8231,-4.1783,-3.0462,-1.8181,-0.66928,0.060495,0.81186,1.3204,1.5333,1.6182,1.4758,1.2279,0.76533,0.19113,-0.38694,-0.75114,-1.0143,-0.92561,-0.63002,-0.0068164,0.74027,1.5737,2.0935,2.818,3.3931,3.7475,4.0922,4.3285,4.3879,4.3914,4.318,4.181,4.1378,4.1676,4.3639,4.6172,5.0152,5.4076,5.6253,5.7765,5.7204,5.4527,5.1087,4.497,3.7313,3.1076,2.201,1.348,0.56081,0.069523,-0.38006,-0.56818,-0.55577,-0.3442,-0.025051,0.238,0.55616,0.76711,0.85,0.78319,0.51688,0.046613,-0.34848,-0.93946,-1.2899,-1.2378,-0.78345,-0.060114,0.75165,1.2644,1.8502,2.2906,2.5303,2.8285,3.1283,3.4753,3.7727,4.1904,4.627,4.9201,5.2514,5.4666,5.5507,5.5279,5.3538,5.0355,4.7351,4.2582,3.7632,3.4199,3.0483,2.7997,2.6962,2.6319,2.6204,2.56,2.4564,2.2023,1.777,1.4037,0.86283,0.44722,0.36786,0.53768,1.03,1.6766,2.1589,2.761,3.2684,3.5837,3.9214,4.1773,4.3414,4.396,4.3707,4.2131,3.9943,3.5412,2.8821,2.2226,1.1172,-0.27524,-1.9484,-3.3541,-5.337,-7.3006,-8.7312,-10.547,-12.202,-12.39
-0.65994,-0.34715,0.18415,0.73001,1.0946,1.5546,1.9644,2.2393,2.562,2.824,2.9771,3.0053,2.8746,2.521,2.0908,1.2617,0.17011,-0.84825,-2.4584,-4.2524,-6.205,-7.6267,-9.0144,-9.2632,-8.6444,-7.0776,-5.3522,-4.1256,-2.6255,-1.3895,-0.46332,0.054846,0.416,0.42369,0.1701,-0.55767,-1.7651,-3.5293,-5.2587,-8.0672,-10.864,-11.923,-11.322,-9.8799,-9.01,-8.096,-7.3809,-6.6151,-5.9567,-4.9346,-3.7878,-2.9853,-2.0623,-1.3863,-1.1007,-0.96928,-1.1883,-1.703,-2.2649,-3.2053,-4.2389,-4.9695,-5.7784,-6.3701,-6.7939,-7.1311,-7.8571,-9.0795,-10.572,-13.64,-15.873,-13.374,-8.726,-5.2705,-2.8468,-1.4944,-0.22662,0.55475,0.86263,0.92039,0.61808,0.10318,-0.90638,-2.3966,-4.3453,-5.9966,-7.6344,-7.1801,-5.6771,-3.3968,-1.4567,0.10528,1.0065,2.0172,2.8211,3.2647,3.7733,4.1884,4.4351,4.7391,5.0359,5.2875,5.5037,5.7724,6.0551,6.2602,6.483,6.6366,6.6683,6.578,6.3013,5.8184,5.3048,4.4032,3.2383,2.1914,0.51205,-1.4455,-3.6187,-5.2461,-6.9338,-7.4859,-7.1663,-6.2502,-5.2461,-4.5622,-3.7734,-3.1787,-2.8533,-2.8747,-3.2761,-4.4277,-5.7058,-8.6912,-12.821,-13.253,-8.6587,-4.7215,-2.0371,-0.63186,0.80777,1.7725,2.2937,2.8005,3.1448,3.3956,3.568,3.7794,4.0169,4.1955,4.4282,4.6418,4.7503,4.8188,4.7724,4.5972,4.3793,4.0087,3.5766,3.2434,2.8345,2.5235,2.3968,2.3858,2.5356,2.7719,2.9627,3.198,3.346,3.4179,3.4371,3.3924,3.3335,3.2693,3.2029,3.112,3.043,2.9744,2.9705,3.0174,3.162,3.3836,3.6104,3.7433,3.8172,3.7179,3.4864,2.9381,2.0991,1.2176,-0.28953,-2.3202,-4.9961,-7.4997,-11.82,-16.341,-16.683,-13.771,-11.065,-8.8956
2.3805,2.2161,1.9467,1.5566,1.2273,0.77897,0.45756,0.3761,0.55721,0.95439,1.41,1.6842,1.8576,1.7467,1.4647,0.7783,-0.20757,-1.1456,-2.555,-4.0525,-5.3924,-6.0677,-6.3469,-5.8597,-5.1679,-3.9335,-2.5771,-1.6008,-0.41703,0.53026,1.2328,1.5653,1.7111,1.4938,1.0727,0.11594,-1.3675,-3.5172,-5.6976,-9.6031,-14.854,-16.873,-14.421,-12.169,-11.479,-11.522,-12.423,-13.066,-12.222,-9.5897,-6.8051,-5.0905,-3.2848,-2.0284,-1.3959,-0.92638,-0.84469,-1.0899,-1.4621,-2.1587,-3.0204,-3.7066,-4.6253,-5.412,-6.0423,-6.4928,-7.1245,-8.054,-8.9848,-10.475,-10.904,-9.6113,-6.7306,-4.0431,-1.9412,-0.75964,0.38661,1.0584,1.2886,1.248,0.82239,0.21449,-1.0191,-2.8598,-5.5887,-8.4668,-12.965,-11.553,-8.081,-4.5888,-2.2153,-0.63833,0.31215,1.1251,1.7854,2.1302,2.5488,2.9035,3.2278,3.6526,4.1512,4.7179,5.1288,5.6991,6.2175,6.5581,6.9194,7.1354,7.1977,7.1086,6.7981,6.2366,5.646,4.5694,3.1457,1.7756,-0.49006,-3.5196,-7.7219,-12.257,-24.28,-21.609,-16.041,-12.916,-11.143,-9.9685,-8.334,-6.7931,-5.6064,-5.0087,-4.6682,-5.0827,-5.6067,-7.1057,-8.3023,-8.1133,-6.0535,-3.5031,-1.4323,-0.18328,0.97325,1.7248,2.0552,2.2254,2.1521,1.9349,1.7412,1.5725,1.5939,1.7922,2.2201,2.7354,3.076,3.4151,3.5647,3.48,3.241,2.7255,1.965,1.2596,0.23196,-0.65277,-1.0015,-0.76281,0.13725,1.3406,2.2192,3.247,4.0495,4.4638,4.805,4.9002,4.733,4.4567,3.8673,3.0337,2.2822,1.1842,0.2597,-0.077051,0.14016,0.89605,1.8053,2.4153,2.9809,3.2531,3.2264,2.8959,2.2061,1.4266,0.049456,-1.7961,-4.1407,-6.2645,-9.5016,-12.23,-12.547,-10.969,-8.7972,-6.8275
4.4146,3.9386,2.9746,1.5943,0.23827,-2.1349,-4.9178,-6.2471,-5.1299,-2.5937,-0.50194,0.58748,1.489,1.8207,1.7237,1.1841,0.12024,-1.0174,-3.0921,-5.9999,-9.8854,-12.882,-11.902,-7.8365,-5.268,-2.6781,-0.66382,0.55696,1.8524,2.8373,3.5244,3.8268,3.9959,3.8537,3.5349,2.8387,1.822,0.51307,-0.61304,-2.2157,-3.7048,-4.6738,-5.674,-6.6408,-7.5321,-9.4086,-12.455,-16.012,-14.995,-10.183,-6.3911,-4.3071,-2.3171,-0.94352,-0.24634,0.26184,0.37714,0.074402,-0.41746,-1.4161,-2.8243,-4.1277,-6.0491,-7.5868,-7.8977,-7.268,-6.0088,-4.8579,-4.1159,-3.2349,-2.3223,-1.5805,-0.4956,0.5582,1.4811,2.0225,2.5436,2.8021,2.8331,2.6801,2.2861,1.8994,1.1929,0.36333,-0.51845,-1.1148,-1.6029,-1.6061,-1.3259,-0.71804,-0.13934,0.22278,0.42248,0.42322,0.2342,0.11103,-0.10006,-0.15192,0.0088351,0.51582,1.3281,2.4136,3.2562,4.3975,5.4238,6.0824,6.8087,7.3113,7.5416,7.6396,7.4936,7.0822,6.5839,5.6704,4.4333,3.2583,1.3678,-0.88445,-3.5115,-5.6234,-8.3073,-10.609,-12.366,-15.658,-21.719,-21.182,-13.549,-8.9693,-6.0507,-4.5284,-3.2069,-2.23,-1.8383,-1.3824,-0.89329,-0.48281,0.21868,0.99384,1.7523,2.2045,2.5836,2.6789,2.5068,1.9226,0.89595,-0.63295,-2.1253,-4.1721,-4.9702,-4.03,-1.916,-0.031111,1.071,2.0593,2.5625,2.6303,2.4153,1.7188,0.49935,-0.86276,-3.5836,-8.3005,-14.989,-11.786,-4.5039,-0.43155,1.668,3.6887,5.0904,5.8046,6.383,6.5633,6.3365,5.8916,4.8538,3.2337,1.4928,-1.9519,-8.0175,-15.777,-8.39,-2.7651,0.24687,1.6918,2.9316,3.5988,3.8274,3.8082,3.4276,2.9509,2.0274,0.83838,-0.57876,-1.7266,-3.2592,-4.6218,-5.3996,-5.9973,-5.962,-5.2349
4.3965,3.8653,2.801,1.2912,-0.23964,-2.9617,-6.4487,-8.3785,-6.7601,-3.5784,-1.2192,0.0022422,0.99841,1.4202,1.3926,0.96026,0.058219,-0.91603,-2.6447,-4.8993,-7.4129,-8.8062,-8.3373,-5.9317,-4.0234,-1.7983,0.01458,1.1299,2.3406,3.2659,3.9133,4.2388,4.455,4.4395,4.2764,3.874,3.2795,2.5311,1.8986,0.98575,0.044905,-0.66418,-1.5902,-2.5018,-3.1781,-4.042,-4.7005,-4.9733,-4.7846,-4.0574,-3.0505,-2.2401,-1.2451,-0.42924,0.0099225,0.36415,0.38948,0.05105,-0.47885,-1.622,-3.4354,-5.4113,-9.4907,-17.202,-16.443,-10.591,-6.1445,-3.4019,-1.9449,-0.4681,0.63369,1.2863,1.9695,2.4546,2.7271,2.7934,2.682,2.3959,2.0903,1.6214,1.1668,0.88335,0.61788,0.44332,0.34511,0.30228,0.25972,0.21483,0.14313,-0.077279,-0.46966,-1.0408,-1.7867,-2.8755,-4.4132,-5.7572,-7.7351,-9.4265,-10.254,-9.3682,-7.0201,-4.2358,-2.2287,0.032496,1.92,3.0725,4.2824,5.1721,5.6214,5.9771,6.0648,5.9031,5.6151,5.0352,4.2133,3.4675,2.2942,0.89721,-0.64041,-1.8798,-3.6075,-5.4211,-6.8871,-8.757,-9.9983,-9.9027,-8.4204,-6.4433,-4.6003,-3.4408,-2.1329,-1.111,-0.52396,0.24266,0.82194,1.2487,1.7263,2.1249,2.4043,2.481,2.4576,2.1468,1.7036,0.77417,-0.66181,-2.8584,-5.1298,-9.4719,-12.272,-9.368,-5.2221,-2.4893,-1.1409,0.019786,0.59208,0.7036,0.54433,0.0040819,-0.83159,-1.6351,-2.8641,-3.987,-4.3356,-3.5139,-1.5225,0.74175,2.3124,4.0497,5.3704,6.1108,6.7396,6.9765,6.8432,6.4771,5.6408,4.3853,3.1669,1.2713,-0.57912,-1.412,-1.261,-0.21327,0.96126,1.6846,2.4179,2.8672,3.0472,3.0775,2.8985,2.6319,2.0745,1.3017,0.28819,-0.644,-2.1376,-4.0185,-5.8635,-9.094,-13.41,-13.181
3.0908,2.6952,2.0207,1.2063,0.53989,-0.28859,-0.91796,-1.1327,-1.0427,-0.58911,-0.010257,0.3671,0.69048,0.74957,0.61382,0.16679,-0.51734,-1.1665,-2.1186,-3.0536,-3.765,-4.0238,-3.9193,-3.3455,-2.6556,-1.5958,-0.50916,0.26454,1.1667,1.898,2.4439,2.7359,2.9414,2.9689,2.8883,2.6413,2.2634,1.7714,1.3361,0.70192,0.015215,-0.496,-1.2073,-1.8866,-2.3782,-2.932,-3.3463,-3.5919,-3.6279,-3.4796,-3.1531,-2.8126,-2.2639,-1.73,-1.3616,-0.97495,-0.77939,-0.79141,-0.96291,-1.4374,-2.147,-2.8111,-3.6536,-4.1492,-3.9652,-3.3403,-2.1904,-0.94941,-0.10143,0.83774,1.5449,1.9171,2.1871,2.1951,1.9168,1.5103,0.66906,-0.5206,-1.6155,-3.2166,-4.4894,-4.9192,-4.5054,-3.5342,-2.5583,-1.977,-1.4806,-1.3006,-1.3703,-1.7841,-2.5657,-3.7895,-5.0154,-7.3259,-10.246,-13.194,-17.954,-24.023,-28.882,-25.854,-17.307,-11.55,-8.2451,-4.9405,-2.4687,-1.0041,0.46925,1.5291,2.0886,2.5652,2.7747,2.7716,2.6645,2.3719,1.9556,1.5773,0.96397,0.25335,-0.54342,-1.1902,-2.0862,-2.9988,-3.6258,-4.3496,-4.8374,-4.9915,-4.9347,-4.6188,-4.1461,-3.7168,-3.041,-2.4157,-1.832,-1.2201,-0.63829,-0.25661,0.15796,0.44289,0.56779,0.58435,0.45189,0.15251,-0.16937,-0.74723,-1.4989,-2.3599,-3.0116,-3.6986,-3.9626,-3.828,-3.3047,-2.6877,-2.3015,-1.9859,-1.9476,-2.2104,-2.6023,-3.2412,-3.8857,-4.2199,-4.2895,-3.8195,-3.1115,-1.8418,-0.3254,1.2586,2.3956,3.7545,4.8694,5.5245,6.1361,6.439,6.4371,6.2448,5.7637,5.0454,4.3907,3.4548,2.5368,1.9323,1.2785,0.81428,0.51281,0.35165,0.21809,0.1795,0.16751,0.18043,0.20099,0.1571,0.023273,-0.27371,-0.76918,-1.3162,-2.2801,-3.5962,-4.845,-6.8114,-8.4843,-8.2467
2.4997,2.0232,1.3628,0.77011,0.45465,0.25026,0.28582,0.43298,0.71944,1.0394,1.3105,1.4276,1.4477,1.2482,0.94756,0.32637,-0.51914,-1.2844,-2.4198,-3.5117,-4.3887,-4.7415,-4.6758,-4.0527,-3.3479,-2.2749,-1.2258,-0.50835,0.31172,0.94865,1.4005,1.6108,1.7557,1.746,1.652,1.4286,1.1074,0.69777,0.3374,-0.19834,-0.77821,-1.2545,-1.8947,-2.5604,-3.0498,-3.6859,-4.2942,-4.8015,-5.1107,-5.3433,-5.2462,-4.9522,-4.3075,-3.4734,-2.8106,-1.9997,-1.3019,-0.77917,-0.49929,-0.26075,-0.12744,-0.062942,0.040871,0.22553,0.54971,0.88825,1.4238,1.9981,2.4035,2.872,3.1954,3.3164,3.2741,2.959,2.3274,1.5966,0.22303,-1.7872,-3.9038,-8.1769,-17.043,-26.402,-11.43,-6.6662,-4.1033,-2.9066,-1.9367,-1.5238,-1.518,-1.8574,-2.6315,-3.9282,-5.1719,-7.3747,-10.44,-13.346,-18.657,-25.329,-24.315,-18.745,-14.304,-10.637,-8.2495,-5.7389,-3.7589,-2.6027,-1.4284,-0.66182,-0.28261,-0.03696,0.0016532,-0.097096,-0.20657,-0.35252,-0.4525,-0.52568,-0.62474,-0.71613,-0.8849,-1.0634,-1.3846,-1.7851,-2.1229,-2.6429,-3.2043,-3.6509,-4.2522,-4.7986,-5.1973,-5.3068,-5.179,-4.5506,-3.9837,-3.1286,-2.3103,-1.8715,-1.433,-1.2159,-1.174,-1.218,-1.4065,-1.6082,-1.7596,-1.9657,-2.1542,-2.2909,-2.4053,-2.4833,-2.4831,-2.4554,-2.4055,-2.3996,-2.4486,-2.6951,-3.2016,-4.076,-5.0656,-6.889,-9.4204,-11.405,-11.609,-8.3751,-5.7525,-2.7705,-0.32616,1.6757,2.9399,4.3556,5.4709,6.1113,6.7257,7.0704,7.139,7.0274,6.6603,6.0715,5.5005,4.5815,3.513,2.6183,1.3222,-0.051312,-1.4666,-2.4538,-3.534,-4.0776,-4.0661,-3.6092,-2.9443,-2.4294,-1.8228,-1.373,-1.0953,-0.99078,-1.0078,-1.1429,-1.2538,-1.3625,-1.296,-0.93438
2.3164,1.1218,-0.62512,-2.0308,-2.3607,-1.7184,-0.44429,0.51905,1.6212,2.4224,2.9217,3.1138,3.1131,2.8208,2.3906,1.54,0.30929,-0.89918,-2.9778,-5.7557,-9.3715,-11.779,-10.946,-7.5134,-5.3635,-3.1487,-1.5511,-0.67613,0.17665,0.70592,0.97147,1.0252,0.96163,0.77281,0.56277,0.24326,-0.12083,-0.52317,-0.85153,-1.3575,-1.9459,-2.4452,-3.1444,-3.8896,-4.4609,-5.2976,-6.2679,-7.4447,-8.5018,-10.015,-10.899,-10.403,-8.3838,-5.9475,-4.3416,-2.5455,-1.1516,-0.10739,0.49484,1.1294,1.6129,1.9352,2.3258,2.738,3.2029,3.5708,4.0932,4.5921,4.9314,5.3005,5.5325,5.593,5.5026,5.1841,4.6115,4.0028,2.9351,1.5935,0.42617,-1.1854,-2.453,-2.8795,-2.5621,-1.6775,-0.75173,-0.18991,0.3251,0.54792,0.513,0.21408,-0.3935,-1.233,-2.1332,-3.4405,-4.9159,-6.1362,-7.4948,-8.3655,-8.5185,-7.961,-6.8425,-5.556,-4.5607,-3.358,-2.3679,-1.8196,-1.3436,-1.2031,-1.3325,-1.7832,-2.4961,-3.3288,-3.8861,-4.181,-3.8882,-3.3773,-2.5395,-1.7933,-1.2164,-0.91759,-0.71234,-0.71694,-0.88432,-1.3091,-2.0221,-2.7917,-4.1987,-6.2081,-8.8935,-11.058,-11.684,-8.9729,-6.8509,-4.5797,-3.1672,-2.4858,-2.0896,-2.1456,-2.5471,-3.0388,-3.6758,-4.1057,-4.1979,-3.9797,-3.5342,-3.0838,-2.7698,-2.4603,-2.2437,-2.1185,-2.0178,-1.9737,-2.0145,-2.2049,-2.6409,-3.3927,-4.2102,-5.8367,-8.1267,-9.945,-9.9735,-6.5944,-3.8425,-0.76286,1.7126,3.709,4.9436,6.3066,7.3712,7.9839,8.564,8.8838,8.9541,8.8393,8.4613,7.8328,7.1938,6.0972,4.7141,3.4645,1.4711,-1.0148,-4.1855,-7.2285,-12.388,-15.604,-12.836,-8.9796,-6.2764,-4.7153,-3.1042,-1.8147,-0.78867,-0.14298,0.56653,1.1625,1.554,2.0556,2.5569,3.0703
2.1108,0.00031239,-4.2809,-12.991,-17.92,-6.6136,-1.9964,0.088359,1.9272,3.0769,3.7428,3.9864,3.9998,3.6997,3.2705,2.4227,1.2146,0.048507,-1.9274,-4.5051,-7.5337,-9.351,-8.9446,-6.4707,-4.7081,-2.9277,-1.6875,-1.0675,-0.61808,-0.52598,-0.75356,-1.0889,-1.7419,-2.4895,-3.0103,-3.5561,-3.8867,-4.0966,-4.2771,-4.668,-5.3225,-5.9283,-6.9177,-7.8356,-8.4042,-8.9603,-9.4906,-10.483,-11.778,-14.882,-20.072,-18.573,-11.98,-7.6076,-5.2803,-3.0256,-1.4596,-0.36762,0.20538,0.72108,1.0627,1.2747,1.6089,2.079,2.7085,3.2658,4.0608,4.8332,5.3591,5.9264,6.3224,6.4906,6.5393,6.3878,6.0358,5.6594,5.0177,4.2676,3.6833,2.953,2.3444,2.0358,1.8012,1.7467,1.7959,1.8522,1.8911,1.8508,1.748,1.4761,1.081,0.55945,0.12561,-0.62005,-1.3561,-1.8536,-2.4932,-2.9392,-3.1871,-3.2459,-3.0583,-2.756,-2.5093,-2.0891,-1.7753,-1.6389,-1.6951,-2.0747,-2.6789,-3.9912,-6.1526,-9.6198,-13.66,-18.787,-12.812,-9.1554,-6.0637,-4.1078,-2.7489,-2.019,-1.3245,-0.92154,-0.80139,-0.88897,-1.3217,-1.9082,-3.1467,-5.0398,-7.691,-9.8736,-10.709,-7.9966,-5.7839,-3.8195,-2.643,-2.2153,-2.3024,-3.1018,-4.7364,-6.6637,-10.189,-13.873,-13.272,-9.8266,-7.2734,-5.7705,-5.0581,-4.5584,-4.3376,-4.2189,-4.0095,-3.6996,-3.4356,-3.0591,-2.7575,-2.5778,-2.5004,-2.466,-2.341,-2.0755,-1.3444,-0.17957,0.89718,2.4621,4.0033,5.431,6.3892,7.4913,8.3854,8.9142,9.4203,9.6917,9.732,9.6014,9.2166,8.5727,7.91,6.7737,5.3138,3.9859,1.8463,-0.76231,-3.9129,-6.5882,-10.219,-12.362,-12.178,-10.593,-8.6314,-7.1338,-5.1468,-3.3896,-1.8906,-0.9379,0.17507,1.1478,1.802,2.638,3.441,4.1929
2.7497,1.7408,0.36447,-0.65916,-0.91876,-0.53032,0.34885,1.0524,1.847,2.3987,2.6952,2.7475,2.6256,2.2893,1.9175,1.2572,0.43918,-0.25977,-1.2777,-2.2969,-3.1594,-3.622,-3.8938,-3.8068,-3.6097,-3.3229,-3.1427,-3.1249,-3.3426,-3.879,-4.8215,-5.8591,-7.7922,-10.425,-12.561,-14.173,-13.007,-11.28,-10.482,-10.219,-10.887,-12.124,-14.852,-18.843,-20.439,-17.398,-14.232,-12.298,-11.426,-10.656,-9.842,-9.0253,-7.6053,-6.0295,-4.9359,-3.7549,-2.9331,-2.5107,-2.4593,-2.7519,-3.3908,-4.0151,-4.6367,-4.4192,-3.1492,-1.8104,-0.026691,1.5299,2.4819,3.4761,4.1633,4.4942,4.7001,4.6649,4.4192,4.1101,3.5766,2.9373,2.4309,1.7635,1.1558,0.78639,0.40197,0.14038,-0.018887,-0.096703,-0.18983,-0.30518,-0.41038,-0.58787,-0.80172,-1.1165,-1.3401,-1.7035,-2.167,-2.5209,-3.0453,-3.5917,-3.954,-4.4396,-4.8146,-4.9246,-4.8656,-4.6412,-4.3265,-4.1258,-4.0394,-4.2745,-4.6969,-5.6858,-7.1978,-9.1328,-10.642,-11.664,-10.988,-9.9128,-8.4173,-7.1954,-6.1656,-5.4464,-4.5358,-3.6977,-3.1295,-2.5597,-2.2187,-2.1281,-2.2235,-2.4851,-2.8046,-2.9479,-2.8777,-2.516,-2.2509,-1.8216,-1.6125,-1.7335,-2.2428,-3.2851,-4.9881,-6.7092,-9.5047,-11.817,-11.91,-10.385,-9.0293,-8.4105,-8.5145,-9.2005,-10.352,-11.22,-11.512,-10.47,-9.2004,-7.563,-6.1704,-5.0669,-4.4082,-3.5857,-2.7905,-2.1556,-1.2255,-0.18242,0.65721,1.8282,2.9942,4.108,4.8929,5.82,6.5908,7.0583,7.5184,7.7813,7.8273,7.7226,7.3895,6.8252,6.2431,5.2527,3.9901,2.8542,1.083,-1.0063,-3.4169,-5.4412,-8.3972,-11.797,-14.78,-18.198,-16.145,-12.962,-9.5812,-7.19,-5.4908,-4.549,-3.5681,-2.707,-2.0061,-0.95941,0.23066,1.4631
3.4728,3.1407,2.7104,2.3596,2.1809,2.0459,2.004,1.9917,1.95,1.8318,1.6079,1.3588,0.94676,0.45457,0.049039,-0.52069,-1.0854,-1.496,-2.0164,-2.5119,-2.9594,-3.2834,-3.6534,-3.9832,-4.2221,-4.5239,-4.8676,-5.138,-5.6057,-6.278,-7.274,-8.34,-10.386,-13.448,-16.427,-18.757,-16.098,-13.285,-12.017,-11.3,-11.522,-12.354,-14.071,-16.079,-16.535,-14.87,-12.446,-10.39,-9.1879,-7.8929,-6.8262,-6.1114,-5.2267,-4.4521,-3.9749,-3.5287,-3.3421,-3.5286,-3.9744,-5.089,-7.1172,-9.6552,-16.37,-24.773,-11.154,-6.9798,-3.4638,-1.1059,0.16217,1.4006,2.2039,2.5748,2.7848,2.6985,2.349,1.922,1.1655,0.22782,-0.56074,-1.6584,-2.6506,-3.2394,-3.7384,-3.9055,-3.891,-3.8323,-3.7923,-3.8294,-3.8932,-3.9825,-4.0849,-4.1272,-4.1292,-4.1234,-4.2968,-4.5485,-5.0602,-5.9045,-6.6956,-8.1473,-9.8413,-10.916,-10.773,-9.5586,-7.9207,-6.8661,-5.8572,-5.329,-5.1951,-5.3706,-5.851,-6.5419,-7.1317,-7.8926,-8.6002,-9.1803,-9.9807,-10.748,-11.145,-10.717,-9.225,-7.2701,-5.8508,-4.2416,-2.9758,-2.2342,-1.492,-0.95105,-0.56322,-0.33038,-0.034097,0.17209,0.24058,0.33621,0.27632,0.074398,-0.35217,-1.0137,-1.884,-2.6168,-3.6104,-4.5187,-5.0982,-5.756,-6.4847,-7.5223,-8.7269,-11.064,-14.875,-19.809,-26.223,-17.54,-13.922,-11.035,-9.2063,-7.9407,-7.2055,-6.314,-5.4324,-4.7299,-3.7236,-2.6203,-1.7424,-0.54639,0.63839,1.7613,2.553,3.5001,4.2913,4.7799,5.2684,5.5713,5.6746,5.6269,5.4,4.9842,4.5515,3.8167,2.8877,2.0627,0.78271,-0.73852,-2.5269,-4.0794,-6.4255,-9.2375,-11.526,-13.707,-13.098,-11.483,-9.5008,-8.1931,-7.5994,-7.6143,-8.2172,-9.1358,-9.2804,-7.7483,-4.9558,-2.2463
4.07,4.0255,3.9168,3.7423,3.5699,3.3052,2.9708,2.6657,2.1651,1.5577,0.82046,0.19421,-0.70873,-1.6157,-2.2421,-2.8991,-3.2816,-3.4242,-3.4797,-3.5211,-3.657,-3.8358,-4.2427,-4.8583,-5.4209,-6.2001,-6.8422,-7.17,-7.2835,-7.1772,-7.0938,-7.165,-7.4012,-7.7707,-8.0306,-8.1371,-7.9067,-7.506,-7.2008,-6.9381,-6.9143,-7.0159,-7.2209,-7.3389,-7.2938,-6.957,-6.3665,-5.6632,-5.1136,-4.4183,-3.8056,-3.368,-2.8616,-2.453,-2.2191,-2.007,-1.9723,-2.1503,-2.4542,-3.0696,-3.9436,-4.654,-5.3849,-5.3026,-4.269,-3.1252,-1.5678,-0.20389,0.63494,1.4714,2.0072,2.2127,2.2361,1.9638,1.3839,0.74328,-0.43998,-2.0329,-3.5532,-6.0641,-8.9329,-10.808,-11.217,-9.7428,-8.2795,-7.5822,-7.1944,-7.3385,-7.7021,-8.2882,-8.536,-8.0052,-7.4141,-6.4134,-5.6584,-5.4318,-5.5131,-6.213,-7.26,-9.5212,-13.489,-21.166,-20.42,-12.729,-8.6315,-6.6577,-4.9525,-3.9394,-3.5335,-3.3516,-3.5312,-4.0093,-4.5185,-5.4727,-6.7518,-8.0257,-10.412,-14.388,-23.608,-26.527,-14.191,-9.0001,-6.4556,-3.9544,-2.0961,-1.0107,0.12951,0.98745,1.6491,2.0279,2.4064,2.661,2.8369,2.9465,2.9258,2.8522,2.6315,2.2813,1.8265,1.4335,0.8074,0.10423,-0.46117,-1.3151,-2.2931,-3.4722,-4.4884,-6.0277,-7.6514,-8.7093,-9.6037,-9.8554,-9.787,-9.6138,-9.6021,-9.7577,-9.8362,-9.8029,-9.3459,-8.6922,-7.4696,-6.0476,-4.9078,-3.3877,-1.8946,-0.47419,0.50255,1.6629,2.6297,3.2062,3.7812,4.1258,4.2671,4.2535,4.0909,3.8034,3.524,3.0815,2.575,2.144,1.4747,0.69345,-0.19291,-0.92028,-1.9791,-3.0089,-3.6597,-4.2964,-4.6395,-4.7416,-4.7812,-4.9569,-5.5488,-6.4125,-8.4369,-12.087,-15.327,-11.854,-6.2736,-2.4474
4.5026,4.6405,4.704,4.6388,4.4996,4.1886,3.7135,3.239,2.4268,1.3868,0.091678,-1.0656,-2.8977,-5.0555,-6.7331,-8.331,-8.2093,-7.1932,-5.6664,-4.4942,-3.8684,-3.762,-4.1735,-5.2456,-6.5526,-9.1801,-12.522,-13.849,-11.436,-8.2717,-6.013,-4.8232,-3.7272,-2.9954,-2.6083,-2.2405,-1.9571,-1.7356,-1.6156,-1.5213,-1.5103,-1.5172,-1.5936,-1.6625,-1.6952,-1.698,-1.6471,-1.5564,-1.465,-1.309,-1.129,-0.98307,-0.7743,-0.53749,-0.35396,-0.12836,0.040756,0.15148,0.1862,0.15386,0.097422,0.075682,0.11785,0.30886,0.67417,1.0321,1.5748,2.0937,2.4407,2.7898,2.9838,2.9977,2.8366,2.4481,1.7875,1.0891,-0.15679,-1.876,-3.5478,-6.5458,-10.732,-14.39,-14.395,-10.756,-8.457,-7.6159,-7.4709,-8.4889,-10.253,-14.872,-25.631,-15.423,-10.647,-6.9566,-4.7273,-3.69,-2.9815,-2.7992,-2.9876,-3.5234,-4.1536,-4.4378,-4.2048,-3.4318,-2.3382,-1.5527,-0.68209,-0.11501,0.098504,0.13536,-0.10352,-0.58709,-1.1037,-1.966,-3.0271,-3.8928,-5.121,-6.2473,-6.8537,-6.6332,-5.4423,-3.6893,-2.3142,-0.63174,0.80329,1.7097,2.708,3.4769,4.0625,4.4093,4.7584,5.0638,5.2631,5.4406,5.5831,5.6657,5.69,5.6253,5.4514,5.2432,4.8595,4.3664,3.9252,3.23,2.4126,1.4786,0.71907,-0.36324,-1.4997,-2.3631,-3.5158,-4.7084,-5.6907,-7.2038,-9.1425,-11.763,-14.31,-18.165,-18.589,-16.153,-13.005,-10.511,-8.8915,-6.7602,-4.6043,-2.5593,-1.18,0.42229,1.6992,2.4103,3.0624,3.3708,3.3735,3.2036,2.8243,2.4007,2.1451,1.9615,1.9792,2.0683,2.1953,2.2583,2.2012,2.0801,1.8264,1.5299,1.2899,0.98561,0.73596,0.5678,0.34696,0.09137,-0.22958,-0.51996,-0.88925,-1.0634,-0.87796,-0.10354,1.1789,2.6615
3.8427,4.1149,4.3744,4.5042,4.4896,4.2534,3.7637,3.2142,2.2319,0.94383,-0.64512,-2.0682,-4.3858,-7.5002,-10.879,-17.35,-14.375,-9.786,-5.9404,-3.6027,-2.2537,-1.8078,-1.8236,-2.5548,-3.5934,-5.7082,-8.2105,-9.0466,-7.176,-4.3635,-2.1381,-0.87915,0.34791,1.2053,1.6828,2.1291,2.4071,2.5671,2.611,2.5851,2.483,2.3443,2.1087,1.8101,1.5673,1.2073,0.81931,0.42922,0.13188,-0.24216,-0.53267,-0.69688,-0.75197,-0.59202,-0.3378,0.11698,0.65168,1.163,1.505,1.8614,2.1349,2.2784,2.4353,2.5544,2.6872,2.7889,2.946,3.1054,3.2005,3.3002,3.3126,3.2599,3.0696,2.7358,2.2563,1.7785,1.0037,0.081323,-0.69185,-1.7531,-2.7065,-3.2309,-3.4605,-3.3021,-3.022,-2.8988,-3.0308,-3.5877,-4.264,-5.2668,-5.6816,-4.7407,-3.5234,-1.8465,-0.41388,0.44378,1.2173,1.7171,1.9802,2.1904,2.3436,2.517,2.7164,3.0416,3.3941,3.6209,3.8457,3.9075,3.8349,3.5436,3.0516,2.3669,1.7369,0.82436,-0.1034,-0.73762,-1.4279,-1.7168,-1.5687,-1.2022,-0.3582,0.6984,1.5473,2.6613,3.6371,4.2421,4.8612,5.2772,5.4956,5.5811,5.6806,5.8205,5.9463,6.2971,6.7565,7.0875,7.4973,7.7921,7.9276,7.9119,7.7707,7.479,7.158,6.6331,5.9885,5.2475,4.6253,3.7112,2.6912,1.8535,0.60781,-0.82777,-2.0528,-4.015,-6.3903,-9.4494,-12.212,-15.885,-17.23,-16.644,-15.889,-16.079,-15.738,-12.813,-8.5964,-4.9134,-2.6909,-0.38036,1.264,2.1248,2.7757,2.8903,2.4271,1.6838,0.18259,-1.7481,-2.969,-2.9965,-1.3354,0.11664,1.7394,2.8771,3.5841,3.891,4.1096,4.1357,4.0711,3.9468,3.8375,3.79,3.7605,3.7891,3.8957,4.0192,4.2486,4.5877,4.9124,5.4742,6.134,6.8476
-0.27222,0.29552,1.1779,1.8973,2.2237,2.3063,1.9447,1.3693,0.22096,-1.3419,-3.1714,-4.5101,-5.9507,-6.6812,-6.7389,-6.2239,-5.0797,-3.9146,-2.2981,-0.81885,0.28366,0.85359,1.281,1.3475,1.2057,0.92681,0.70109,0.6969,0.95938,1.4613,2.0546,2.4723,2.9533,3.308,3.4907,3.6649,3.7466,3.7333,3.6657,3.4869,3.1982,2.8883,2.3893,1.7678,1.2254,0.42549,-0.4496,-1.3871,-2.1369,-3.2261,-4.4334,-5.3035,-6.1387,-6.103,-5.3624,-3.8346,-2.2531,-0.94264,-0.19375,0.5413,0.94565,1.0764,1.0771,0.94598,0.74483,0.61295,0.48405,0.46637,0.49872,0.56067,0.5907,0.57687,0.47346,0.26113,-0.01635,-0.23397,-0.52985,-0.75484,-0.88027,-0.91522,-0.85191,-0.69588,-0.4102,-0.074991,0.28344,0.51821,0.74256,0.87541,0.95423,1.0419,1.2649,1.5832,1.9553,2.4441,2.9032,3.2089,3.5724,3.8547,4.056,4.3273,4.6214,4.9216,5.1365,5.4372,5.6557,5.7531,5.7308,5.5263,5.232,4.6246,3.7579,2.6322,1.6382,0.10719,-1.5544,-2.786,-4.0053,-4.2775,-3.4022,-2.2976,-0.6476,0.94366,2.0053,3.1957,4.0851,4.5291,4.7907,4.6608,4.1258,3.4655,2.4082,1.5364,1.5428,2.5925,4.1249,5.2245,6.4287,7.2579,7.7455,7.9162,7.9129,7.6939,7.4236,6.9609,6.4263,5.8358,5.3571,4.6487,3.851,3.1689,2.1248,0.90423,-0.14663,-1.7229,-3.5066,-5.3662,-6.7968,-8.5673,-10.182,-11.348,-13.192,-15.708,-16.993,-14.095,-9.2364,-5.3722,-3.1167,-0.82695,0.79989,1.6482,2.2433,2.2486,1.6049,0.60961,-1.6073,-5.3579,-9.4071,-9.4344,-4.2048,-1.4524,0.97149,2.4574,3.3194,3.6562,3.7851,3.6354,3.4232,3.0902,2.8078,2.7248,2.8548,3.2428,3.796,4.2693,4.9052,5.5105,5.9271,6.4422,6.9054,7.3237
-11.687,-7.8363,-4.2582,-2.1074,-1.1709,-0.58951,-0.72879,-1.2928,-2.7126,-5.0526,-8.7849,-13.289,-20.532,-13.218,-9.2619,-5.8905,-3.5217,-2.0925,-0.49854,0.76993,1.7565,2.3508,2.8974,3.225,3.348,3.3967,3.3508,3.2961,3.1879,3.0409,2.8632,2.7059,2.4684,2.2206,2.0333,1.8222,1.6671,1.5267,1.4051,1.1619,0.75157,0.33055,-0.45433,-1.4842,-2.4178,-3.8278,-5.3087,-6.7659,-7.7859,-9.2396,-11.246,-13.631,-20.333,-27.671,-16.114,-10.09,-6.6723,-4.524,-3.4773,-2.6817,-2.4619,-2.6136,-3.2316,-4.1994,-5.3659,-6.1578,-6.7777,-6.7442,-6.3872,-5.8647,-5.4501,-5.321,-5.3467,-5.5828,-5.9823,-6.2608,-6.4555,-6.2969,-5.8601,-4.9702,-3.8429,-2.9504,-1.8333,-0.79292,0.11522,0.70211,1.3705,1.913,2.2401,2.595,2.8508,2.9898,3.0471,3.0411,2.904,2.7145,2.453,2.2189,2.1159,2.2299,2.6395,3.2565,3.7444,4.3332,4.7686,4.9562,4.9732,4.7032,4.2895,3.4566,2.2658,0.6926,-0.77867,-3.1918,-6.3678,-9.6782,-17.226,-23.619,-11.565,-7.4606,-3.8056,-1.1905,0.32308,1.8321,2.8392,3.2785,3.4148,2.9556,1.7773,0.21451,-3.4243,-11.724,-18.988,-5.1162,-0.079556,2.1591,4.0504,5.1411,5.6496,5.7312,5.4919,4.9719,4.4855,3.7911,3.1929,2.7566,2.5185,2.2506,1.9218,1.5598,0.88805,-0.0030783,-0.82929,-2.0991,-3.5356,-4.9981,-6.0987,-7.3833,-8.3795,-8.8664,-9.1649,-8.9887,-8.4734,-7.2611,-5.6298,-3.8538,-2.5567,-1.0389,0.17519,0.84615,1.4404,1.6584,1.537,1.2491,0.6486,0.01363,-0.29831,-0.27213,0.22399,0.75379,1.4179,1.8564,1.9899,1.8614,1.3159,0.38299,-0.5829,-2.1784,-3.8083,-4.5405,-4.0411,-2.366,-0.55585,0.62737,1.9083,2.8465,3.3625,3.8061,4.0487,4.143
-8.4065,-6.9177,-4.8339,-3.2635,-2.4854,-1.9707,-1.9801,-2.3127,-3.2137,-4.5624,-6.2731,-7.515,-8.2555,-7.295,-5.8954,-3.9256,-2.173,-1.0401,0.26789,1.3244,2.1804,2.6731,3.1613,3.4635,3.5817,3.5751,3.4045,3.1587,2.6847,2.0346,1.1888,0.43518,-0.71185,-1.8953,-2.6653,-3.3516,-3.511,-3.2884,-3.0751,-2.9296,-3.0833,-3.4547,-4.3685,-5.8321,-7.3466,-10.041,-13.544,-16.8,-17.178,-15.63,-14.193,-13.66,-13.133,-12.203,-11.019,-9.0772,-7.3121,-6.0331,-5.4216,-5.1437,-5.4399,-6.0888,-7.6212,-10.157,-14.171,-19.057,-26.175,-19.029,-15.826,-13.48,-12.418,-12.16,-12.355,-13.064,-14.372,-15.889,-18.311,-19.041,-16.781,-12.891,-9.5798,-7.5807,-5.3199,-3.4621,-1.9549,-1.0046,0.064783,0.90539,1.3908,1.874,2.1265,2.1908,2.0365,1.6088,0.85854,0.043226,-1.4842,-3.3861,-4.7444,-5.2711,-3.6873,-1.4321,0.073276,1.5897,2.6114,3.0621,3.2967,3.1022,2.6833,1.7566,0.40767,-1.3906,-3.0272,-5.5405,-8.1846,-10.006,-11.504,-11.258,-9.2892,-7.2657,-4.5991,-2.2643,-0.81243,0.73334,1.8416,2.3905,2.761,2.7155,2.2633,1.7113,0.79377,0.10626,0.10595,0.81519,1.9118,2.6917,3.454,3.7954,3.6577,3.2188,2.1879,0.62139,-0.89266,-3.0939,-4.621,-4.4302,-3.5549,-2.371,-1.6286,-1.3976,-1.5154,-2.0994,-2.8061,-4.1074,-5.7782,-7.7981,-9.3869,-11.297,-12.175,-11.945,-10.811,-9.3317,-8.2165,-6.7365,-5.3367,-3.9903,-3.0479,-1.9169,-0.96138,-0.3857,0.23523,0.66945,0.91974,1.0136,1.0453,1.0235,1.0056,0.99487,1.0115,1.0062,0.92173,0.69421,0.2347,-0.3059,-1.3357,-2.8571,-4.455,-7.5453,-12.768,-19.344,-14.545,-8.3937,-4.9196,-3.1884,-1.6307,-0.69745,-0.32816,-0.2417,-0.59007,-1.3325
-3.1415,-2.9563,-2.5895,-2.2287,-2.0146,-1.8858,-1.9322,-2.0781,-2.3844,-2.7772,-3.147,-3.3235,-3.3142,-2.9816,-2.5395,-1.7734,-0.90016,-0.23752,0.59718,1.353,1.9877,2.3582,2.7375,2.949,2.9892,2.8787,2.5661,2.174,1.4283,0.38139,-1.0552,-2.4608,-4.9491,-8.4809,-12.129,-16.549,-13.395,-9.7184,-7.9824,-6.6413,-6.1029,-6.1676,-6.7739,-7.9935,-9.3778,-11.919,-15.39,-18.741,-18.484,-15.674,-13.117,-11.684,-10.156,-8.8823,-8.0407,-7.0342,-6.2431,-5.7176,-5.5618,-5.677,-6.2474,-7.0157,-8.4975,-10.507,-13.046,-14.968,-16.742,-17.142,-16.899,-16.772,-17.079,-17.439,-18.142,-19.039,-20.124,-21.289,-23.466,-23.882,-21.202,-16.881,-13.179,-10.849,-8.2425,-6.0799,-4.2545,-3.0851,-1.7713,-0.71525,-0.07989,0.54069,0.91363,1.0226,0.90709,0.42482,-0.4873,-1.5338,-3.6063,-6.9046,-10.595,-13.273,-8.0663,-3.8734,-1.7294,0.231,1.4819,2.0501,2.3789,2.2554,1.877,0.97174,-0.4208,-2.3602,-4.2296,-7.5136,-12.227,-17.394,-20.306,-13.727,-9.3206,-6.861,-4.2594,-2.1548,-0.8514,0.57289,1.6783,2.3091,2.9131,3.2886,3.4664,3.5179,3.5375,3.5706,3.6515,3.7813,3.922,3.9918,3.9381,3.62,2.9483,2.1426,0.59041,-1.7238,-4.2125,-9.2277,-16.064,-11.54,-7.9004,-5.0538,-3.567,-3.0279,-2.8937,-3.3494,-4.0533,-5.4771,-7.5516,-10.506,-13.626,-20.832,-31.938,-20.238,-14.42,-11.274,-9.5834,-7.8479,-6.4446,-5.2727,-4.5092,-3.5876,-2.7687,-2.2124,-1.5804,-1.0514,-0.63681,-0.40399,-0.16211,-0.012429,0.040868,0.032626,-0.065848,-0.21205,-0.51308,-0.95519,-1.5663,-2.1378,-3.0294,-4.0815,-4.935,-6.1011,-7.0607,-7.3966,-7.1227,-6.1768,-5.0191,-4.2273,-3.4269,-3.0013,-2.9773,-3.3646,-4.3752,-6.2302
-0.98231,-1.1143,-1.2811,-1.4259,-1.5296,-1.6436,-1.7702,-1.8779,-2.0122,-2.1535,-2.2464,-2.2693,-2.2017,-1.9956,-1.7484,-1.29,-0.70915,-0.22344,0.4306,1.06,1.601,1.95,2.2853,2.4682,2.4886,2.3685,2.048,1.6746,0.96027,-0.041519,-1.3737,-2.6455,-4.7445,-7.343,-9.3531,-11.108,-10.505,-8.837,-7.7503,-6.7586,-6.2879,-6.2296,-6.4928,-7.0735,-7.6533,-8.5351,-9.3355,-9.7903,-9.7938,-9.3611,-8.6132,-7.9267,-7.0107,-6.1461,-5.565,-4.9255,-4.477,-4.2402,-4.2287,-4.4398,-4.9585,-5.5511,-6.5739,-7.8609,-9.3263,-10.522,-12.142,-13.864,-15.281,-17.624,-20.581,-23.163,-25.526,-24.85,-23.067,-21.84,-20.429,-19.068,-17.777,-15.806,-13.568,-11.888,-9.6813,-7.6462,-5.803,-4.5612,-3.1275,-1.903,-1.1312,-0.30581,0.30988,0.65494,0.78858,0.73403,0.42389,0.034272,-0.59903,-1.2444,-1.5729,-1.5416,-0.91478,0.090129,0.8978,1.8716,2.6092,2.9786,3.1913,3.0863,2.7857,2.0803,1.0072,-0.44313,-1.8057,-3.9403,-6.2798,-7.7788,-8.3868,-7.1823,-5.2488,-3.8139,-2.1013,-0.65007,0.29735,1.3893,2.2969,2.8759,3.5202,4.036,4.4511,4.6941,4.9668,5.1683,5.2557,5.3322,5.333,5.2552,5.0178,4.5935,3.954,3.3185,2.2435,0.94196,-0.11741,-1.4425,-2.3498,-2.6004,-2.4365,-2.0586,-1.7709,-1.7196,-1.9309,-2.4614,-3.0869,-4.2218,-5.6645,-7.4124,-8.7835,-10.411,-11.254,-11.218,-10.566,-9.6497,-9.0064,-8.2412,-7.5391,-6.8792,-6.3903,-5.7157,-5.0249,-4.4884,-3.8145,-3.2006,-2.6442,-2.2825,-1.8969,-1.6242,-1.5037,-1.4546,-1.5659,-1.748,-2.1305,-2.6792,-3.3505,-3.9126,-4.7083,-5.4335,-5.8878,-6.2612,-6.3094,-6.1454,-5.7489,-5.2163,-4.6362,-4.2476,-3.837,-3.6323,-3.6606,-3.9733,-4.6127,-5.5831
0.32563,-0.14936,-0.79732,-1.3798,-1.7368,-2.047,-2.1919,-2.2309,-2.2771,-2.3432,-2.4699,-2.5927,-2.7505,-2.7904,-2.6704,-2.2608,-1.6028,-1.0024,-0.15268,0.64378,1.33,1.7542,2.1607,2.4046,2.4887,2.4593,2.2736,2.0408,1.589,0.97502,0.2058,-0.46588,-1.4359,-2.4152,-3.0746,-3.7133,-4.0496,-4.1456,-4.1465,-4.1528,-4.2623,-4.4131,-4.7442,-5.1889,-5.5361,-5.9732,-6.2814,-6.3662,-6.2761,-5.8945,-5.3125,-4.7756,-4.0253,-3.3066,-2.8222,-2.2956,-1.9225,-1.7481,-1.7411,-1.9376,-2.3379,-2.7634,-3.5226,-4.4976,-5.6508,-6.648,-8.1977,-10.056,-11.748,-14.536,-18.183,-21.423,-24.961,-23.653,-21.273,-20.186,-19.256,-18.635,-18.076,-16.683,-14.684,-12.925,-10.566,-8.4159,-6.4988,-5.2117,-3.6714,-2.3208,-1.4225,-0.36345,0.52161,1.223,1.6191,2.0138,2.2578,2.369,2.4382,2.5198,2.6405,2.8766,3.2473,3.7088,4.0846,4.5979,5.032,5.2714,5.4462,5.422,5.2626,4.862,4.2553,3.4606,2.7796,1.8282,0.94169,0.42559,0.022698,-0.02254,0.22142,0.53558,1.0575,1.6262,2.0628,2.6549,3.2447,3.6866,4.2679,4.8212,5.3382,5.69,6.0879,6.4087,6.5905,6.7625,6.8261,6.7917,6.6399,6.366,5.9617,5.5894,4.989,4.3195,3.8031,3.1506,2.5867,2.1384,1.883,1.5788,1.2752,1.0099,0.56604,-0.0016604,-0.51235,-1.3308,-2.2822,-3.3218,-4.1107,-5.0981,-5.9683,-6.5286,-7.1867,-7.7553,-8.1795,-8.6972,-9.1266,-9.2943,-9.1657,-8.6918,-7.9483,-7.3035,-6.3825,-5.4898,-4.686,-4.1401,-3.5386,-3.0732,-2.8216,-2.6446,-2.6702,-2.8406,-3.2996,-4.0386,-5.0658,-6.0234,-7.4394,-8.7491,-9.3234,-9.1802,-8.2338,-7.3364,-6.156,-5.1461,-4.3447,-3.8757,-3.4299,-3.1637,-3.0532,-3.0391,-3.1223,-3.2584
