-19.867,-14.714,-10.428,-7.5649,-5.9217,-4.1653,-2.7608,-1.8817,-0.8836,-0.071956,0.60423,1.0352,1.5025,1.8799,2.0975,2.3111,2.4448,2.494,2.4934,2.4109,2.2488,2.0554,1.7136,1.2892,0.90539,0.2807,-0.51953,-1.2374,-2.3815,-3.7777,-5.534,-7.1635,-9.8787,-13.05,-14.508,-12.979,-9.8978,-7.2409,-5.6221,-3.8778,-2.4709,-1.584,-0.57133,0.26916,0.81178,1.4373,1.9761,2.4299,2.7309,3.0884,3.4035,3.6232,3.8962,4.1569,4.3518,4.6176,4.8989,5.2016,5.4497,5.7891,6.1492,6.423,6.7835,7.1347,7.4646,7.6941,7.972,8.2072,8.3603,8.5339,8.6648,8.7389,8.802,8.821,8.7915,8.7384,8.632,8.4743,8.3308,8.1083,7.8561,7.6624,7.4213,7.2236,7.1243,7.1353,7.2849,7.5977,7.9323,8.4804,9.1067,9.7695,10.269,10.914,11.516,11.933,12.435,12.871,13.153,13.47,13.723,13.913,14.015,14.103,14.126,14.106,14.029,13.902,13.772,13.556,13.288,12.969,12.698,12.293,11.843,11.476,10.941,10.36,9.7276,9.2188,8.4879,7.6945,7.0531,6.1397,5.152,4.3784,3.2986,2.2111,1.1731,0.48865,-0.17868,-0.48696,-0.49475,-0.25789,0.13727,0.49266,0.97576,1.4456,1.8808,2.1737,2.5248,2.8389,3.0634,3.3725,3.7071,4.1109,4.4813,5.053,5.7365,6.3173,7.1712,8.1022,8.839,9.8593,10.896,11.935,12.703,13.699,14.659,15.345,16.209,17.01,17.564,18.238,18.838,19.361,19.703,20.092,20.4,20.581,20.755,20.851,20.868,20.83,20.712,20.517,20.319,19.983,19.566,19.198,18.633,17.983,17.249,16.645,15.773,14.827,14.075,13.032,11.968,11.183,10.198,9.3417,8.6712,8.305,7.9938,7.8463,7.8077,7.8274,7.8852,7.9561
-4.7283,-4.407,-3.8921,-3.3001,-2.8284,-2.1793,-1.5431,-1.0855,-0.51149,0.012553,0.47871,0.78746,1.146,1.4359,1.6128,1.7901,1.8986,1.9337,1.9173,1.8275,1.6615,1.4901,1.1889,0.80674,0.46804,-0.058595,-0.65799,-1.1567,-1.8774,-2.6404,-3.407,-3.9581,-4.624,-5.159,-5.4509,-5.6705,-5.7167,-5.6397,-5.5344,-5.3572,-5.1684,-5.0283,-4.8404,-4.6608,-4.5294,-4.3557,-4.1981,-4.0696,-4.0014,-3.9726,-4.039,-4.1734,-4.5039,-5.0397,-5.6053,-6.6278,-7.9623,-9.4238,-10.165,-9.6851,-7.5769,-5.6646,-3.2446,-1.1576,0.60584,1.7409,3.0376,4.1163,4.799,5.5576,6.1551,6.5048,6.8498,7.0575,7.1293,7.0957,6.9279,6.614,6.2771,5.6813,4.9009,4.1832,3.0286,1.6408,0.084775,-1.0474,-2.034,-1.7845,-0.82876,0.89383,2.6298,4.1789,5.1947,6.3662,7.3552,7.9915,8.7146,9.3105,9.6834,10.091,10.404,10.628,10.742,10.824,10.833,10.792,10.678,10.499,10.322,10.033,9.6897,9.2977,8.9741,8.5104,8.0139,7.6252,7.0874,6.5297,5.9518,5.5027,4.8766,4.2121,3.6822,2.9234,2.0971,1.4343,0.50688,-0.42363,-1.2613,-1.7423,-2.0561,-1.9384,-1.5932,-0.92341,-0.15788,0.39529,1.0358,1.5372,1.8899,2.0553,2.1323,2.0336,1.8346,1.3717,0.64615,-0.42459,-1.5392,-3.6737,-7.1404,-11.65,-16.794,-7.4665,-3.1083,0.95576,4.0035,6.4668,8.0537,9.9116,11.535,12.626,13.934,15.091,15.869,16.795,17.599,18.288,18.732,19.229,19.622,19.849,20.063,20.179,20.199,20.151,20.007,19.772,19.538,19.152,18.682,18.279,17.675,17.003,16.269,15.683,14.862,14.004,13.343,12.445,11.539,10.857,9.9506,9.0468,8.1384,7.4472,6.4959,5.4878,4.6718,3.4694,2.0761,0.41228
-1.7876,-1.7311,-1.6712,-1.6133,-1.5653,-1.4789,-1.3599,-1.2377,-1.0318,-0.77186,-0.4579,-0.20543,0.14538,0.4904,0.73338,1.0219,1.2588,1.3925,1.501,1.5371,1.4962,1.4143,1.2412,0.9898,0.75585,0.39391,-0.019959,-0.36525,-0.85944,-1.3876,-1.9372,-2.3626,-2.9626,-3.5947,-4.0886,-4.7802,-5.533,-6.3781,-7.0812,-8.1564,-9.3932,-10.447,-12.058,-13.807,-14.986,-15.691,-14.859,-13.043,-11.565,-9.7425,-8.19,-7.2172,-6.1398,-5.3124,-4.8384,-4.3716,-4.0528,-3.7899,-3.5558,-3.0442,-2.2361,-1.4172,-0.11305,1.293,2.6728,3.6473,4.8255,5.8509,6.5181,7.2726,7.8813,8.2461,8.6126,8.8552,8.9806,9.0031,8.9474,8.8071,8.6502,8.389,8.0805,7.8276,7.4781,7.1368,6.8247,6.6269,6.428,6.3092,6.2749,6.2958,6.3801,6.5083,6.6174,6.7748,6.9407,7.0684,7.2406,7.4156,7.5489,7.7305,7.9047,8.0581,8.149,8.2245,8.2295,8.1764,8.0184,7.7464,7.456,6.9449,6.2782,5.4489,4.7127,3.5833,2.3088,1.3053,0.034515,-0.89372,-1.2193,-1.0391,-0.40775,0.3993,1.0061,1.7407,2.3651,2.7612,3.2105,3.589,3.9153,4.1402,4.4263,4.7055,4.9122,5.1791,5.4366,5.6098,5.8153,5.9818,6.1161,6.1943,6.2642,6.2888,6.2774,6.2361,6.1836,6.1434,6.1417,6.19,6.3275,6.511,6.8894,7.4372,7.9631,8.8031,9.7756,10.841,11.674,12.801,13.916,14.728,15.765,16.731,17.404,18.224,18.949,19.574,19.975,20.418,20.752,20.932,21.073,21.103,21.019,20.881,20.598,20.201,19.828,19.231,18.52,17.912,17.003,15.983,14.855,13.943,12.646,11.273,10.209,8.7845,7.4107,6.4666,5.3947,4.5784,4.0133,3.7176,3.4229,3.1661,2.9611,2.6361,2.2462,1.7952
1.1188,0.67352,-0.12107,-1.1825,-2.1594,-3.7115,-5.473,-6.713,-7.5447,-6.8008,-5.0812,-3.6924,-2.0373,-0.66909,0.16784,1.0564,1.7249,2.0882,2.4059,2.5555,2.5388,2.4308,2.1665,1.7799,1.4259,0.89465,0.3326,-0.097187,-0.64223,-1.1271,-1.5445,-1.8163,-2.1609,-2.516,-2.8127,-3.289,-3.9184,-4.7408,-5.5053,-6.7343,-8.2725,-9.6326,-11.756,-14.095,-15.765,-17.197,-17.16,-15.588,-13.783,-10.974,-8.137,-6.1347,-3.7006,-1.5797,-0.1724,1.4853,2.933,4.1974,5.0634,6.1268,7.1019,7.7862,8.6471,9.4494,10.18,10.677,11.261,11.749,12.046,12.344,12.53,12.591,12.568,12.429,12.182,11.929,11.522,11.053,10.678,10.168,9.6847,9.3553,8.9843,8.7034,8.5055,8.3998,8.2895,8.179,8.0705,7.873,7.5835,7.165,6.7509,6.0464,5.1783,4.4326,3.411,2.5895,2.3332,2.6655,3.6161,4.8025,5.6711,6.6817,7.469,7.9021,8.2751,8.4164,8.3729,8.115,7.6171,6.868,6.1307,4.8879,3.3476,2.0298,0.22791,-1.0712,-1.0803,-0.25787,1.2615,2.7392,3.7056,4.7873,5.656,6.1987,6.7945,7.2773,7.6716,7.9229,8.2169,8.4745,8.6494,8.8603,9.0435,9.1583,9.2703,9.3406,9.3561,9.3347,9.2557,9.1088,8.9598,8.7261,8.4804,8.2547,8.1214,8.0267,8.0778,8.2474,8.6712,9.3359,9.971,10.967,12.086,13.278,14.195,15.417,16.613,17.482,18.587,19.617,20.333,21.204,21.971,22.627,23.044,23.494,23.821,23.983,24.086,24.056,23.891,23.677,23.271,22.723,22.219,21.417,20.464,19.647,18.413,17.002,15.396,14.041,12,9.6124,7.5124,4.0934,-0.53152,-5.3984,-9.6346,-4.0873,-0.31954,1.4803,3.1115,4.1926,4.7525,5.2601,5.5808,5.7549
4.1577,3.5485,2.5397,1.2938,0.20987,-1.3868,-3.0271,-4.0821,-4.8377,-4.5506,-3.5061,-2.5302,-1.2466,-0.1108,0.60649,1.3914,1.968,2.2584,2.4574,2.4362,2.1743,1.8141,1.0894,0.066476,-0.93258,-2.6224,-4.8187,-6.8655,-9.9543,-11.773,-10.238,-8.249,-5.9826,-4.3427,-3.4299,-2.5703,-2.0767,-1.8969,-1.9377,-2.1729,-2.6431,-3.1249,-3.8921,-4.7611,-5.4355,-6.2869,-6.8326,-6.7477,-6.0345,-4.3383,-2.1989,-0.53447,1.6107,3.5769,4.9235,6.5451,7.9912,9.2598,10.112,11.127,12.011,12.59,13.264,13.823,14.268,14.526,14.771,14.897,14.91,14.815,14.583,14.315,13.822,13.163,12.322,11.556,10.324,8.8156,7.4622,5.3203,2.8374,1.0393,-0.13932,0.9034,2.8229,4.1518,5.5741,6.5843,7.0983,7.5013,7.5951,7.3801,7.0141,6.2385,5.1077,3.9916,2.1601,0.24875,-0.59655,-0.010367,1.897,3.9039,5.2018,6.5979,7.6439,8.2324,8.7907,9.1313,9.2715,9.3207,9.2392,9.0545,8.8648,8.5629,8.2454,8.0174,7.7528,7.552,7.4363,7.4054,7.4138,7.4412,7.4535,7.43,7.3435,7.2394,7.0581,6.8539,6.6774,6.59,6.5814,6.716,6.9046,7.2468,7.6427,7.9325,8.2694,8.5152,8.6355,8.6307,8.479,8.131,7.731,7.0053,6.0265,4.7112,3.4296,1.2124,-1.6813,-3.9862,-4.5433,-1.2421,1.5073,4.6657,7.3274,9.6506,11.235,13.185,14.976,16.224,17.763,19.157,20.106,21.242,22.228,23.06,23.582,24.142,24.542,24.739,24.861,24.823,24.623,24.366,23.882,23.233,22.638,21.701,20.6,19.669,18.289,16.766,15.121,13.825,12.065,10.327,9.0993,7.6526,6.5281,5.9534,5.5538,5.5271,5.7658,6.023,6.3984,6.7269,6.8942,6.9944,6.9555,6.779
5.6407,4.9803,3.9507,2.7504,1.7625,0.36108,-1.0902,-2.1341,-3.3365,-4.0843,-4.1719,-3.8084,-2.9448,-1.8852,-1.108,-0.19257,0.50233,0.86388,1.117,1.1075,0.8367,0.48051,-0.21821,-1.1528,-2.0041,-3.2899,-4.6864,-5.7136,-6.7748,-7.1276,-6.6215,-5.8307,-4.5423,-3.2425,-2.3337,-1.242,-0.34271,0.36951,0.79869,1.2554,1.5798,1.7672,1.9771,2.1703,2.3195,2.5478,2.8725,3.3204,3.7401,4.399,5.171,5.8218,6.7527,7.7293,8.4672,9.4283,10.355,11.218,11.815,12.532,13.149,13.537,13.956,14.255,14.434,14.484,14.443,14.276,14.068,13.68,13.169,12.707,11.992,11.162,10.217,9.4249,8.2461,6.9079,5.794,4.2157,2.7002,1.8223,1.4107,1.9905,3.1461,4.0793,5.2124,6.1212,6.6355,7.1192,7.4,7.4937,7.4619,7.3106,7.0814,6.8828,6.6241,6.4296,6.3553,6.3647,6.4865,6.6706,6.8172,6.9892,7.0976,7.1214,7.056,6.8915,6.7204,6.4585,6.2095,6.0381,5.9845,6.0207,6.1644,6.306,6.5128,6.6983,6.8225,6.8548,6.7971,6.5877,6.3102,5.7417,4.8952,4.0421,2.5317,0.46045,-2.4028,-5.2019,-8.5338,-6.5989,-3.7275,-0.71104,1.4394,2.6377,3.8343,4.6707,5.2106,5.4435,5.5408,5.4103,5.1778,4.6796,3.9149,2.8398,1.8455,0.37894,-1.1151,-2.0749,-2.8635,-2.9674,-2.6541,-1.8093,-0.34633,1.8678,3.8915,6.7245,9.4386,11.312,13.564,15.532,16.828,18.334,19.603,20.647,21.29,21.97,22.449,22.682,22.827,22.789,22.568,22.283,21.744,21.021,20.355,19.299,18.042,16.957,15.308,13.403,11.192,9.2922,6.3464,2.7859,-0.30699,-3.9155,-3.5445,-1.6092,0.74987,2.4873,3.7555,4.4642,5.18,5.6766,5.8871,5.9543,5.7931,5.436
6.5782,5.9042,4.8398,3.5494,2.4142,0.61195,-1.6233,-3.7082,-7.2213,-11.098,-11.103,-8.4619,-5.2653,-2.9642,-1.6804,-0.42216,0.41111,0.79657,1.0299,0.94598,0.56962,0.10617,-0.74766,-1.8618,-2.8643,-4.3553,-5.9032,-6.9484,-7.8108,-7.7137,-6.7151,-5.6546,-4.1127,-2.6224,-1.5928,-0.35891,0.68077,1.5503,2.0954,2.6935,3.1525,3.4237,3.7157,3.931,4.0586,4.2139,4.3845,4.6034,4.815,5.1799,5.6698,6.1252,6.8404,7.65,8.2972,9.1703,10.026,10.827,11.371,12.005,12.515,12.806,13.071,13.181,13.13,12.982,12.643,12.137,11.648,10.858,9.9271,9.1518,8.0545,6.946,5.9234,5.2695,4.6107,4.2148,4.0776,4.0627,4.1907,4.3541,4.6553,5.0226,5.4252,5.7168,6.0632,6.336,6.4711,6.5502,6.5195,6.3773,6.2158,5.9509,5.6809,5.5063,5.3417,5.2649,5.2609,5.3081,5.3858,5.4415,5.4312,5.3,4.9842,4.6011,3.8386,2.7291,1.606,-0.35768,-2.8681,-5.2538,-5.5686,-3.5214,-0.91006,0.74359,2.4806,3.7666,4.676,5.1449,5.5128,5.6118,5.5224,5.1806,4.5789,3.9542,2.9024,1.6479,0.32288,-0.57745,-1.3796,-1.5219,-1.2215,-0.57732,0.090068,0.53801,1.0601,1.5204,1.9538,2.26,2.6478,2.9649,3.1443,3.2527,3.1762,2.9573,2.7238,2.3024,1.7317,1.2116,0.42911,-0.50538,-1.392,-2.8805,-4.1454,-3.0882,-0.57234,3.1702,6.4899,8.6408,11.112,13.205,14.559,16.107,17.387,18.42,19.042,19.68,20.109,20.299,20.386,20.289,20.015,19.697,19.126,18.394,17.74,16.732,15.566,14.586,13.138,11.519,9.7329,8.296,6.2972,4.3307,3.0506,1.9157,1.6055,1.8265,2.4122,3.0469,3.5965,3.9079,4.1948,4.407,4.5136,4.5499,4.4466,4.201
4.7562,4.3273,3.6824,2.9656,2.3877,1.5933,0.81573,0.27613,-0.31687,-0.70592,-0.85601,-0.80801,-0.57249,-0.23081,0.021757,0.30509,0.46632,0.48919,0.37812,0.087212,-0.42294,-0.95989,-1.8993,-3.1557,-4.3283,-6.2633,-8.721,-10.888,-13.302,-12.692,-9.92,-7.8612,-5.5957,-3.7984,-2.6997,-1.5089,-0.59443,0.10613,0.51454,0.90013,1.1288,1.2017,1.1712,0.9869,0.75463,0.29701,-0.32754,-1.1125,-1.7493,-2.4843,-2.692,-2.2592,-0.94014,0.82277,2.1925,3.9022,5.4027,6.6643,7.454,8.3023,8.925,9.2465,9.4826,9.4984,9.2936,8.9903,8.3751,7.5028,6.6723,5.3041,3.5884,2.0248,-0.53441,-3.865,-8.2625,-11.735,-11.185,-7.2838,-4.9554,-2.6598,-0.98659,-0.0077613,1.0475,1.8833,2.5259,2.8756,3.1604,3.2424,3.1672,2.8598,2.2904,1.4479,0.62447,-0.74992,-2.3368,-3.4716,-4.3646,-4.0023,-3.1083,-1.689,-0.40865,0.57908,1.095,1.5013,1.5883,1.4369,0.97231,0.19054,-0.60142,-1.8924,-3.2939,-4.3322,-4.4561,-3.6532,-2.2806,-1.203,0.075676,1.1524,2.0016,2.4975,2.9877,3.2945,3.4156,3.4356,3.3055,3.1051,2.713,2.1958,1.5827,1.0832,0.35668,-0.48506,-1.2202,-2.4011,-3.8496,-5.1518,-7.0842,-8.5528,-8.3042,-7.0278,-4.9888,-3.2181,-2.1514,-1.098,-0.35731,0.19569,0.49023,0.74244,0.87425,0.95323,1.0978,1.294,1.4867,1.8809,2.5111,3.404,4.2476,5.5474,6.9705,8.0705,9.5123,10.866,11.798,12.906,13.84,14.587,15.019,15.428,15.642,15.679,15.566,15.276,14.818,14.373,13.664,12.845,12.173,11.22,10.228,9.4683,8.4472,7.4261,6.4188,5.681,4.7283,3.8259,3.2022,2.4481,1.7946,1.3631,0.84176,0.38373,0.00194,-0.22486,-0.47573,-0.63518,-0.66689,-0.5615,-0.38356,-0.22485
2.2333,1.9671,1.5825,1.1999,0.92623,0.62415,0.39857,0.28725,0.21697,0.22509,0.29887,0.37831,0.50002,0.61654,0.68566,0.73103,0.70645,0.63699,0.46178,0.20249,-0.14551,-0.46505,-0.95098,-1.4811,-1.8895,-2.4274,-2.8818,-3.1311,-3.2957,-3.2275,-2.9589,-2.6501,-2.1624,-1.6748,-1.3425,-0.97712,-0.73467,-0.59609,-0.57246,-0.64142,-0.80101,-0.9773,-1.2988,-1.7223,-2.1054,-2.771,-3.7064,-5.0512,-6.4477,-9.0579,-12.133,-12.088,-7.9987,-4.001,-1.6381,0.87018,2.8166,4.3277,5.2233,6.1442,6.7829,7.0918,7.2865,7.2334,6.9422,6.5644,5.8443,4.8724,3.9718,2.5326,0.82096,-0.63264,-2.7562,-4.977,-6.9815,-7.9965,-8.3048,-7.532,-6.5734,-5.1086,-3.6534,-2.6143,-1.3659,-0.3221,0.49303,0.96355,1.3857,1.5569,1.5134,1.2022,0.57504,-0.40276,-1.3984,-3.1532,-5.4591,-7.4276,-9.2412,-8.2617,-6.4349,-4.0635,-2.2145,-0.86619,-0.13078,0.55067,0.9409,1.0651,1.0492,0.86841,0.65463,0.31765,-0.040736,-0.35943,-0.53818,-0.68038,-0.70539,-0.64595,-0.48718,-0.25077,0.061017,0.34416,0.77711,1.2325,1.5557,1.9321,2.214,2.3496,2.4067,2.3096,2.039,1.7232,1.1469,0.35604,-0.40493,-1.669,-3.2508,-4.6609,-6.6999,-8.2665,-8.2456,-7.2548,-5.6009,-4.1609,-3.3224,-2.4963,-1.9358,-1.5937,-1.5117,-1.5543,-1.6416,-1.6922,-1.6933,-1.5082,-1.1686,-0.4069,0.65612,1.9139,2.9212,4.2907,5.6434,6.625,7.8655,8.9957,9.7512,10.62,11.313,11.824,12.076,12.231,12.172,11.985,11.536,10.856,9.9535,9.1372,7.8898,6.5053,5.4377,4.0845,2.9624,2.3344,1.7889,1.4708,1.2378,1.0607,0.7684,0.38495,0.01465,-0.58755,-1.3669,-2.0973,-3.2958,-4.7994,-6.6174,-8.1403,-10.173,-11.257,-10.785,-9.0445,-7.1357,-5.5413
0.030064,-0.46226,-1.2046,-1.9145,-2.3218,-2.5615,-2.3882,-2.0205,-1.36,-0.64123,0.032446,0.46149,0.91339,1.226,1.36,1.4269,1.3789,1.2687,1.0315,0.72702,0.40332,0.17415,-0.073603,-0.23265,-0.28659,-0.27763,-0.17347,-0.050496,0.14972,0.36277,0.56441,0.69659,0.80464,0.82672,0.75597,0.55194,0.20142,-0.30587,-0.80465,-1.5983,-2.4741,-3.1273,-3.8296,-4.1795,-4.1484,-3.8283,-3.3228,-2.7674,-2.3527,-1.7847,-1.1019,-0.44995,0.60224,1.804,2.7371,3.9469,5.0436,5.9692,6.5465,7.1439,7.5425,7.7109,7.7542,7.598,7.2434,6.8497,6.1443,5.236,4.4104,3.1116,1.5815,0.27115,-1.7059,-4.0118,-6.6866,-8.9373,-11.857,-12.384,-10.557,-7.4941,-4.8531,-3.1972,-1.3586,0.090353,1.1804,1.8025,2.4208,2.8015,2.9437,2.9669,2.811,2.5064,2.2121,1.7759,1.3465,1.0935,0.91974,0.95809,1.1049,1.4302,1.8241,2.1895,2.4182,2.655,2.7919,2.8223,2.7541,2.5671,2.3583,1.9924,1.5289,0.95819,0.44657,-0.36347,-1.3356,-2.1511,-3.274,-4.1992,-4.4945,-4.0647,-2.8024,-1.2419,-0.11414,1.1994,2.2702,2.9143,3.5766,4.0265,4.2596,4.3027,4.206,3.9611,3.6881,3.2221,2.6727,2.242,1.692,1.2128,0.84809,0.65366,0.44528,0.26349,0.10153,-0.19257,-0.60026,-1.2571,-1.9498,-3.0886,-4.55,-6.0202,-8.6485,-11.583,-11.908,-8.4345,-4.507,-1.3262,0.64263,2.8596,4.7391,5.966,7.3895,8.5945,9.3623,10.207,10.841,11.262,11.434,11.458,11.227,10.874,10.148,9.1,7.6853,6.3378,4.0587,1.038,-1.954,-7.691,-15.531,-12.344,-7.1772,-4.491,-3.01,-2.3478,-1.853,-1.657,-1.6698,-1.8887,-2.3516,-2.8675,-3.8283,-5.1925,-6.9916,-8.5054,-10.612,-11.892,-11.401,-9.643,-7.9479,-6.5627
-0.58396,-1.7378,-3.9995,-7.5927,-12.143,-21.273,-11.226,-6.9,-3.37,-1.0928,0.48345,1.3235,2.1011,2.5485,2.6898,2.6469,2.344,1.9586,1.2151,0.25797,-0.83365,-1.6312,-2.395,-2.4504,-1.9729,-0.93008,0.251,1.0727,2.0145,2.7532,3.268,3.521,3.6689,3.604,3.4133,2.9559,2.2455,1.2133,0.19311,-1.6055,-4.1799,-6.9806,-13.379,-24.376,-12.85,-6.6023,-3.0553,-0.61543,0.79571,2.3248,3.6117,4.4708,5.5002,6.4104,7.0333,7.7691,8.3885,8.8869,9.1731,9.4365,9.5488,9.5359,9.3962,9.1195,8.7104,8.3218,7.7059,6.9793,6.3562,5.4143,4.3267,3.4037,2.0131,0.41673,-1.3799,-2.7842,-4.2915,-4.5125,-3.7254,-2.0852,-0.36736,0.81591,2.1532,3.22,4.0591,4.5463,5.0397,5.366,5.5168,5.6248,5.6448,5.5652,5.4591,5.3003,5.1361,5.0227,4.9027,4.8333,4.8143,4.8064,4.8175,4.8322,4.8338,4.7965,4.7129,4.6168,4.4438,4.1977,3.9647,3.5772,3.1036,2.508,1.9322,0.95239,-0.40821,-1.7747,-4.2821,-7.9625,-11.541,-9.5841,-4.753,-1.1819,0.80914,2.8576,4.4074,5.317,6.2703,6.9897,7.5173,7.7912,8.0054,8.0789,8.0518,7.9066,7.6517,7.403,7.0012,6.517,5.9463,5.4656,4.7478,3.9464,3.2843,2.3228,1.2639,0.15329,-0.65407,-1.6881,-2.8104,-3.6981,-4.7778,-5.5072,-5.4596,-4.052,-1.723,0.60252,2.1872,4.0904,5.7912,6.9469,8.3176,9.4985,10.264,11.129,11.81,12.289,12.504,12.588,12.426,12.136,11.513,10.603,9.3848,8.2588,6.4797,4.4337,2.7894,0.69548,-0.88255,-1.5866,-2.0698,-2.3568,-2.6273,-2.8234,-2.915,-2.7471,-2.4604,-1.9265,-1.4002,-1.0841,-0.81784,-0.85419,-1.1654,-1.376,-1.5748,-1.8341,-2.0647,-2.3559,-2.8036,-3.6118
-0.038103,-0.57587,-1.4169,-2.2664,-2.7367,-2.8918,-2.3639,-1.6317,-0.48792,0.59208,1.4336,1.9013,2.3094,2.4801,2.4446,2.1856,1.6571,1.0558,-0.050004,-1.6948,-4.1689,-6.951,-13.035,-14.651,-9.0538,-4.1888,-1.1113,0.52047,2.1066,3.1931,3.8937,4.1997,4.3454,4.2388,4.0066,3.5078,2.8192,1.9625,1.2546,0.22556,-0.81839,-1.5018,-2.1181,-2.1304,-1.6618,-0.56138,0.79747,2.1631,3.1112,4.2609,5.2732,5.9303,6.6842,7.3183,7.7233,8.1689,8.4958,8.7024,8.7735,8.7394,8.5576,8.3274,7.8974,7.3618,6.7398,6.2611,5.6548,5.1408,4.8392,4.5342,4.289,4.1109,3.8731,3.6195,3.359,3.2005,3.0899,3.098,3.1725,3.3693,3.663,3.9118,4.1966,4.3865,4.5422,4.626,4.6922,4.7153,4.705,4.6546,4.561,4.4189,4.2793,4.0528,3.8002,3.6023,3.341,3.1353,3.0335,2.9656,2.9412,2.9336,2.9178,2.8276,2.6266,2.4135,2.0667,1.7156,1.4747,1.2261,1.1135,1.1108,1.1549,1.2217,1.2157,1.1408,1.0312,1.0277,1.2491,1.6068,2.3373,3.2326,3.9232,4.8251,5.6711,6.2462,6.9223,7.4903,7.9757,8.2945,8.6376,8.8801,8.9875,9.0261,8.9327,8.7719,8.4178,7.896,7.1835,6.5104,5.3982,4.0158,2.7783,0.81783,-1.4114,-3.5806,-4.7674,-5.2714,-4.635,-3.8116,-2.6868,-1.7345,-1.0417,-0.093998,0.85394,1.7366,2.401,3.353,4.3877,5.2226,6.3972,7.599,8.4744,9.5519,10.474,11.197,11.593,11.92,12.018,11.937,11.628,11.091,10.339,9.6533,8.5923,7.386,6.3994,5.0068,3.5142,2.295,0.44198,-1.9051,-5.1795,-8.8961,-19.287,-15.168,-8.9907,-4.6975,-2.1126,-0.76867,0.47373,1.3466,1.8364,1.9854,2.0552,1.972,1.7717,1.3599,0.75015,-0.17398
-2.2588,-1.98,-1.5816,-1.1865,-0.89626,-0.51908,-0.15351,0.10563,0.37748,0.55367,0.60745,0.55462,0.37804,0.089648,-0.15138,-0.47846,-0.79507,-1.0092,-1.2804,-1.5634,-1.8377,-1.9685,-1.94,-1.556,-1.0074,-0.050143,0.97863,1.6888,2.4807,3.0363,3.3244,3.3625,3.1851,2.7242,2.2131,1.3264,0.26927,-0.81474,-1.5439,-2.2145,-2.3723,-2.2061,-1.6593,-0.89966,-0.27831,0.55556,1.3807,2.1369,2.6381,3.2264,3.7018,3.9916,4.313,4.5977,4.7793,4.9912,5.1513,5.233,5.2043,5.0116,4.6038,4.1236,3.2118,1.9374,0.29421,-1.1371,-2.9942,-3.9016,-3.4888,-2.0539,-0.48829,0.51361,1.5564,2.3102,2.83,3.0983,3.2974,3.3409,3.2982,3.154,2.8862,2.5856,2.0783,1.4842,0.8415,0.36745,-0.17024,-0.50444,-0.61208,-0.66205,-0.69835,-0.79579,-0.97987,-1.4467,-2.1532,-2.8192,-3.7576,-4.5288,-4.7764,-4.5298,-3.8533,-3.1376,-2.736,-2.4933,-2.6487,-3.1011,-4.2064,-5.8988,-7.4307,-9.0034,-8.2495,-5.8241,-4.0038,-2.0291,-0.51988,0.35511,1.2261,1.8544,2.3221,2.6078,2.874,3.0428,3.1289,3.1927,3.2463,3.3215,3.5361,3.9005,4.3976,4.8406,5.4696,6.054,6.4288,6.8145,7.0418,7.0838,6.9587,6.6229,6.0532,5.456,4.4028,2.9935,1.6642,-0.55382,-3.46,-7.2161,-9.5472,-9.0161,-6.4424,-4.6386,-2.9171,-1.8082,-1.2244,-0.82713,-0.97239,-1.5395,-2.1924,-3.2348,-3.8551,-3.319,-1.2063,1.3877,3.1788,5.1857,6.7576,7.9395,8.5994,9.209,9.5405,9.6245,9.5319,9.2444,8.7916,8.3564,7.6551,6.8393,6.169,5.1861,4.1025,3.2349,2.0013,0.66479,-0.68274,-1.5618,-2.3061,-2.3697,-1.993,-1.1158,-0.13562,0.52201,1.2213,1.8017,2.3495,2.6172,2.7646,2.8105,2.7839,2.6324,2.4275,2.1852
-7.4056,-5.3018,-3.2162,-1.7363,-0.93099,-0.15525,0.31992,0.51073,0.50731,0.2147,-0.3749,-1.0314,-2.2373,-3.7784,-5.0396,-6.3805,-6.51,-5.755,-4.2616,-2.7664,-1.4753,-0.6415,0.31583,1.1435,1.7157,2.4122,3.0027,3.362,3.7167,3.888,3.8466,3.6467,3.1346,2.2796,1.3788,-0.26429,-2.6018,-6.1052,-10.197,-18.845,-12.597,-8.0682,-4.4489,-2.1455,-0.92517,0.25487,1.0305,1.464,1.5976,1.5383,1.2211,0.87319,0.3543,-0.047401,-0.1526,0.062121,0.58425,1.1667,1.5292,1.7927,1.7343,1.4381,0.63446,-0.68967,-2.6411,-4.6271,-7.8849,-9.7693,-8.2126,-4.9897,-2.3897,-0.89246,0.60703,1.6688,2.3854,2.7255,2.9378,2.917,2.7589,2.3179,1.5665,0.7821,-0.54969,-2.3215,-4.7788,-7.1325,-10.663,-12.014,-10.422,-7.8134,-6.061,-5.1525,-4.9675,-5.3803,-6.5735,-8.1008,-11.443,-18.407,-29.237,-15.664,-10.15,-7.202,-5.8837,-4.8457,-4.4496,-4.5579,-5.2614,-6.6058,-7.88,-9.117,-8.2224,-5.6953,-3.739,-1.5882,0.028086,0.96765,1.8969,2.4756,2.7351,2.7337,2.4546,1.8695,1.221,0.010336,-1.6399,-3.0748,-4.6604,-4.5258,-2.6759,-1.0207,0.97393,2.5828,3.5469,4.5382,5.2395,5.5939,5.8637,5.91,5.754,5.5036,5.0111,4.3554,3.7767,2.9259,2.0681,1.3838,1.0466,0.70107,0.63392,0.76937,0.94885,1.0413,0.99935,0.65313,-0.026826,-1.088,-2.2847,-4.4916,-6.605,-6.4024,-3.5155,-0.29058,1.7034,3.8041,5.3481,6.4543,7.0475,7.5586,7.7811,7.7864,7.6111,7.27,6.8033,6.3901,5.808,5.2274,4.8131,4.276,3.7631,3.3848,2.9056,2.4579,2.0561,1.7929,1.5296,1.3917,1.3666,1.4218,1.5556,1.6954,1.921,2.0964,2.2736,2.4512,2.6491,2.7969,2.8901,2.9227,2.8756,2.8226
-5.161,-3.9254,-2.459,-1.2659,-0.56643,0.12699,0.53773,0.65305,0.569,0.14995,-0.64581,-1.537,-3.2064,-5.6251,-8.1219,-11.989,-12.28,-9.4921,-6.0599,-3.5578,-1.7181,-0.64536,0.51167,1.4411,2.0268,2.6806,3.2011,3.516,3.8077,3.957,3.9386,3.7981,3.4263,2.8282,2.2178,1.1871,-0.074095,-1.4307,-2.3195,-3.0261,-2.8572,-2.2638,-1.2451,-0.28775,0.28859,0.83863,1.0672,0.95194,0.62093,-0.22732,-1.6407,-3.2002,-6.4053,-12.229,-19.524,-12.159,-6.4697,-3.3654,-1.8776,-0.59722,0.0711,0.26003,0.1928,-0.15889,-0.68478,-1.091,-1.517,-1.6832,-1.5639,-1.1307,-0.4867,0.048003,0.73488,1.3289,1.7687,1.9682,2.0735,1.9761,1.7445,1.2134,0.43676,-0.30812,-1.5913,-3.2328,-5.2344,-6.8777,-8.8816,-9.5273,-8.9198,-7.5621,-6.2291,-5.3714,-5.0728,-5.0281,-5.3858,-5.8412,-6.5206,-7.0617,-7.1855,-6.8919,-6.2117,-5.3618,-4.7152,-3.9514,-3.354,-2.9833,-2.5701,-2.2437,-1.9732,-1.5044,-0.8603,-0.085467,0.54214,1.3866,2.1324,2.5738,2.9928,3.1942,3.1365,2.9004,2.3287,1.4131,0.45029,-1.2497,-3.5474,-5.7411,-8.6398,-8.761,-6.1267,-4.0197,-1.7217,0.021775,1.0702,2.1758,3.0053,3.4953,4.0013,4.3198,4.4747,4.4961,4.4247,4.2432,4.0557,3.7667,3.4895,3.2278,3.0424,2.8606,2.8198,2.7932,2.7581,2.7411,2.6623,2.5129,2.3827,2.1881,2.0025,1.856,1.9595,2.1871,2.6892,3.3983,3.9868,4.7032,5.2967,5.6991,5.854,5.8459,5.5773,5.2088,4.5046,3.5837,2.4963,1.6667,0.69533,0.056624,-0.14406,-0.072068,0.20767,0.4339,0.68817,0.85167,0.8948,0.85252,0.70636,0.48426,0.28294,-0.032904,-0.36882,-0.58937,-0.68851,-0.67347,-0.66421,-0.52927,-0.1701,0.19685,0.43875,0.7326,0.89364,0.89586
-2.3672,-2.0284,-1.4783,-0.8856,-0.45156,0.056388,0.44653,0.6248,0.7183,0.62144,0.32181,-0.028417,-0.61957,-1.2949,-1.781,-2.2767,-2.4425,-2.3728,-2.0721,-1.6261,-1.1649,-0.82291,-0.3702,0.10562,0.47821,0.99025,1.5081,1.8796,2.3201,2.6652,2.8899,2.9814,2.9918,2.8849,2.7306,2.4533,2.1303,1.8185,1.6034,1.4028,1.3194,1.3155,1.3964,1.4921,1.54,1.5205,1.3736,1.0728,0.7194,0.062457,-0.82579,-1.6497,-2.8386,-3.8197,-4.1616,-3.8433,-2.8995,-1.8351,-1.1413,-0.47211,-0.13707,-0.0855,-0.23885,-0.62994,-1.1857,-1.6457,-2.2193,-2.6038,-2.7035,-2.5498,-2.073,-1.6079,-0.95628,-0.3635,0.079671,0.29219,0.39779,0.27263,0.036094,-0.41696,-0.98898,-1.4927,-2.2598,-2.9751,-3.5785,-3.9667,-4.2928,-4.4011,-4.3333,-4.1193,-3.9016,-3.7381,-3.6805,-3.7118,-3.8919,-4.1218,-4.5063,-4.8753,-5.1517,-5.4188,-5.5264,-5.4428,-5.1942,-4.6181,-3.863,-3.2319,-2.3335,-1.4104,-0.75724,0.073128,0.84532,1.5556,2.0389,2.5874,3.0411,3.2897,3.4686,3.4703,3.2907,3.0356,2.5301,1.8194,1.1693,0.20888,-0.77914,-1.4937,-2.2973,-2.7503,-2.8544,-2.7536,-2.4408,-1.9612,-1.5401,-0.90832,-0.24039,0.24256,0.81616,1.2914,1.6375,1.8034,1.8955,1.8668,1.7705,1.5916,1.3878,1.1844,1.0834,1.1134,1.1965,1.2771,1.4682,1.6869,1.8644,2.1213,2.316,2.4616,2.604,2.8173,3.0305,3.2177,3.5148,3.8227,4.0308,4.258,4.3883,4.3682,4.2161,3.7946,3.0925,2.3392,0.96063,-0.96619,-3.6254,-6.3805,-11.871,-17.287,-13.255,-8.44,-5.624,-4.2311,-3.0123,-2.3145,-1.9939,-1.9592,-2.1772,-2.6901,-3.272,-4.3039,-5.6417,-6.8345,-8.4809,-9.215,-8.5413,-7.522,-6.0548,-4.776,-4.0464,-3.3265,-2.8462,-2.6854
-3.2024,-2.9551,-2.3611,-1.5906,-0.97171,-0.1824,0.51844,0.96961,1.4273,1.7411,1.9052,1.9368,1.8607,1.6752,1.4889,1.1556,0.74071,0.38564,-0.17524,-0.85853,-1.6664,-2.2978,-3.0158,-3.3191,-3.1264,-2.3671,-1.3139,-0.52448,0.41285,1.1707,1.7474,2.0775,2.3994,2.6175,2.7317,2.8215,2.8627,2.8466,2.8031,2.7349,2.6313,2.5385,2.3829,2.215,2.0888,1.911,1.7533,1.6114,1.5088,1.3804,1.2466,1.1547,1.0903,1.0736,1.109,1.2317,1.4073,1.5754,1.6546,1.6106,1.382,1.0534,0.33905,-0.71215,-2.1735,-3.6235,-6.0872,-8.9966,-10.536,-9.44,-6.6575,-4.7982,-2.9026,-1.6096,-0.81523,-0.49033,-0.41657,-0.71181,-1.1295,-1.9152,-2.9346,-3.724,-4.5469,-4.9786,-4.9436,-4.6568,-4.0787,-3.4744,-3.0534,-2.5528,-2.2338,-2.0698,-2.0378,-2.1798,-2.4924,-2.8561,-3.557,-4.5213,-5.4329,-6.9317,-8.679,-10.247,-10.625,-9.3706,-7.0524,-5.2931,-3.2723,-1.5826,-0.50677,0.70634,1.6954,2.5134,3.0213,3.5606,3.9344,4.1261,4.2521,4.2078,4.0065,3.7464,3.2416,2.5971,2.0259,1.1358,0.14813,-0.61756,-1.7373,-2.9234,-4.0792,-4.9341,-5.9218,-6.489,-6.4911,-5.8481,-4.6947,-3.7382,-2.5954,-1.6545,-0.98945,-0.68816,-0.56611,-0.74056,-1.0381,-1.6489,-2.427,-3.1262,-3.4267,-3.4294,-3.0114,-2.4006,-1.4615,-0.6361,-0.060458,0.5688,0.98313,1.3294,1.5751,1.8434,2.0754,2.278,2.6046,2.9337,3.1651,3.4437,3.612,3.6253,3.5091,3.1629,2.5492,1.8888,0.73104,-0.73976,-2.5406,-4.0369,-5.8361,-6.8425,-6.8539,-6.11,-5.1934,-4.5707,-3.8937,-3.4741,-3.3136,-3.3596,-3.6674,-4.3202,-5.0659,-6.4449,-8.4694,-10.708,-15.12,-18.484,-16.04,-12.457,-9.2246,-7.2267,-6.187,-5.4298,-5.2065,-5.2731
-10.852,-9.4999,-6.7981,-4.3515,-2.8459,-1.2119,0.088711,0.89143,1.7617,2.4273,2.9298,3.2056,3.4304,3.5052,3.4522,3.2158,2.7467,2.2166,1.2034,-0.28578,-2.4762,-4.8577,-10.091,-25.989,-16.286,-8.0461,-4.3128,-2.6221,-1.1678,-0.29335,0.2216,0.47935,0.77987,1.0923,1.365,1.7661,2.1206,2.3729,2.4795,2.4751,2.2743,2.0231,1.5508,0.99809,0.58493,0.13446,-0.079386,-0.011019,0.22683,0.71719,1.3044,1.7648,2.3509,2.8478,3.1804,3.5368,3.7887,3.9106,3.9018,3.7485,3.4109,3.0061,2.232,1.1718,-0.24653,-1.5957,-3.7869,-6.1176,-7.1854,-6.4896,-4.3751,-2.857,-1.2462,-0.15231,0.45436,0.61078,0.4065,-0.25375,-1.0786,-2.7857,-5.3981,-8.2065,-14.316,-19.317,-11.603,-8.1113,-5.1817,-3.3136,-2.3662,-1.5039,-0.95466,-0.67247,-0.61926,-0.75582,-1.0861,-1.4566,-2.1834,-3.217,-4.2469,-6.0752,-8.6018,-11.791,-13.09,-10.544,-7.0414,-4.8561,-2.5317,-0.78308,0.2636,1.4006,2.3062,3.0239,3.4699,3.9687,4.3171,4.4955,4.6253,4.5993,4.3963,4.1299,3.5915,2.8844,2.2273,1.1484,-0.12044,-1.1659,-2.7533,-4.661,-6.9153,-9.0318,-13.021,-20.915,-33.307,-15.759,-10.166,-7.5593,-5.1227,-3.4704,-2.4387,-2.0093,-1.8796,-2.2838,-2.9855,-4.5599,-7.1254,-11.454,-17.564,-18.786,-10.988,-7.6367,-4.7576,-2.9762,-2.089,-1.39,-1.0507,-0.90843,-0.99877,-1.208,-1.2826,-1.1381,-0.66722,0.10345,0.78067,1.6736,2.4147,2.9182,3.1415,3.2072,2.9925,2.6655,2.0204,1.169,0.16049,-0.61941,-1.6507,-2.6218,-3.2321,-3.8321,-4.211,-4.3694,-4.4068,-4.3111,-4.1874,-4.1351,-4.1784,-4.3796,-4.6715,-5.2294,-5.844,-6.3003,-7.0059,-7.1724,-6.7748,-6.4183,-5.831,-5.314,-4.9676,-4.8171,-5.2324,-6.0927
-12.309,-11.082,-8.4991,-6.1832,-4.7468,-3.1735,-1.8952,-1.0842,-0.15231,0.67998,1.4126,1.9044,2.4792,2.9307,3.1639,3.3298,3.2835,3.083,2.5714,1.7842,0.72624,-0.1932,-1.3759,-2.1859,-2.3525,-2.0836,-1.6948,-1.5458,-1.7072,-2.4066,-3.6406,-4.8082,-6.0407,-5.7582,-4.5745,-2.7411,-1.2615,-0.28664,0.10554,0.17806,-0.2121,-0.80904,-2.0139,-3.7673,-5.456,-8.0368,-9.8954,-8.9346,-7.0341,-4.5002,-2.3832,-1.0575,0.36957,1.5117,2.2065,2.9251,3.4202,3.7106,3.8007,3.7746,3.5713,3.3206,2.8896,2.3506,1.7522,1.3125,0.78518,0.42864,0.32638,0.41952,0.72022,1.0348,1.4567,1.7706,1.9027,1.8406,1.5341,0.93107,0.25278,-0.90757,-2.3311,-3.5361,-4.8308,-5.3053,-4.8824,-4.1332,-3.0798,-2.2218,-1.728,-1.3435,-1.1776,-1.2006,-1.3188,-1.5231,-1.7846,-1.9941,-2.2475,-2.5168,-2.7394,-3.0604,-3.3225,-3.3969,-3.2904,-2.925,-2.2818,-1.7524,-1.0843,-0.4955,-0.15398,0.19867,0.49097,0.79187,1.0501,1.4572,1.9232,2.2409,2.5565,2.7173,2.6533,2.4413,1.945,1.1315,0.33977,-0.9392,-2.5304,-3.903,-5.7904,-7.7269,-9.526,-10.612,-11.593,-11.905,-11.559,-10.294,-8.4731,-7.0892,-5.4257,-4.0663,-3.12,-2.681,-2.4462,-2.6221,-3.0337,-3.9225,-5.152,-6.4421,-7.064,-7.3403,-6.8151,-5.9251,-4.9329,-4.1684,-3.8152,-3.7207,-3.9169,-4.7583,-5.9024,-8.216,-11.863,-14.804,-12.103,-7.2653,-4.5747,-2.0159,-0.25262,0.95112,1.5418,1.9686,2.0553,1.9232,1.4905,0.77579,-0.17873,-1.0575,-2.497,-4.1736,-5.6253,-7.8138,-9.787,-10.652,-10.462,-9.2701,-8.0019,-7.2891,-6.6715,-6.3735,-6.3114,-6.4357,-6.575,-6.548,-6.454,-6.3749,-5.8201,-5.4241,-4.9532,-4.5333,-4.4349,-4.4363,-4.69,-5.4345
-7.6824,-7.807,-7.6498,-7.2292,-6.825,-6.2631,-5.7127,-5.3167,-4.7542,-4.0269,-3.0871,-2.2586,-1.0491,0.13899,0.94319,1.8464,2.5311,2.8899,3.1766,3.2502,3.1461,2.987,2.7094,2.3738,2.0962,1.6712,1.0956,0.50941,-0.59516,-2.2289,-4.6349,-7.1016,-10.714,-10.402,-7.7625,-4.7917,-2.8722,-1.787,-1.4211,-1.4523,-2.0212,-2.807,-4.3339,-6.5096,-8.5836,-11.842,-14.219,-13.325,-11.252,-8.4574,-5.9811,-4.3975,-2.6073,-1.1127,-0.2098,0.71092,1.339,1.6973,1.8034,1.743,1.4988,1.2429,0.85643,0.4807,0.21418,0.12179,0.14883,0.32262,0.528,0.86872,1.2223,1.4792,1.7612,1.9463,2.007,1.9602,1.7842,1.45,1.1177,0.62787,0.06221,-0.3677,-0.80921,-1.1841,-1.4091,-1.5071,-1.6488,-1.863,-2.0902,-2.5383,-3.224,-4.1219,-4.871,-5.785,-6.3614,-6.398,-5.89,-5.0382,-4.3526,-3.5004,-2.8098,-2.2371,-1.9016,-1.6026,-1.4253,-1.4131,-1.635,-2.1421,-2.732,-3.8407,-5.1739,-6.2227,-6.2975,-5.2959,-3.6731,-2.5118,-1.3065,-0.54063,-0.19425,-0.21303,-0.59592,-1.4176,-2.3081,-3.8732,-6.0195,-8.0826,-11.464,-16.058,-21.356,-21.177,-17.148,-13.956,-12.095,-10.01,-8.2546,-7.0703,-5.6362,-4.4781,-3.5985,-3.121,-2.7565,-2.6767,-2.7731,-3.0911,-3.6031,-4.1751,-4.578,-5.1868,-5.4747,-5.569,-5.7818,-5.8425,-5.8669,-5.8505,-6.0714,-6.6426,-7.1355,-8.1596,-9.273,-9.4905,-8.5853,-6.6046,-5.0036,-3.1428,-1.7141,-0.66038,-0.12488,0.27655,0.37881,0.25307,-0.17136,-0.85285,-1.8224,-2.7801,-4.3335,-6.3357,-8.2909,-11.716,-16.314,-19.344,-16.93,-13.17,-10.882,-9.852,-9.1704,-9.2089,-9.635,-10.616,-12.025,-12.919,-12.511,-10.927,-9.2131,-7.9279,-6.4703,-5.401,-4.9164,-4.5969,-4.4403,-4.5969
-11.398,-11.958,-12.205,-11.988,-11.732,-11.541,-11.786,-12.362,-13.695,-15.036,-13.581,-10.804,-7.1458,-4.2008,-2.4051,-0.50334,0.95229,1.8025,2.6686,3.2658,3.6426,3.8007,3.8635,3.7893,3.6443,3.331,2.8889,2.4648,1.7763,0.9817,0.14835,-0.42936,-1.0054,-1.2463,-1.2229,-1.0508,-0.87092,-0.85039,-0.99831,-1.429,-2.197,-3.0155,-4.4258,-6.1438,-7.6363,-9.7635,-11.943,-13.592,-13.848,-12.353,-9.779,-7.8683,-5.6223,-3.8236,-2.8027,-1.8189,-1.2367,-1.0444,-1.1451,-1.6033,-2.399,-3.2144,-4.4861,-5.6746,-6.2734,-6.1016,-5.1621,-3.9191,-3.0112,-1.944,-1.0773,-0.57482,-0.083985,0.23017,0.37632,0.39168,0.28821,0.081944,-0.1188,-0.46219,-0.81367,-1.0632,-1.4272,-1.7588,-2.0406,-2.2947,-2.6771,-3.1909,-3.7329,-4.6711,-6.0471,-8.0405,-10.203,-14.854,-25.745,-23.51,-13.921,-9.5541,-7.4244,-5.3889,-3.9529,-2.9757,-2.4686,-2.033,-1.9397,-2.0794,-2.5714,-3.5365,-4.6227,-6.7617,-10.124,-15.193,-17.042,-11.962,-7.8525,-5.8478,-4.0252,-2.9232,-2.383,-2.2894,-2.5503,-3.1897,-3.9698,-5.3863,-7.185,-8.8855,-11.472,-14.129,-16.217,-16.649,-15.878,-14.346,-13.079,-11.27,-9.4993,-8.2486,-6.726,-5.474,-4.4795,-3.9182,-3.447,-3.2783,-3.3498,-3.719,-4.3429,-5.2765,-6.1729,-7.4285,-8.8456,-10.021,-10.922,-11.026,-10.612,-9.7169,-8.953,-8.1559,-7.648,-7.1607,-6.6265,-6.1557,-5.4822,-4.6695,-4.0324,-3.2307,-2.5282,-2.0283,-1.7877,-1.6549,-1.7607,-1.9952,-2.4763,-3.1477,-3.9804,-4.6613,-5.6567,-6.7255,-7.4989,-8.4559,-9.1926,-9.4843,-9.5458,-9.3029,-9.0029,-8.8838,-9.0047,-9.6313,-10.526,-12.414,-15.609,-18.822,-19.018,-14.789,-10.963,-9.0749,-7.2045,-6.0492,-5.4077,-4.9413,-4.8709,-4.9655
-22.176,-28.431,-24.719,-19.096,-16.764,-14.97,-14.308,-14.392,-15.236,-16.069,-14.632,-12.074,-8.491,-5.481,-3.6342,-1.6017,-0.0092898,0.95379,1.9597,2.7068,3.2434,3.519,3.7362,3.8135,3.7884,3.658,3.4357,3.2136,2.8692,2.4852,2.0904,1.8052,1.4526,1.1505,0.94057,0.67682,0.38961,0.019754,-0.33087,-0.94213,-1.748,-2.4978,-3.74,-5.2757,-6.7,-9.0855,-12.216,-16.223,-18.131,-15.127,-11.124,-8.8523,-6.5451,-4.8942,-4.0223,-3.233,-2.875,-2.9409,-3.2698,-4.1167,-5.5275,-7.09,-10.181,-15.571,-28.223,-19.421,-12.226,-8.5609,-6.7413,-5.0606,-3.9073,-3.3136,-2.7821,-2.493,-2.4096,-2.4632,-2.685,-3.0152,-3.3301,-3.8261,-4.2899,-4.5878,-4.9309,-5.0613,-5.117,-5.1342,-5.1452,-5.25,-5.4729,-5.967,-6.685,-7.6589,-8.5308,-9.6285,-10.229,-10.122,-9.1755,-7.7889,-6.7052,-5.39,-4.2728,-3.3833,-2.8831,-2.4064,-2.1895,-2.1879,-2.3809,-2.8198,-3.296,-4.0387,-4.7972,-5.3573,-5.4799,-5.3005,-4.7703,-4.3199,-3.7723,-3.3649,-3.1725,-3.1834,-3.4215,-3.8989,-4.4598,-5.4438,-6.643,-7.7591,-9.4538,-11.266,-13.313,-14.943,-17.169,-18.52,-17.82,-15.105,-12.086,-10.092,-7.9561,-6.3146,-5.0796,-4.4331,-3.8728,-3.6776,-3.7768,-4.2343,-5.0664,-6.3774,-7.7035,-10.068,-13.845,-17.757,-29.676,-24.113,-18.15,-14.301,-12.087,-10.412,-9.5981,-8.6209,-7.6829,-7.088,-6.2953,-5.5207,-5.0176,-4.4634,-4.0339,-3.8123,-3.7931,-3.9567,-4.3872,-4.8553,-5.6546,-6.6191,-7.6102,-8.2881,-9.0021,-9.3412,-9.3474,-9.1954,-8.9083,-8.6055,-8.1839,-7.8069,-7.4926,-7.3377,-7.2847,-7.3761,-7.5549,-7.8887,-8.1239,-8.3185,-7.9794,-7.4419,-6.7691,-6.1536,-5.4858,-5.107,-4.982,-5.0146,-5.4692,-6.189
-15.618,-16.194,-15.917,-14.682,-13.572,-12.203,-11.018,-10.286,-9.331,-8.2925,-7.0848,-6.0379,-4.5423,-3.0352,-1.9576,-0.66964,0.44002,1.1422,1.9049,2.4791,2.8856,3.0934,3.2633,3.3205,3.3065,3.2282,3.0875,2.9523,2.7396,2.4961,2.2342,2.0329,1.7616,1.4841,1.2783,1.0001,0.70352,0.37663,0.099476,-0.34519,-0.86694,-1.3211,-2.0201,-2.8369,-3.4936,-4.3978,-5.2108,-5.7964,-5.9582,-5.7676,-5.2104,-4.6808,-3.942,-3.3402,-2.9904,-2.7108,-2.6613,-2.8535,-3.1633,-3.7997,-4.6989,-5.4798,-6.6313,-7.6704,-8.2311,-8.2227,-7.6885,-6.9153,-6.3408,-5.7078,-5.2799,-5.0906,-4.9854,-5.0484,-5.254,-5.5133,-5.9967,-6.705,-7.4161,-8.5436,-9.9364,-10.969,-11.728,-11.432,-10.309,-9.2662,-8.061,-7.1671,-6.6862,-6.365,-6.2811,-6.3988,-6.5278,-6.7235,-6.8309,-6.7795,-6.5446,-6.0888,-5.6096,-4.877,-4.1082,-3.3457,-2.8304,-2.2807,-1.8666,-1.6721,-1.5764,-1.627,-1.7567,-2.0273,-2.3464,-2.6769,-2.887,-3.1173,-3.2956,-3.3616,-3.4036,-3.4156,-3.4175,-3.4403,-3.5441,-3.7925,-4.0538,-4.583,-5.3387,-6.0275,-7.2378,-8.7216,-10.598,-12.369,-15.205,-17.483,-16.916,-13.698,-10.559,-8.6135,-6.565,-4.9992,-3.8566,-3.2476,-2.7364,-2.5541,-2.6264,-2.9859,-3.689,-4.6807,-5.667,-7.2605,-8.86,-10.241,-11.581,-12.257,-12.335,-12.263,-11.99,-11.739,-11.596,-11.041,-10.211,-9.4654,-8.326,-7.2622,-6.5778,-5.8225,-5.3545,-5.1497,-5.1975,-5.5761,-6.3133,-7.1301,-8.6643,-10.765,-13.553,-16.086,-18.453,-17.057,-14.963,-12.464,-10.526,-9.4108,-8.1878,-7.2273,-6.4557,-5.9745,-5.4524,-5.0223,-4.7639,-4.477,-4.1938,-4.0078,-3.8112,-3.4874,-3.2831,-3.1347,-3.0775,-3.1282,-3.3543,-3.8861,-4.7059,-6.0328
-10.384,-10.264,-9.9101,-9.3521,-8.8205,-8.0007,-7.1031,-6.3818,-5.3971,-4.3864,-3.3508,-2.5716,-1.5465,-0.56943,0.10908,0.91195,1.566,1.9506,2.3287,2.553,2.6288,2.6123,2.5223,2.3858,2.2725,2.1218,1.9779,1.8721,1.7122,1.5272,1.3092,1.124,0.86644,0.61164,0.44296,0.24948,0.10394,0.0072455,-0.052278,-0.11292,-0.20337,-0.29488,-0.45221,-0.64931,-0.81156,-1.0257,-1.2312,-1.3657,-1.4232,-1.4338,-1.3897,-1.3203,-1.2444,-1.2065,-1.2135,-1.3132,-1.5042,-1.7812,-2.0446,-2.4607,-2.9072,-3.2561,-3.7054,-4.0962,-4.4163,-4.6055,-4.8187,-5.023,-5.2311,-5.5852,-6.0669,-6.4819,-7.0801,-7.6303,-8.0672,-8.3252,-8.6784,-9.2509,-9.9337,-11.47,-14.12,-17.455,-25.601,-20.527,-14.21,-11.285,-8.7398,-7.1087,-6.2932,-5.5885,-5.3111,-5.335,-5.5231,-5.9584,-6.516,-6.922,-7.2916,-7.2435,-6.8654,-5.9439,-4.7646,-3.5845,-2.765,-1.8405,-1.1355,-0.75197,-0.44277,-0.34878,-0.40347,-0.6439,-1.0569,-1.6139,-2.1395,-2.8835,-3.6566,-4.1757,-4.6533,-4.7895,-4.5748,-4.2628,-3.7825,-3.372,-3.1563,-3.0365,-3.1329,-3.31,-3.6926,-4.2338,-4.8191,-5.237,-5.6374,-5.7309,-5.5223,-4.93,-4.0428,-3.3186,-2.3606,-1.4855,-0.78432,-0.372,-0.018041,0.11959,0.080743,-0.17286,-0.64415,-1.3154,-1.9377,-2.8714,-4.0033,-4.8712,-6.0388,-7.3294,-8.4062,-10.002,-12.042,-14.974,-17.34,-19.205,-16.456,-13.588,-10.563,-8.4559,-7.2411,-6.0587,-5.3235,-4.973,-4.9497,-5.2434,-5.9063,-6.6928,-8.1273,-10.107,-12.637,-14.702,-16.589,-15.619,-13.929,-11.727,-9.9139,-8.7759,-7.5046,-6.3774,-5.374,-4.6894,-3.8419,-3.1096,-2.6184,-2.0294,-1.573,-1.2203,-0.88908,-0.66175,-0.43775,-0.39135,-0.39835,-0.52354,-0.70196,-1.1193,-1.6831,-2.4734
-8.0535,-7.7589,-7.2929,-6.7293,-6.2448,-5.4983,-4.6654,-3.9636,-2.9767,-1.9602,-0.92882,-0.18395,0.7452,1.5706,2.0816,2.6254,2.964,3.0713,3.0108,2.7203,2.2173,1.7289,0.99845,0.32983,-0.038729,-0.28695,-0.28133,-0.20174,-0.12207,-0.16358,-0.38711,-0.66818,-1.1523,-1.6509,-1.9614,-2.1698,-2.0748,-1.7345,-1.3711,-0.83486,-0.33639,-0.0047486,0.36571,0.66261,0.82325,0.97956,1.0736,1.1287,1.1308,1.0977,1.0057,0.90277,0.68925,0.4242,0.16828,-0.23384,-0.68625,-1.1569,-1.4912,-1.8724,-2.1456,-2.3037,-2.4258,-2.5179,-2.6355,-2.7643,-3.0786,-3.5912,-4.1661,-5.2439,-6.7737,-8.2892,-10.827,-13.348,-13.884,-12.7,-10.801,-9.3845,-8.7339,-8.4017,-8.3209,-8.4263,-8.2511,-7.616,-6.5831,-5.6506,-4.5655,-3.6542,-3.2008,-2.8467,-2.8466,-3.2006,-3.7643,-4.9189,-6.7616,-8.7897,-12.846,-17.642,-15.135,-9.6208,-5.9107,-3.3666,-1.969,-0.54582,0.44489,0.94997,1.3711,1.493,1.411,1.0633,0.43028,-0.51998,-1.4975,-3.2074,-5.5412,-7.8511,-11.264,-11.857,-8.7469,-6.4523,-4.1296,-2.4765,-1.626,-0.83892,-0.36207,-0.19715,-0.096945,-0.15177,-0.24913,-0.30784,-0.3257,-0.22997,-0.052996,0.30676,0.79306,1.2119,1.7896,2.3436,2.8225,3.1124,3.3882,3.5124,3.4987,3.333,3.0076,2.5027,2.0375,1.2863,0.34871,-0.35946,-1.5638,-2.8668,-4.0026,-5.7066,-7.8543,-10.123,-11.913,-12.973,-11.709,-10.04,-7.8334,-6.1056,-5.049,-4.032,-3.3282,-2.9485,-2.8604,-2.9591,-3.3285,-3.7577,-4.4938,-5.3795,-6.2802,-6.9262,-7.5967,-7.98,-8.1247,-8.056,-7.8598,-7.5203,-6.8553,-5.8987,-4.7489,-3.8423,-2.652,-1.5636,-0.84012,-0.004,0.6328,1.0228,1.4927,1.7414,1.9496,2.0306,2.1181,2.105,2.1041,2.0456,1.9241,1.8006
-8.0804,-7.6739,-7.1892,-6.7269,-6.3501,-5.7202,-4.8476,-4.0387,-2.7375,-1.3253,0.082018,1.0748,2.2535,3.219,3.7772,4.2789,4.4881,4.427,4.0099,3.149,1.7739,0.32024,-2.3312,-5.7719,-7.9695,-7.3855,-4.8244,-3.3296,-2.1301,-1.7397,-2.0592,-2.7426,-4.2586,-6.4654,-8.364,-9.859,-8.5782,-6.2049,-4.5735,-2.8293,-1.4919,-0.67174,0.20484,0.89041,1.303,1.7279,2.0457,2.2258,2.2929,2.2763,2.1411,1.9365,1.5454,0.98891,0.44373,-0.41671,-1.434,-2.5424,-3.3221,-4.0515,-4.2246,-3.9446,-3.2387,-2.4726,-1.8415,-1.528,-1.3791,-1.5878,-1.984,-2.9538,-4.4641,-6.0601,-8.8638,-12.031,-12.52,-10.569,-7.8003,-5.7202,-4.6217,-3.5308,-2.7287,-2.2629,-1.6887,-1.1812,-0.60518,-0.21997,0.25141,0.63241,0.83264,0.90552,0.78663,0.40055,-0.079163,-0.99405,-2.2546,-3.4134,-4.9444,-5.691,-5.2364,-3.5484,-1.6097,0.083338,1.1293,2.2208,2.9953,3.3822,3.6723,3.725,3.607,3.2464,2.6437,1.7745,0.92061,-0.58367,-2.5131,-4.2424,-6.3738,-6.6206,-4.6607,-2.8868,-0.87307,0.63814,1.455,2.202,2.6354,2.7672,2.7483,2.593,2.3449,2.1569,1.9854,1.9979,2.1532,2.5802,3.1711,3.6865,4.4013,5.0578,5.634,5.9789,6.3159,6.5027,6.5396,6.457,6.2251,5.8403,5.4625,4.8202,4.1133,3.4405,2.4776,1.438,0.60721,-0.57992,-1.6348,-2.6666,-3.201,-3.5388,-3.5541,-3.2446,-2.7298,-2.0635,-1.5767,-1.0201,-0.60428,-0.35969,-0.28684,-0.34208,-0.54656,-0.77415,-1.1903,-1.6983,-2.3253,-2.8551,-3.6517,-4.6726,-5.5984,-7.1494,-9.1319,-10.687,-11.282,-9.1856,-6.2287,-4.2326,-2.0596,-0.36729,0.63838,1.6445,2.4131,2.749,3.0482,3.2305,3.2091,3.2175,3.2306,3.3134,3.4509,3.7623,4.1177,4.5226
-11.181,-10.431,-10.12,-10.519,-11.188,-12.193,-11.966,-10.286,-7.1991,-4.18,-1.6304,-0.026533,1.7397,3.0984,3.8857,4.6037,4.9501,4.9601,4.6208,3.8362,2.5209,1.1549,-1.2439,-4.0961,-5.7259,-5.5397,-3.8063,-2.6919,-1.8166,-1.6977,-2.2952,-3.2188,-5.1517,-8.0194,-10.695,-13.208,-11.534,-8.7906,-7.1232,-5.4486,-4.1277,-3.3036,-2.3218,-1.5,-0.94698,-0.32697,0.14279,0.46058,0.60953,0.66803,0.56778,0.37883,-0.045206,-0.74879,-1.451,-2.7643,-4.6191,-7.3303,-10.359,-17.28,-17.862,-11.965,-7.2981,-4.4322,-2.5252,-1.5537,-0.67937,-0.2296,-0.13067,-0.26478,-0.66078,-1.0401,-1.6005,-2.0027,-2.1107,-1.9848,-1.5883,-1.0881,-0.72395,-0.22561,0.15381,0.46807,0.823,1.1848,1.5354,1.769,2.1031,2.349,2.5026,2.6232,2.6298,2.5184,2.38,2.0871,1.7839,1.5595,1.3528,1.3406,1.4818,1.8542,2.3794,2.9238,3.3097,3.7217,3.9842,4.0979,4.0925,3.9609,3.7848,3.4772,3.1059,2.6968,2.3899,1.9754,1.6187,1.4251,1.3353,1.5277,1.9843,2.428,3.0597,3.5795,3.871,4.0731,3.9881,3.777,3.2013,2.3393,1.1743,0.14556,-1.2136,-2.0055,-1.8259,-0.6239,1.0436,2.2636,3.6924,4.8511,5.7445,6.2546,6.73,6.9994,7.0791,7.0349,6.8316,6.5089,6.1699,5.6432,4.9761,4.4029,3.6163,2.644,1.879,0.81204,-0.28794,-1.3282,-1.9258,-2.5098,-2.5858,-2.4044,-1.9243,-1.3054,-0.90372,-0.44055,-0.17843,-0.10188,-0.1484,-0.33152,-0.55254,-0.72824,-0.93231,-1.1253,-1.3797,-1.6396,-2.2149,-3.0683,-4.0041,-5.756,-8.1801,-10.4,-11.758,-9.06,-5.6456,-3.5578,-1.3964,0.19555,1.0865,1.9324,2.4012,2.5699,2.3645,1.9083,1.143,0.4441,-0.42621,-0.6068,-0.20111,0.9407,2.3943,3.6868
-12.009,-11.904,-12.336,-13.528,-15.044,-17.926,-19.317,-16.373,-11.362,-7.3563,-4.2535,-2.3668,-0.31809,1.2878,2.2269,3.1691,3.7607,3.989,4.0271,3.7799,3.2853,2.7811,2.0227,1.2783,0.80954,0.36881,0.089113,-0.081139,-0.40022,-0.91556,-1.693,-2.4582,-3.6832,-5.0684,-6.1236,-7.4026,-8.4708,-9.3436,-9.8983,-10.398,-10.243,-9.75,-8.6874,-7.49,-6.7064,-5.8414,-5.2345,-4.7639,-4.523,-4.2962,-4.207,-4.2116,-4.4059,-4.7687,-5.2144,-6.0377,-7.1213,-8.4123,-9.4081,-10.288,-9.9872,-8.883,-6.9389,-5.0246,-3.4247,-2.4434,-1.4343,-0.71263,-0.36074,-0.059843,0.058025,0.047229,-0.037611,-0.17094,-0.32135,-0.43116,-0.58482,-0.75924,-0.87721,-1.0708,-1.2243,-1.3122,-1.3324,-1.1853,-0.96217,-0.69337,-0.32396,0.059093,0.29826,0.59355,0.79405,0.93592,0.99201,1.0407,1.0537,1.0792,1.1225,1.2027,1.3063,1.4633,1.6233,1.7737,1.8267,1.8114,1.6657,1.4501,1.0384,0.48257,0.029486,-0.5345,-0.89632,-0.94304,-0.75828,-0.26045,0.34593,0.8341,1.4743,2.0692,2.6025,2.9463,3.2896,3.4899,3.5219,3.3705,2.9692,2.47,1.5142,0.080276,-1.9765,-4.1633,-8.6933,-17.575,-15.738,-7.6183,-3.4009,-1.2732,0.74738,2.1885,3.1819,3.7024,4.1479,4.3408,4.3449,4.188,3.8841,3.4706,3.1184,2.6091,2.0212,1.6191,0.89147,0.06136,-0.71906,-2.0176,-3.8195,-6.001,-8.2195,-10.775,-10.556,-8.792,-6.2331,-4.3984,-3.4648,-2.7624,-2.6069,-2.9543,-3.5164,-4.5179,-5.5473,-5.9918,-5.8022,-4.9682,-3.9872,-3.4193,-2.9474,-2.8053,-2.8929,-3.1945,-3.5572,-3.7655,-3.7682,-3.4127,-2.7424,-2.1265,-1.2899,-0.50262,-0.039125,0.42773,0.5464,0.44484,-0.046291,-1.2158,-3.1045,-5.4678,-11.04,-35.252,-13.15,-5.738,-2.0092,0.42062
-9.7494,-10.586,-11.78,-12.885,-13.44,-13.529,-12.65,-11.384,-9.282,-6.9419,-4.7323,-3.2067,-1.4404,0.048264,0.95852,1.9314,2.6463,3.0203,3.3196,3.4133,3.3478,3.195,2.9105,2.5486,2.2492,1.8231,1.3573,0.97663,0.38357,-0.30507,-1.1303,-1.8667,-2.9822,-4.2729,-5.3799,-7.0984,-9.244,-12.105,-15.105,-21.854,-32.137,-21.79,-16.341,-13.61,-12.503,-11.788,-11.574,-11.486,-11.357,-10.918,-10.297,-9.8491,-9.4624,-9.2786,-9.3637,-9.5733,-9.8283,-9.9064,-9.7541,-9.1944,-8.3131,-7.4386,-6.226,-4.973,-3.84,-3.0784,-2.2275,-1.5709,-1.1978,-0.85323,-0.65303,-0.59604,-0.61194,-0.76251,-1.0412,-1.3428,-1.891,-2.6251,-3.3042,-4.4202,-5.5517,-6.4468,-7.2143,-7.254,-6.6701,-5.9438,-5.0493,-4.2012,-3.7104,-3.1982,-2.8195,-2.5441,-2.4163,-2.2514,-2.1612,-2.0802,-1.9633,-1.817,-1.6897,-1.4966,-1.3387,-1.2275,-1.223,-1.3614,-1.7125,-2.201,-3.1372,-4.5658,-6.0125,-8.516,-10.969,-10.634,-8.5731,-5.6317,-3.2779,-1.9042,-0.43255,0.66246,1.4576,1.8955,2.2666,2.4367,2.4131,2.1923,1.7868,1.3164,0.55167,-0.43474,-1.5611,-2.4504,-3.5152,-4.1141,-4.0846,-3.4437,-2.4158,-1.6011,-0.61894,0.18464,0.72883,0.97375,1.0732,0.91624,0.63901,0.078206,-0.65849,-1.5118,-2.0939,-2.7431,-3.0025,-3.0468,-3.1276,-3.1454,-3.4008,-4.1016,-5.2852,-7.2483,-9.1225,-11.631,-11.193,-9.1813,-6.5144,-4.699,-3.803,-3.2669,-3.4208,-4.3434,-5.6512,-8.6019,-14.387,-25.908,-16.045,-9.3604,-6.0165,-4.4802,-3.1534,-2.4458,-2.1888,-2.1246,-2.2968,-2.4985,-2.8201,-3.095,-3.2245,-3.1685,-2.8686,-2.3559,-1.9069,-1.3436,-0.93533,-0.86029,-0.88033,-1.3645,-2.1113,-2.7827,-3.6933,-3.9643,-3.7222,-2.7505,-1.5942,-0.51541
-7.2222,-8.9096,-11.838,-16.094,-20.567,-21.317,-15.351,-12.083,-8.7849,-6.238,-4.1877,-2.8908,-1.4018,-0.16427,0.62144,1.4892,2.1678,2.5656,2.944,3.162,3.2276,3.1919,3.0391,2.7884,2.5497,2.1643,1.7134,1.3285,0.76104,0.11908,-0.61175,-1.2279,-2.1565,-3.2215,-4.133,-5.5315,-7.1561,-9.013,-10.509,-12.38,-13.344,-13.536,-13.264,-13.181,-13.518,-14.76,-17.222,-21.903,-25.213,-20.99,-16.462,-14.504,-13.003,-12.619,-12.867,-13.859,-15.279,-15.932,-14.982,-12.55,-10.031,-8.3899,-6.5815,-5.1449,-4.034,-3.3803,-2.7237,-2.2773,-2.0224,-1.8023,-1.6674,-1.5922,-1.5717,-1.6556,-1.8963,-2.2285,-2.9261,-4.0036,-5.1682,-7.2931,-10.533,-14.259,-24.269,-21.359,-14.194,-11.526,-9.4086,-8.196,-7.5865,-7.1253,-6.8287,-6.6625,-6.5803,-6.5442,-6.5513,-6.5944,-6.6009,-6.4647,-6.237,-5.7611,-5.1499,-4.5932,-4.2531,-4.0147,-4.0807,-4.3587,-5.0923,-6.3325,-7.676,-10.016,-12.354,-11.97,-9.6627,-6.5179,-4.0088,-2.5271,-0.98651,0.15153,0.94895,1.3515,1.6707,1.747,1.6641,1.3864,0.95112,0.53427,-0.093021,-0.74757,-1.3824,-1.7947,-2.2138,-2.4406,-2.4673,-2.3387,-2.0321,-1.7681,-1.4007,-1.1228,-0.96542,-0.97776,-1.2227,-1.7545,-2.3814,-3.6054,-5.3467,-7.8143,-10.211,-13.204,-12.26,-10.038,-7.1271,-5.1734,-4.1525,-3.2754,-2.7862,-2.6141,-2.4829,-2.3568,-1.9558,-1.5773,-0.92115,-0.3831,-0.088527,0.041993,-0.15095,-0.69013,-1.2944,-2.2862,-3.1841,-3.5618,-3.3778,-2.6245,-1.6895,-1.0994,-0.52183,-0.28042,-0.30254,-0.62181,-1.2895,-2.0227,-3.3675,-5.1198,-7.1272,-8.2854,-8.132,-6.2977,-4.6612,-2.8567,-1.4444,-0.73536,-0.1564,0.16394,0.19613,0.13359,-0.045108,-0.25258,-0.3536,-0.51311,-0.60964,-0.73226
-2.6804,-3.9879,-5.9702,-8.0379,-9.2407,-9.5112,-8.2207,-6.862,-5.1366,-3.6804,-2.4685,-1.7005,-0.80232,-0.014164,0.5232,1.1937,1.7812,2.1502,2.5325,2.7703,2.84,2.8052,2.6297,2.3498,2.0801,1.6736,1.2329,0.89003,0.42625,-0.069282,-0.58686,-0.98172,-1.5534,-2.1822,-2.6902,-3.4023,-4.1734,-4.9489,-5.5392,-6.2603,-6.9592,-7.3999,-7.9935,-8.7389,-9.4473,-10.683,-12.336,-13.862,-14.44,-13.773,-12.375,-11.495,-10.743,-10.814,-11.388,-13.168,-16.167,-18.895,-16.886,-12.418,-8.9758,-7.1296,-5.3213,-4.1092,-3.3563,-3.0556,-2.9589,-3.1038,-3.3228,-3.5731,-3.6351,-3.4954,-3.1177,-2.6585,-2.3296,-2.2486,-2.4349,-3.032,-3.7276,-5.0628,-6.749,-8.1154,-9.6218,-10.255,-9.9868,-9.8002,-9.6851,-9.9924,-10.465,-11.129,-11.614,-11.663,-11.454,-11.383,-11.629,-12.249,-13.56,-14.72,-14.41,-12.32,-9.818,-7.7897,-6.6782,-5.6176,-5.0137,-4.7493,-4.6885,-4.7755,-4.8905,-4.9918,-4.8657,-4.3237,-3.7229,-2.6857,-1.5934,-0.78677,0.12273,0.84118,1.3393,1.5478,1.6138,1.4224,1.1395,0.57671,-0.18565,-0.80593,-1.7205,-2.5478,-3.2354,-3.6119,-3.9115,-4.0096,-3.968,-3.7753,-3.4961,-3.2229,-2.8516,-2.5589,-2.3819,-2.377,-2.5683,-3.0474,-3.6213,-4.7283,-6.2493,-8.2736,-10.032,-11.938,-10.795,-8.8997,-5.863,-3.5273,-2.0699,-0.49832,0.67065,1.6506,2.1952,2.8772,3.415,3.7899,4.187,4.5055,4.6458,4.723,4.6568,4.4757,4.2794,3.9938,3.7249,3.5831,3.4783,3.4638,3.4714,3.4697,3.3718,3.1343,2.8151,2.169,1.2047,0.2045,-1.5832,-4.1466,-7.8387,-11.093,-10.87,-6.5548,-3.9907,-1.4887,0.16056,1.1052,1.8905,2.3582,2.5146,2.4393,2.1977,1.6786,1.194,0.32815,-0.75491,-2.0399
2.1588,1.553,0.76417,0.074521,-0.32663,-0.65475,-0.78808,-0.79699,-0.80543,-0.89193,-1.0852,-1.2633,-1.4726,-1.4319,-1.151,-0.49521,0.3149,0.87669,1.4507,1.7578,1.7911,1.6248,1.2118,0.62671,0.13473,-0.49738,-1.0314,-1.3431,-1.6846,-1.9559,-2.2,-2.3719,-2.55,-2.663,-2.6972,-2.7143,-2.7305,-2.8028,-2.8777,-3.0359,-3.269,-3.4591,-3.7874,-4.1202,-4.3956,-4.7683,-5.0922,-5.3253,-5.376,-5.2892,-5.0716,-4.8726,-4.7339,-4.7045,-4.8412,-5.0512,-5.2077,-5.0836,-4.7383,-4.0082,-3.145,-2.5399,-1.9007,-1.5687,-1.6102,-1.9382,-2.8247,-4.3581,-6.0799,-9.1172,-11.413,-10.202,-6.8315,-4.15,-2.3547,-1.4659,-0.7849,-0.56901,-0.664,-1.0818,-1.7468,-2.3399,-3.2005,-4.1628,-5.2105,-6.1573,-7.7974,-10.106,-12.734,-18.28,-28.869,-20.2,-16.36,-13.848,-13.282,-13.73,-15.732,-18.804,-18.754,-14.464,-10.773,-8.2742,-6.9947,-5.8982,-5.2242,-4.956,-4.6925,-4.4507,-4.1985,-3.746,-3.1308,-2.3868,-1.7711,-0.96493,-0.15744,0.37553,0.99495,1.4425,1.6899,1.7306,1.5338,1.0549,0.46217,-0.63684,-2.1399,-3.5004,-5.5824,-7.6364,-8.9802,-9.2769,-9.0422,-8.6295,-8.3551,-7.9591,-7.4016,-6.7855,-5.8209,-4.8386,-4.1142,-3.7753,-3.6162,-3.8068,-4.1487,-4.7295,-5.3771,-5.7511,-5.7675,-5.3027,-4.2327,-3.2056,-1.4779,0.19996,1.4151,2.9079,4.172,5.2863,5.9651,6.7688,7.3914,7.7842,8.1632,8.431,8.5496,8.6139,8.5765,8.4534,8.3176,8.1006,7.8611,7.6834,7.4496,7.2318,7.0071,6.831,6.5499,6.2043,5.8806,5.3394,4.6732,4.0826,3.2104,2.3058,1.5533,1.2062,1.1968,1.6613,2.2146,3.003,3.7626,4.1683,4.6499,4.8167,4.791,4.5986,4.0883,3.3185,2.4667,1.0531,-0.93864,-3.5955
4.4674,4.2784,4.0369,3.7972,3.5947,3.2783,2.8414,2.4058,1.6015,0.41988,-1.3414,-3.2108,-6.7507,-10.579,-9.7618,-5.7253,-2.7347,-1.2461,-0.064509,0.38245,0.21977,-0.32435,-1.5201,-3.259,-4.7632,-6.6019,-7.4104,-7.2822,-6.8195,-6.552,-6.662,-6.8939,-6.994,-6.5277,-5.8136,-4.7176,-3.6903,-2.9169,-2.5217,-2.1884,-2.0296,-2.0119,-2.0424,-2.0281,-1.9992,-1.867,-1.6317,-1.365,-1.1127,-0.78715,-0.4662,-0.22908,-0.002154,0.19276,0.28211,0.40612,0.49245,0.61117,0.72652,0.90394,1.0697,1.1534,1.171,1.0152,0.61205,0.1161,-0.89979,-2.4047,-3.9201,-6.3108,-7.7371,-6.9047,-4.4027,-2.0175,-0.25196,0.69991,1.5566,2.0127,2.1155,2.0166,1.6222,1.2137,0.47236,-0.44705,-1.6226,-2.5689,-4.1831,-5.9281,-7.4568,-9.3214,-10.487,-10.438,-9.8507,-8.9751,-8.3785,-8.0614,-7.8106,-7.5763,-7.2846,-6.6967,-5.9993,-5.5323,-5.3522,-5.5303,-6.0677,-6.7809,-7.6646,-8.1471,-7.8389,-6.645,-5.1014,-3.7314,-2.7771,-1.7222,-0.83621,-0.29614,0.32227,0.79239,1.0648,1.1273,0.95709,0.46834,-0.20878,-1.5257,-3.5624,-5.649,-9.7227,-16.866,-28.22,-19.062,-14.743,-13.787,-14.544,-17.191,-18.427,-15.159,-10.733,-7.676,-5.8046,-4.9826,-4.5701,-4.8429,-5.4889,-6.9024,-8.8778,-10.183,-9.6247,-6.9328,-4.0323,-2.0725,0.30776,2.2714,3.5942,5.1158,6.4305,7.5194,8.2292,9.0105,9.6238,9.9724,10.314,10.5,10.559,10.519,10.369,10.117,9.8823,9.5208,9.1396,8.8478,8.4849,8.1577,7.8843,7.6923,7.4712,7.2321,7.053,6.7789,6.4782,6.2313,5.8888,5.576,5.3307,5.2142,5.1821,5.2767,5.4289,5.6718,5.9746,6.1147,6.2991,6.3168,6.1742,5.9588,5.3924,4.632,3.7843,2.4611,0.69106,-1.3735
2.7503,3.0894,3.5427,3.8966,4.0631,4.097,3.914,3.5861,2.873,1.7761,0.21329,-1.3,-3.6189,-5.3464,-5.2608,-3.6898,-1.9875,-1.0614,-0.35289,-0.27705,-0.84909,-1.7176,-3.6153,-6.6165,-10.045,-17.574,-19.075,-14.266,-11.262,-10.65,-11.951,-14.643,-23.587,-19.449,-12.975,-8.499,-5.9548,-4.486,-3.8892,-3.6125,-3.7226,-3.9985,-4.3407,-4.4463,-4.2229,-3.5174,-2.5362,-1.515,-0.80186,0.021081,0.68188,1.0706,1.4822,1.7573,1.9097,2.021,2.0645,2.0578,2.031,1.9838,1.9183,1.858,1.7345,1.5732,1.3456,1.1325,0.7828,0.39116,0.13293,-0.10925,-0.074468,0.1587,0.71497,1.4162,2.1228,2.5777,3.0248,3.2715,3.3068,3.1718,2.8302,2.4245,1.7109,0.84385,-0.16897,-1.003,-2.1252,-3.2008,-3.9104,-4.632,-5.0519,-5.1334,-5.0196,-4.7095,-4.3156,-4.0386,-3.7023,-3.4337,-3.2905,-3.1803,-3.2766,-3.6585,-4.1928,-5.3512,-7.2802,-9.4977,-14.478,-28.077,-20.957,-12.632,-8.9211,-6.7649,-5.8125,-4.8731,-4.2646,-3.8056,-3.1299,-2.3736,-1.6231,-1.1853,-0.80712,-0.80741,-1.0425,-1.7344,-2.8072,-3.9083,-5.5485,-7.2407,-8.5531,-9.176,-9.7303,-10.504,-11.334,-12.605,-12.729,-11.416,-8.9905,-6.817,-5.3694,-4.6747,-4.3359,-4.6655,-5.3741,-7.1166,-9.8872,-12.693,-11.769,-7.5503,-3.9785,-1.7185,0.61229,2.581,3.8005,5.1947,6.4162,7.377,8.0424,8.7074,9.254,9.5229,9.7702,9.8257,9.7622,9.5231,9.1234,8.5722,8.0792,7.3409,6.5739,6.016,5.381,4.9143,4.6558,4.5788,4.595,4.6726,4.7394,4.7994,4.8022,4.7659,4.666,4.534,4.3816,4.2881,4.2011,4.2068,4.263,4.4695,4.69,4.953,5.1487,5.3514,5.3722,5.2763,4.9763,4.4229,3.8702,2.8772,1.656,0.19008
-3.2488,-1.5884,0.18317,1.4867,2.2065,2.8632,3.2091,3.2778,3.1337,2.748,2.2004,1.7218,1.1058,0.60826,0.38545,0.25042,0.22742,0.19014,0.02134,-0.34801,-0.98344,-1.622,-2.7307,-4.0498,-5.0773,-6.2663,-6.9725,-7.201,-7.3123,-7.6253,-8.2181,-8.7707,-9.2018,-8.7307,-7.8259,-6.4913,-5.4259,-4.8794,-4.8603,-5.4483,-6.8784,-8.6175,-12.286,-17.036,-15.537,-10.346,-6.7718,-4.3419,-3.0458,-1.7528,-0.83706,-0.35908,0.093164,0.32919,0.40534,0.35976,0.21259,-0.037218,-0.26995,-0.60737,-0.91557,-1.0948,-1.2248,-1.2296,-1.1151,-0.99455,-0.77939,-0.54122,-0.34335,-0.038172,0.29455,0.5802,1.0072,1.4313,1.8293,2.084,2.3269,2.4254,2.3973,2.171,1.768,1.2958,0.49551,-0.54619,-1.7497,-2.7958,-4.1501,-5.4596,-6.1327,-6.5906,-6.4219,-5.8505,-5.3073,-4.5357,-3.8241,-3.3668,-2.8757,-2.5211,-2.3549,-2.3013,-2.4649,-2.8273,-3.2925,-4.1515,-5.286,-6.2975,-7.6362,-8.5838,-8.8228,-8.6575,-8.3645,-8.4441,-8.854,-10.055,-11.793,-12.765,-11.844,-9.151,-6.5981,-5.112,-3.7147,-2.8746,-2.5164,-2.4275,-2.5964,-2.9342,-3.447,-4.073,-4.6797,-5.0959,-5.5792,-5.9641,-6.1365,-6.2168,-6.0257,-5.71,-5.1141,-4.4664,-3.8774,-3.5584,-3.3168,-3.3153,-3.458,-3.7699,-4.0043,-3.9988,-3.7194,-2.9213,-1.9353,-0.96725,0.10965,1.267,2.0414,3.0343,3.9271,4.7545,5.273,5.8757,6.3196,6.5606,6.6943,6.6439,6.4467,5.9868,5.2577,4.2606,3.3092,1.7894,-0.00030321,-1.4008,-3.0983,-4.0058,-3.8997,-3.3242,-2.4183,-1.5301,-1.0014,-0.45662,-0.12115,0.0053091,0.016902,-0.16446,-0.49374,-0.80972,-1.2497,-1.5489,-1.5744,-1.2513,-0.58068,0.065422,0.94169,1.6657,2.2028,2.4121,2.5387,2.3396,2.0891,1.4588,0.64668,-0.43108
-6.8499,-4.5821,-2.2525,-0.51239,0.49387,1.5162,2.2062,2.5493,2.7905,2.8261,2.685,2.4942,2.1542,1.7488,1.4225,0.97217,0.50288,0.14843,-0.3444,-0.83787,-1.314,-1.6765,-2.1261,-2.5448,-2.8213,-3.123,-3.3343,-3.4348,-3.5326,-3.5847,-3.6258,-3.6112,-3.5422,-3.3883,-3.2408,-3.0538,-3.003,-3.1843,-3.5366,-4.3508,-5.6257,-6.9197,-8.8438,-10.162,-9.9567,-8.3831,-6.5538,-5.0233,-4.1574,-3.3047,-2.7391,-2.4579,-2.2746,-2.2588,-2.3841,-2.6959,-3.2286,-3.9786,-4.6784,-5.754,-6.838,-7.4624,-7.7377,-7.3204,-6.4574,-5.7229,-4.7846,-3.9527,-3.421,-2.7734,-2.1878,-1.7678,-1.2316,-0.7176,-0.26167,0.032283,0.33812,0.50257,0.51564,0.35985,-0.053118,-0.50506,-1.3972,-2.6258,-4.3465,-5.9646,-8.8813,-12.938,-16.579,-17.14,-12.902,-9.6419,-7.8549,-6.1122,-4.8277,-4.0872,-3.3273,-2.7901,-2.5151,-2.3157,-2.2649,-2.38,-2.5672,-2.9392,-3.4329,-3.8321,-4.4095,-4.9719,-5.3862,-5.981,-6.7132,-7.7842,-8.8525,-10.991,-13.967,-16.196,-15.147,-11.401,-8.3546,-6.6777,-5.0727,-3.9989,-3.4948,-3.0979,-3.018,-3.0546,-3.2833,-3.573,-3.9019,-4.1451,-4.4423,-4.6386,-4.7261,-4.7011,-4.5406,-4.3376,-3.9799,-3.6057,-3.2061,-2.9686,-2.7226,-2.5747,-2.5327,-2.5247,-2.5716,-2.623,-2.639,-2.636,-2.5238,-2.4441,-2.1994,-1.8925,-1.5299,-0.93054,-0.25861,0.52869,1.045,1.7455,2.2585,2.5661,2.7597,2.732,2.5322,1.9946,1.108,-0.2037,-1.5112,-3.816,-7.0041,-10.354,-17.66,-34.438,-16.994,-13.22,-10.395,-8.5927,-7.6169,-6.6304,-5.9656,-5.6772,-5.5954,-5.9084,-6.6847,-7.6704,-9.6336,-12.438,-14.201,-12.989,-9.109,-6.873,-4.3504,-2.6765,-1.4707,-0.85786,-0.41262,-0.23207,-0.32491,-0.59826,-1.0964,-1.7458
-4.7701,-3.6412,-2.16,-0.78951,0.11558,1.1255,1.9124,2.3463,2.7322,2.904,2.8598,2.7,2.3208,1.7796,1.2655,0.46703,-0.43509,-1.1305,-1.9949,-2.6768,-3.0641,-3.1483,-3.0206,-2.7219,-2.4494,-2.0634,-1.697,-1.4373,-1.1289,-0.83962,-0.58362,-0.4157,-0.22004,-0.065352,0.010032,0.046308,-0.034355,-0.25802,-0.53232,-1.0195,-1.6418,-2.1428,-2.7969,-3.3221,-3.5725,-3.7565,-3.8344,-3.9108,-3.9776,-4.1263,-4.3276,-4.4727,-4.6748,-4.8813,-5.0899,-5.5204,-6.2646,-7.4358,-8.7183,-11.198,-15.242,-20.238,-24.816,-16.99,-12.724,-10.723,-8.9313,-7.7482,-7.0824,-6.4051,-5.7715,-5.2878,-4.6084,-3.8594,-3.0968,-2.5581,-1.9283,-1.4423,-1.2081,-1.0638,-1.1855,-1.4437,-2.0665,-3.0377,-4.3732,-5.6929,-7.8184,-10.298,-11.84,-12.222,-10.611,-8.6652,-7.3712,-5.9975,-4.9121,-4.272,-3.578,-3.0426,-2.7319,-2.4036,-2.1836,-2.087,-2.0678,-2.1287,-2.283,-2.44,-2.7231,-3.0673,-3.3737,-3.8297,-4.3673,-4.9754,-5.4679,-6.0979,-6.5749,-6.7194,-6.52,-5.943,-5.1818,-4.62,-3.956,-3.4828,-3.2739,-3.1593,-3.2455,-3.3865,-3.7154,-4.1074,-4.5506,-4.8833,-5.2748,-5.5594,-5.6738,-5.6314,-5.3643,-5.0348,-4.481,-3.8614,-3.2992,-2.9181,-2.5294,-2.2885,-2.2075,-2.2456,-2.4722,-2.8596,-3.2666,-4.0027,-4.8721,-5.7379,-6.6975,-7.5248,-7.6675,-7.1615,-6.0344,-4.7712,-3.797,-2.6864,-1.743,-1.222,-0.67922,-0.4441,-0.43887,-0.74408,-1.3943,-2.4589,-3.5288,-5.3475,-7.6141,-9.5008,-12.034,-13.956,-14.943,-15.183,-14.941,-14.16,-13.254,-11.947,-10.842,-10.219,-9.7516,-9.6798,-10.098,-10.785,-12.212,-14.199,-15.178,-13.978,-10.956,-8.577,-6.3215,-4.5119,-3.369,-2.7413,-2.3048,-2.1435,-2.249,-2.5158,-2.9787,-3.4941
-4.4189,-3.4219,-2.0451,-0.70849,0.20885,1.2856,2.1566,2.6597,3.1207,3.3324,3.3007,3.1041,2.6082,1.8281,1.032,-0.33429,-2.0854,-3.6921,-6.1452,-8.4211,-9.0335,-8.0521,-6.1288,-4.3349,-3.2125,-1.9797,-0.98598,-0.36157,0.36301,0.96617,1.4881,1.8214,2.2039,2.5025,2.6688,2.7946,2.8165,2.7195,2.5686,2.258,1.8378,1.468,0.88801,0.23391,-0.31991,-1.1476,-2.1145,-3.2776,-4.2839,-5.767,-7.2151,-8.0561,-8.4492,-8.1804,-7.7857,-7.4451,-7.4477,-7.9391,-8.6469,-10.035,-11.708,-12.918,-13.566,-12.902,-11.805,-11.072,-10.514,-10.385,-10.499,-10.806,-10.964,-10.726,-9.7602,-8.3037,-6.7023,-5.5678,-4.2395,-3.1452,-2.4967,-1.8723,-1.4765,-1.3952,-1.478,-1.8337,-2.3822,-2.9053,-3.7084,-4.4464,-4.9248,-5.2954,-5.3945,-5.2582,-5.1022,-4.8039,-4.5183,-4.274,-3.949,-3.599,-3.3181,-2.9274,-2.571,-2.2385,-2.0364,-1.8352,-1.7159,-1.7106,-1.7632,-1.908,-2.0583,-2.2966,-2.5511,-2.7686,-2.9269,-3.0535,-3.0976,-3.0543,-2.9361,-2.7481,-2.5662,-2.4533,-2.4066,-2.4997,-2.6644,-3.0466,-3.5259,-4.0112,-4.678,-5.4645,-6.3185,-7.0106,-7.9823,-8.9628,-9.4949,-9.6675,-8.931,-7.9427,-6.4336,-4.9817,-3.7955,-3.0722,-2.3666,-1.9482,-1.8168,-1.8997,-2.2519,-2.9136,-3.6534,-4.9713,-6.9659,-8.7977,-12.798,-19.488,-28.424,-18.269,-12.88,-9.9745,-8.3366,-6.7424,-5.3249,-4.4472,-3.4102,-2.6331,-2.2536,-2.0261,-2.1776,-2.6829,-3.3241,-4.5044,-6.05,-7.4593,-9.6568,-12.384,-16.004,-19.92,-28.56,-24.589,-19.677,-16.187,-14.056,-13.067,-12.138,-11.478,-10.928,-10.522,-9.9978,-9.3994,-8.8266,-7.9139,-6.6985,-5.9029,-4.752,-3.8931,-3.3005,-3.0738,-2.9762,-3.2669,-3.5999,-4.3872,-5.3912,-6.5602
-7.2583,-5.559,-3.3788,-1.483,-0.263,1.0924,2.1477,2.7605,3.3317,3.6273,3.651,3.48,2.9902,2.1587,1.2984,-0.24222,-2.3351,-4.4078,-8.1151,-13.151,-14.599,-11.324,-7.589,-5.0667,-3.669,-2.2138,-1.0461,-0.29353,0.60988,1.4201,2.1559,2.6666,3.2724,3.7849,4.1004,4.4147,4.6023,4.6572,4.6097,4.4153,4.0877,3.7356,3.1455,2.3864,1.6852,0.54804,-0.90238,-2.7794,-4.6255,-7.9871,-13.46,-21.896,-20.833,-12.778,-9.9999,-7.9356,-6.8777,-6.4979,-6.519,-6.8323,-7.3165,-7.7106,-8.2288,-8.6853,-9.167,-9.6295,-10.517,-11.909,-13.528,-16.824,-23.265,-29.975,-19.958,-14.282,-10.739,-8.7362,-6.597,-4.8833,-3.8124,-2.67,-1.8137,-1.3468,-0.96185,-0.80408,-0.90902,-1.086,-1.4844,-1.9829,-2.4252,-3.0478,-3.7212,-4.4048,-4.9175,-5.5591,-6.0964,-6.3631,-6.473,-6.2629,-5.9096,-5.2927,-4.5509,-3.7976,-3.2936,-2.7376,-2.3457,-2.1708,-2.0913,-2.1706,-2.3026,-2.5444,-2.7642,-2.8852,-2.8609,-2.6915,-2.388,-2.1247,-1.7844,-1.5279,-1.4073,-1.4397,-1.6909,-2.1931,-2.742,-3.7103,-4.897,-5.8902,-7.1691,-8.3243,-9.3407,-10.165,-11.733,-14.487,-18.324,-32.212,-18.193,-12.843,-8.6422,-5.9221,-4.0233,-3.0243,-2.0989,-1.5722,-1.4115,-1.468,-1.8171,-2.4758,-3.1691,-4.391,-5.9038,-7.381,-9.4061,-11.511,-12.505,-12.913,-12.519,-12.372,-12.157,-11.543,-9.9853,-8.3596,-6.2976,-4.5185,-3.5209,-2.5798,-2.1042,-2.0482,-2.2705,-2.9036,-3.884,-4.8748,-6.5073,-8.5143,-10.857,-12.633,-14.473,-15.107,-14.865,-14.478,-14.452,-14.743,-15.192,-15.018,-13.594,-12.064,-10.005,-8.1583,-7.0046,-5.6356,-4.6075,-3.9426,-3.3245,-3.0193,-2.897,-3.0465,-3.4534,-4.1597,-4.8523,-6.1393,-7.8725,-10.49
-11.424,-7.9719,-4.7156,-2.3405,-0.9327,0.56147,1.7162,2.3821,3.0377,3.443,3.5888,3.5332,3.2255,2.6434,2.0354,0.99225,-0.29363,-1.3586,-2.7735,-3.9456,-4.6258,-4.7396,-4.5252,-4.0867,-3.6799,-3.1019,-2.4461,-1.897,-1.0669,-0.12448,0.87112,1.6169,2.5643,3.4086,3.9491,4.5354,4.9466,5.1818,5.2355,5.1671,4.9311,4.6315,4.1115,3.4262,2.8086,1.8223,0.62967,-0.78939,-2.0107,-3.8205,-5.5927,-6.5898,-6.9739,-6.4368,-5.7881,-5.024,-4.5548,-4.3986,-4.4695,-4.7562,-5.2427,-5.6646,-6.3165,-7.0428,-7.8418,-8.5353,-9.6244,-10.974,-12.22,-14.057,-15.663,-16.206,-15.698,-14.269,-12.4,-10.901,-8.8397,-6.8748,-5.4681,-3.8612,-2.5682,-1.7933,-1.0511,-0.59815,-0.46451,-0.53331,-0.83473,-1.4087,-1.9901,-2.9974,-4.28,-5.872,-7.2436,-9.3691,-11.616,-13.131,-14.161,-13.675,-12.517,-10.671,-8.7355,-7.0116,-5.9272,-4.7701,-4.0083,-3.6653,-3.5846,-3.8893,-4.3658,-5.2686,-6.2712,-6.9396,-6.7939,-5.8389,-4.4733,-3.4839,-2.3761,-1.6281,-1.2436,-1.2133,-1.5318,-2.2722,-3.1871,-4.8955,-7.4116,-9.8878,-13.963,-16.336,-14.541,-12.937,-11.736,-11.327,-11.231,-10.778,-9.3915,-7.9117,-5.8883,-4.171,-2.8498,-2.1375,-1.5098,-1.2207,-1.2002,-1.3893,-1.795,-2.3768,-2.876,-3.648,-4.4282,-5.1863,-6.1107,-7.079,-7.93,-9.211,-10.912,-13.719,-17.852,-31.049,-17.359,-12.125,-7.8802,-5.1124,-3.6881,-2.3119,-1.447,-1.0247,-0.93866,-1.1224,-1.5961,-2.1159,-3.0312,-4.0924,-5.2528,-6.1649,-7.3085,-8.417,-9.3115,-10.654,-12.648,-14.866,-20.024,-28.38,-18.152,-13.602,-9.6926,-7.0881,-5.6293,-4.141,-3.2325,-2.6569,-2.4016,-2.4758,-2.8744,-3.3938,-4.4198,-5.5808,-6.5262,-7.6535,-8.4811,-9.1379
-5.8868,-4.6762,-3.0684,-1.6374,-0.69386,0.41666,1.3597,1.9546,2.6208,3.1265,3.4384,3.5408,3.487,3.2154,2.8625,2.1962,1.3534,0.63017,-0.4295,-1.5181,-2.5809,-3.3411,-4.2832,-5.1225,-5.6773,-6.2534,-6.5179,-6.352,-5.5195,-4.0377,-2.2341,-0.88219,0.7893,2.2104,3.092,4.0286,4.6908,5.0845,5.2246,5.2191,5.0091,4.7517,4.2767,3.7,3.2372,2.5755,1.91,1.2404,0.76603,0.13799,-0.39565,-0.72065,-1.0096,-1.174,-1.2934,-1.4346,-1.7195,-2.1614,-2.6119,-3.3729,-4.29,-5.0283,-5.9795,-6.8486,-7.5703,-8.0416,-8.652,-9.3141,-9.9136,-10.849,-11.972,-12.997,-14.482,-16.328,-17.44,-16.219,-12.595,-9.085,-6.8921,-4.5961,-2.8334,-1.8209,-0.87108,-0.28885,-0.018459,-0.061857,-0.34756,-0.99882,-1.6831,-2.9354,-4.6138,-6.8661,-9.0092,-12.74,-18.148,-24.252,-37.451,-26.666,-22.38,-17.319,-13.129,-9.8236,-7.8925,-5.9817,-4.7381,-4.2089,-4.0747,-4.6087,-5.5435,-7.7207,-11.806,-22.674,-22.748,-11.136,-6.477,-4.2753,-2.2689,-0.98607,-0.27182,-0.061828,-0.16951,-0.75605,-1.5497,-3.0391,-5.2277,-7.317,-10.424,-11.975,-10.533,-8.9239,-7.135,-5.8353,-5.0647,-4.1355,-3.2604,-2.6126,-1.7937,-1.1134,-0.61595,-0.40409,-0.37403,-0.63292,-1.0265,-1.7389,-2.6105,-3.4367,-3.9074,-4.2694,-4.4019,-4.3083,-4.3937,-4.4561,-4.6904,-5.1382,-5.8407,-6.6388,-7.0097,-7.1991,-6.429,-5.3802,-3.9124,-2.4622,-1.5471,-0.55706,0.16078,0.61709,0.80026,0.84744,0.66613,0.41499,-0.071972,-0.70768,-1.4672,-2.0992,-2.9859,-3.8952,-4.6435,-5.626,-6.6319,-7.357,-8.0473,-8.0773,-7.2515,-6.2328,-4.7529,-3.3489,-2.4651,-1.5672,-0.93865,-0.74784,-0.81646,-1.219,-2.1865,-3.2217,-5.2791,-8.1361,-11.099,-14.569,-12.983,-9.5576
-1.9862,-1.7369,-1.3737,-0.9813,-0.66836,-0.18604,0.40788,0.96103,1.7577,2.5303,3.1926,3.5593,3.8427,3.8649,3.6926,3.2289,2.4909,1.76,0.54538,-0.93381,-2.6713,-4.125,-6.226,-8.3934,-10.053,-12.439,-15.754,-19.382,-17.933,-10.933,-6.0772,-3.3573,-0.57591,1.5133,2.7241,3.9229,4.7196,5.1537,5.2669,5.1326,4.7288,4.2923,3.56,2.8003,2.2826,1.8096,1.6218,1.6783,1.7927,1.9976,2.1568,2.2366,2.2402,2.1343,1.9594,1.5494,0.93057,0.030287,-0.85926,-2.3742,-4.267,-5.9238,-8.2109,-9.7826,-9.912,-9.3553,-8.5042,-7.9736,-7.8413,-8.0691,-8.7671,-9.6213,-11.404,-13.913,-16.124,-14.934,-10.903,-7.361,-5.2514,-3.0296,-1.4316,-0.51603,0.34541,0.84746,1.0577,1.0314,0.71539,0.16823,-0.44417,-1.5339,-2.973,-4.8045,-6.4855,-9.2339,-12.45,-15.24,-19.418,-24.985,-24.695,-17.258,-11.884,-8.1782,-6.1534,-4.113,-2.7675,-2.1549,-1.7769,-1.8913,-2.2607,-3.0605,-3.9974,-4.5398,-4.3284,-3.256,-1.7526,-0.61232,0.67144,1.6723,2.3501,2.6576,2.7886,2.5996,2.3078,1.6706,0.87463,0.27571,-0.47526,-0.91149,-0.9964,-0.87686,-0.54194,-0.13371,0.19955,0.64015,1.0641,1.3611,1.6928,1.9066,1.9334,1.796,1.3366,0.48803,-0.45988,-2.2636,-4.8175,-8.0345,-10.042,-9.1733,-6.4648,-4.5999,-2.9223,-1.8995,-1.353,-0.96404,-0.79276,-0.77154,-0.70925,-0.6404,-0.45763,-0.19369,0.21894,0.67157,1.0702,1.5517,2.0013,2.3838,2.5882,2.7482,2.7516,2.63,2.3385,1.8716,1.2717,0.76947,0.037773,-0.7048,-1.1833,-1.7433,-2.0927,-2.187,-2.0898,-1.7397,-1.1691,-0.64886,0.12139,0.8879,1.3807,1.8864,2.2185,2.2106,2.0764,1.5675,0.68721,-0.29717,-1.986,-4.2403,-6.2953,-8.0793,-7.1013,-4.6011
-0.44368,-0.71645,-1.3063,-2.1576,-2.9215,-3.8031,-3.6896,-2.6989,-0.77004,1.1184,2.6598,3.5304,4.3105,4.6711,4.6918,4.3992,3.7226,2.9577,1.5894,-0.26387,-2.7238,-5.0625,-9.1518,-14.681,-18.462,-17.465,-15.13,-13.778,-11.263,-7.7058,-4.1649,-1.8935,0.60641,2.55,3.6753,4.7715,5.4411,5.72,5.6583,5.2189,4.3486,3.3495,1.583,-0.68465,-2.4537,-3.6093,-2.4426,-0.37693,0.99647,2.4652,3.5038,4.0509,4.5025,4.665,4.6275,4.3013,3.6792,2.6916,1.6624,-0.17951,-2.7755,-5.4776,-10.901,-19.32,-13.653,-9.708,-6.7741,-5.1805,-4.5082,-4.0659,-3.9767,-4.0421,-4.237,-4.3262,-4.1046,-3.6625,-2.7192,-1.5428,-0.67811,0.39087,1.2404,1.7052,2.1356,2.3192,2.2665,2.1479,1.8327,1.4319,1.0318,0.41057,-0.34681,-1.2546,-2.0276,-3.1796,-4.3638,-5.1996,-6.067,-6.3586,-6.0597,-4.9767,-3.4814,-1.933,-0.83233,0.37368,1.2567,1.7135,2.0654,2.1672,2.1228,1.9648,1.8069,1.7905,1.8933,2.2522,2.8296,3.3427,4.0778,4.7704,5.3702,5.7235,6.0355,6.1813,6.1793,6.0196,5.7535,5.4996,5.1255,4.7443,4.3948,4.1642,3.8984,3.7174,3.6446,3.6409,3.7726,3.9257,4.1578,4.3517,4.3927,4.2752,3.8653,3.0807,2.1984,0.50009,-1.922,-4.9561,-6.6824,-5.7794,-3.022,-1.2115,0.64434,1.8367,2.4708,2.9807,3.2375,3.2902,3.147,2.9679,2.6561,2.365,2.0789,1.879,1.8769,2.1107,2.5765,3.1491,3.5665,4.0046,4.2608,4.2923,4.1037,3.6636,2.985,2.3182,1.2817,0.17653,-0.54177,-1.1616,-1.1903,-0.81981,-0.0047876,0.9686,1.9398,2.6266,3.4616,4.151,4.5932,5.0497,5.281,5.4118,5.369,5.0977,4.7064,4.3032,3.676,3.0578,2.6706,2.4519,2.6119,3.1199
-1.1294,-1.4393,-2.3446,-4.1266,-6.3918,-12.074,-18.05,-9.8516,-3.8767,-0.38261,1.9007,3.0802,4.1309,4.6921,4.8344,4.6644,4.1274,3.4817,2.2983,0.71677,-1.2787,-3.1349,-5.9831,-8.917,-10.292,-9.8515,-7.9377,-6.3811,-4.3672,-2.3899,-0.53692,0.75966,2.275,3.5213,4.2663,5.0059,5.4371,5.5369,5.3767,4.8429,3.8338,2.7038,0.54971,-2.681,-6.0228,-9.0229,-5.3676,-1.5583,0.48824,2.412,3.7575,4.4796,5.1685,5.5683,5.6884,5.6514,5.3337,4.7487,4.1253,3.0287,1.6846,0.55459,-0.8869,-1.8961,-2.2195,-2.1378,-1.7837,-1.4509,-1.2872,-1.1596,-1.0914,-1.0496,-0.88467,-0.61855,-0.20135,0.18401,0.74859,1.3369,1.7166,2.093,2.3229,2.3224,2.1301,1.7374,1.191,0.71972,0.24562,-0.10972,-0.19606,-0.15696,-0.048603,0.043576,0.063296,0.088445,0.081405,0.088028,0.2071,0.483,0.80223,1.3606,2.0171,2.7135,3.2038,3.7338,4.1217,4.2838,4.3257,4.1803,3.9605,3.5691,3.1432,2.7656,2.5981,2.6449,3.0374,3.5212,4.3508,5.2346,6.0632,6.5958,7.1739,7.5834,7.7458,7.8414,7.7601,7.5721,7.217,6.6868,5.9943,5.3761,4.4237,3.4128,2.719,2.1436,2.1964,2.6345,3.4897,4.3492,5.0287,5.3573,5.5319,5.4082,5.139,4.6071,4.0015,3.4685,3.2342,3.2626,3.6462,3.9636,4.5432,5.0148,5.2259,5.3667,5.277,4.9631,4.547,3.7315,2.6074,1.4967,-0.34118,-2.2601,-3.2971,-2.8731,-1.0267,0.93305,2.1565,3.3524,4.0769,4.3488,4.324,3.8827,2.968,1.9364,-0.023446,-2.8542,-5.855,-10.309,-8.6438,-5.2773,-1.8565,0.51412,2.2224,3.2129,4.2258,4.9852,5.4298,5.8881,6.2113,6.4143,6.5102,6.5517,6.4734,6.3879,6.2048,5.9945,5.9093,5.7913,5.781,5.9192
-3.2125,-2.8167,-2.675,-2.8826,-3.1638,-3.4077,-3.0811,-2.3843,-1.0456,0.40104,1.6339,2.3625,3.044,3.3998,3.453,3.2612,2.8022,2.3034,1.4474,0.4448,-0.64946,-1.462,-2.4498,-3.1857,-3.4651,-3.4157,-2.9719,-2.434,-1.5689,-0.64551,0.26883,0.91274,1.6864,2.339,2.7432,3.1656,3.4498,3.5588,3.5278,3.2904,2.8156,2.3327,1.5149,0.65488,0.11145,-0.24571,-0.091149,0.43603,0.97735,1.7088,2.3992,2.8778,3.4684,3.9906,4.3009,4.6136,4.7574,4.7131,4.5533,4.1773,3.6458,3.1857,2.5158,1.8453,1.1972,0.72376,0.064668,-0.65013,-1.212,-1.9655,-2.5791,-2.8297,-2.7394,-2.2005,-1.4127,-0.77204,0.014718,0.61111,0.92837,1.0877,0.90541,0.54545,-0.3403,-1.7146,-3.5636,-5.2765,-7.4514,-8.0418,-7.0564,-5.1961,-3.5348,-2.2466,-1.4839,-0.6564,0.039792,0.52142,1.1344,1.7305,2.1686,2.7348,3.2649,3.7167,3.9647,4.1859,4.2345,4.142,3.8239,3.2514,2.635,1.5341,0.073029,-1.7455,-3.1241,-4.2235,-3.4307,-1.9065,0.2759,2.1698,3.6643,4.5566,5.4728,6.104,6.427,6.6722,6.699,6.5877,6.229,5.6147,4.6633,3.6597,1.8082,-0.97813,-4.1208,-10.506,-9.3443,-4.556,-0.48446,2.0221,3.6597,4.4824,5.1785,5.5297,5.6187,5.5901,5.4627,5.3001,5.2001,5.1254,5.1322,5.1777,5.2167,5.2651,5.2391,5.1068,4.7969,4.2482,3.7265,2.6438,1.1119,-0.38055,-3.2505,-7.6456,-11.819,-10.063,-4.8843,-1.5556,0.14829,1.7255,2.6848,3.078,3.224,2.9323,2.1993,1.3609,-0.18475,-2.2476,-4.0112,-5.8028,-5.3874,-3.9168,-1.837,-0.15277,1.0859,1.7616,2.4231,2.904,3.1631,3.4619,3.8062,3.9579,4.2593,4.5302,4.678,4.7179,4.691,4.5555,4.3928,4.1293,3.8767,3.6942
-3.5072,-2.7678,-2.0495,-1.5035,-1.1563,-0.69408,-0.17796,0.24193,0.85916,1.4723,1.9899,2.2966,2.5323,2.5398,2.3934,2.0168,1.4247,0.87307,0.039354,-0.81702,-1.5958,-2.0385,-2.4106,-2.4983,-2.3989,-2.0934,-1.6647,-1.301,-0.81109,-0.39744,-0.067439,0.094974,0.2406,0.3348,0.41042,0.56602,0.81288,1.1451,1.399,1.6546,1.8134,1.8242,1.7204,1.5011,1.3027,0.97218,0.63734,0.28927,0.019511,-0.25446,-0.32553,-0.13946,0.44841,1.3486,2.1141,3.0456,3.8287,4.3761,4.625,4.7636,4.6765,4.4859,4.0716,3.4689,2.6668,1.9372,0.70705,-0.88495,-2.3906,-4.9956,-8.3885,-10.803,-10.479,-7.1185,-4.2659,-2.6637,-1.1146,-0.11636,0.33402,0.56361,0.33002,-0.14026,-1.2188,-2.9362,-5.5952,-8.3362,-13.402,-15.119,-11.713,-8.0663,-5.7832,-4.2371,-3.3501,-2.3648,-1.3965,-0.6631,0.31181,1.2475,1.8988,2.6656,3.2873,3.7318,3.95,4.0799,3.989,3.7773,3.2853,2.5146,1.7178,0.28377,-1.7586,-4.7723,-8.076,-13.675,-10.054,-5.9535,-2.2265,0.24778,1.9665,2.9166,3.8395,4.4674,4.8214,5.1098,5.2737,5.3237,5.2171,4.9153,4.3489,3.7063,2.5118,0.92982,-0.40696,-1.7469,-1.5511,-0.4258,1.4221,3.0214,4.1939,4.8178,5.3495,5.5967,5.6356,5.5281,5.2898,5.0134,4.8175,4.5923,4.4259,4.4168,4.371,4.3411,4.3353,4.2301,4.0199,3.6559,3.2358,2.5681,1.7047,0.94147,-0.077332,-0.91617,-1.2744,-1.1323,-0.42636,0.54066,1.2657,2.1055,2.7216,3.0051,3.1648,3.0694,2.7658,2.3952,1.7976,1.1551,0.69917,0.31025,0.19367,0.24761,0.44546,0.63332,0.68032,0.57917,0.27247,-0.18248,-0.50856,-0.74492,-0.5995,-0.18187,0.61781,1.3357,1.9376,2.1839,2.2687,2.0542,1.6169,0.84053,-0.19017,-1.338
-2.1501,-1.6496,-1.0225,-0.43894,-0.012688,0.5327,1.0475,1.4378,1.9195,2.3117,2.6049,2.7164,2.7029,2.4678,2.1323,1.4403,0.46251,-0.47081,-1.9351,-3.5565,-4.9729,-5.5872,-5.4535,-4.4937,-3.5919,-2.4443,-1.4725,-0.92342,-0.44028,-0.24677,-0.39707,-0.73617,-1.5094,-2.5601,-3.3524,-3.9117,-3.4237,-2.1353,-1.0807,0.18865,1.1251,1.5848,1.9377,1.9906,1.844,1.4026,0.63053,-0.53312,-1.7828,-4.0772,-6.9831,-8.2506,-6.0124,-2.4281,-0.18837,2.0873,3.7338,4.8915,5.4969,6.0031,6.2129,6.1844,5.932,5.4373,4.6987,3.9626,2.7243,1.1174,-0.37372,-2.8471,-5.8375,-7.7638,-7.6099,-5.0847,-2.61,-1.1535,0.28978,1.2701,1.7166,1.9981,1.9494,1.6718,1.0243,0.082583,-1.0853,-2.0391,-3.164,-3.9019,-4.1573,-4.3477,-4.5548,-4.8951,-5.124,-5.0204,-4.1119,-2.9433,-1.1742,0.50401,1.5948,2.7555,3.5994,4.1542,4.4039,4.5025,4.3792,4.151,3.6804,3.0516,2.4859,1.6248,0.68566,-0.21003,-0.73743,-1.0483,-0.71654,-0.097966,0.88053,1.8214,2.5466,2.9076,3.1833,3.306,3.3516,3.5018,3.8274,4.1585,4.6826,5.1319,5.4339,5.542,5.5237,5.3919,5.295,5.2426,5.3655,5.5797,5.9514,6.329,6.5896,6.6802,6.625,6.3519,6.0097,5.3785,4.5992,3.7588,3.1538,2.525,2.2252,2.1866,2.4735,2.8344,3.0973,3.3666,3.4894,3.4688,3.2905,2.9693,2.5763,2.2374,1.8437,1.5955,1.5631,1.7012,2.0459,2.5319,2.9162,3.3791,3.7383,3.9156,4.0089,3.9785,3.8426,3.6936,3.4534,3.2165,3.0623,2.8645,2.6769,2.5196,2.234,1.7782,1.0557,0.27228,-1.267,-3.6505,-6.1801,-10.363,-10.312,-6.7016,-3.3183,-1.0324,0.3814,0.99922,1.26,0.94902,0.35119,-1.0665,-3.4538,-7.556
-1.9128,-1.5687,-1.0495,-0.54218,-0.155,0.39459,0.99038,1.4543,2.0419,2.5486,2.922,3.0629,3.0489,2.7714,2.359,1.4746,0.17585,-1.1469,-3.5248,-7.0861,-13.54,-27.623,-14.317,-7.7384,-4.9638,-2.4805,-0.83373,-0.0033263,0.63517,0.7849,0.3908,-0.30159,-1.9573,-4.9054,-8.7758,-22.778,-12.039,-5.1814,-2.412,-0.048572,1.4231,2.1503,2.7014,2.8895,2.8066,2.4577,1.7663,0.66972,-0.44011,-2.534,-5.0291,-5.9904,-4.0287,-0.7169,1.4462,3.7089,5.3733,6.5812,7.2372,7.8134,8.1026,8.1477,7.9978,7.6355,7.0778,6.5309,5.664,4.6744,3.8692,2.8291,1.9576,1.5448,1.3695,1.6451,2.1986,2.6793,3.3158,3.8523,4.1547,4.3971,4.4594,4.3839,4.1114,3.665,3.1106,2.6263,1.869,1.0579,0.31539,-0.91793,-2.6666,-5.4604,-9.0189,-20.854,-12.88,-6.6557,-2.1309,0.70969,2.2031,3.6338,4.55,5.0586,5.1989,5.1124,4.7779,4.3976,3.776,3.133,2.7166,2.3128,2.1428,2.1981,2.3434,2.6878,3.1112,3.4359,3.7947,3.9632,3.8378,3.4825,2.5844,1.1589,-0.18726,-1.395,-0.591,1.0702,3.4058,5.2888,6.6715,7.4331,8.1622,8.6363,8.8725,9.0734,9.1952,9.2405,9.2335,9.1284,8.906,8.6249,8.0661,7.2511,6.4372,5.0452,3.2465,0.92758,-1.1375,-3.7902,-4.5342,-3.5804,-1.4559,0.35269,1.3293,2.3012,2.8705,3.0883,3.1169,2.8216,2.304,1.8731,1.3065,0.97193,1.0363,1.4896,2.249,3.0656,3.6097,4.1563,4.4638,4.5454,4.4695,4.251,3.9653,3.8045,3.6825,3.6864,3.7664,3.8592,3.9006,3.8736,3.6806,3.2695,2.5872,1.8578,0.505,-1.3257,-2.9732,-4.9066,-4.8837,-3.4783,-1.1767,0.58317,1.7001,2.2146,2.4394,2.1867,1.7826,0.83645,-0.46014,-1.893
-4.5616,-3.9595,-3.4695,-3.2232,-3.0625,-2.6627,-1.8264,-0.99415,0.19051,1.2752,2.1106,2.5224,2.7589,2.6514,2.3474,1.6449,0.62107,-0.35471,-1.8531,-3.4876,-4.8826,-5.3834,-4.8636,-3.3945,-2.1183,-0.49679,0.83572,1.6212,2.3422,2.6671,2.6038,2.2894,1.5548,0.54335,-0.20611,-0.80682,-0.55191,0.37802,1.1995,2.1105,2.7361,3.0641,3.2212,3.2158,3.1392,2.9832,2.8238,2.6377,2.5392,2.4588,2.5739,2.8839,3.6144,4.6348,5.4883,6.5741,7.5136,8.25,8.6587,9.0165,9.1706,9.1634,8.993,8.6676,8.1885,7.7527,7.0816,6.3678,5.8081,5.1194,4.5444,4.2169,3.9837,3.9644,4.1258,4.346,4.7028,5.0662,5.3252,5.5926,5.7659,5.8406,5.8206,5.6926,5.4589,5.2287,4.802,4.2494,3.7312,2.8613,1.7777,0.51568,-0.39637,-1.0636,-0.57644,0.42516,2.0338,3.4987,4.3579,5.2014,5.6739,5.7697,5.5788,5.0162,4.0864,3.1365,1.5912,-0.066502,-1.0901,-1.4691,-0.59972,0.85415,1.9455,3.2638,4.3275,4.9245,5.4529,5.6328,5.3797,4.8511,3.5588,1.2621,-1.3868,-5.7096,-3.5874,0.24526,3.9546,6.4566,8.1747,9.0824,9.9386,10.476,10.712,10.859,10.861,10.782,10.583,10.274,9.8463,9.4113,8.6586,7.6577,6.6818,5.0256,2.8341,-0.14959,-3.049,-7.8909,-9.5093,-6.9829,-3.5566,-1.2426,-0.063927,1.182,1.9396,2.283,2.359,1.8798,0.73295,-0.6095,-3.3435,-6.6269,-6.7687,-3.2308,0.054749,2.2754,3.3808,4.2286,4.4442,4.2465,3.5345,2.3666,1.0241,0.28115,0.15552,0.96544,1.808,2.7953,3.5016,3.8357,4.0284,4.0192,3.8428,3.617,3.2616,2.9066,2.7086,2.5881,2.6376,2.9348,3.4326,3.8433,4.1062,4.1941,4.068,3.7073,3.3674,2.7823,2.2004,1.7578
-6.7404,-6.0354,-6.3342,-7.9539,-10.29,-13.607,-10.361,-6.6496,-3.0705,-0.66839,0.83151,1.5419,2.0361,2.0768,1.8281,1.2511,0.39279,-0.36011,-1.4443,-2.3555,-2.8386,-2.854,-2.3199,-1.3093,-0.36777,0.93424,2.1516,2.9464,3.8204,4.4272,4.7917,4.8929,4.8782,4.7412,4.6025,4.4214,4.3001,4.1799,4.0759,3.8546,3.4253,2.965,2.2019,1.3816,0.91224,0.66334,1.0523,1.8905,2.5962,3.6255,4.5703,5.2396,6.0721,6.814,7.311,7.8985,8.3512,8.658,8.7825,8.8305,8.7384,8.5947,8.2956,7.8737,7.3404,6.8808,6.1706,5.3586,4.7188,3.8566,3.0541,2.549,2.1233,2.0496,2.3168,2.6803,3.2653,3.8497,4.2569,4.719,5.0432,5.2442,5.4484,5.5969,5.6872,5.7363,5.7882,5.7432,5.671,5.5133,5.3025,5.0902,4.9904,4.9819,5.1313,5.3537,5.7408,6.1257,6.3611,6.5228,6.4552,6.1042,5.6325,4.6709,3.2125,1.6765,-1.1154,-5.5675,-11.683,-17.652,-6.5186,-1.7444,0.62268,2.9255,4.6263,5.5905,6.5527,7.1572,7.4329,7.4444,7.2133,6.825,6.5681,6.4937,6.8998,7.4713,8.4554,9.4142,10.187,10.61,10.949,11.053,10.996,10.786,10.462,10.181,9.7986,9.4172,9.0131,8.6772,8.1177,7.389,6.6786,5.5134,4.0838,2.4383,1.1589,-0.38698,-1.5193,-2.1271,-2.3779,-1.966,-1.3657,-0.32092,0.79439,1.6585,2.0181,2.1005,1.5141,0.55651,-1.3625,-3.1953,-3.0579,-0.65124,1.9932,3.9168,4.8576,5.4647,5.3734,4.8066,3.2892,0.56885,-4.3811,-12.578,-11.919,-3.5235,-0.68633,1.4508,2.5186,2.8581,2.9952,2.9873,3.0523,3.2037,3.5575,4.0163,4.3751,4.776,5.1584,5.42,5.5636,5.5696,5.4027,5.0901,4.5213,3.7708,3.0247,1.9826,1.1166,0.70081
-3.1202,-3.2889,-3.9589,-5.2447,-6.4705,-7.4684,-6.1654,-4.338,-2.0032,-0.24338,0.8882,1.3919,1.655,1.4801,1.086,0.19597,-1.083,-2.3071,-4.2969,-6.5728,-8.3061,-8.1,-5.983,-3.3211,-1.4854,0.60061,2.3143,3.3702,4.5057,5.3704,5.9843,6.3111,6.5634,6.648,6.6085,6.4494,6.1505,5.6966,5.2131,4.3612,3.1754,1.9229,-0.31122,-3.6602,-7.4014,-11.393,-6.2684,-1.7261,0.59009,2.8421,4.4812,5.407,6.3558,7.0187,7.3363,7.5738,7.6068,7.4693,7.2814,6.9394,6.5363,6.2024,5.745,5.2359,4.661,4.1388,3.3085,2.2472,1.3033,-0.2284,-2.0717,-3.5159,-5.1241,-5.2088,-3.7327,-2.3385,-0.65071,0.65537,1.3635,2.0247,2.4324,2.5943,2.805,3.0827,3.5197,3.9214,4.5446,5.1731,5.5873,6.0469,6.3793,6.6037,6.7122,6.7993,6.859,6.8913,6.9195,6.9135,6.8893,6.7653,6.5039,6.0581,5.5881,4.6965,3.4896,2.4062,0.74718,-0.90813,-1.8783,-2.2605,-1.4429,0.15143,1.5267,3.3556,5.0223,6.1331,7.3689,8.3311,9.0541,9.4503,9.8302,10.114,10.28,10.499,10.752,10.959,11.214,11.395,11.432,11.346,11.024,10.446,9.8515,8.8629,7.7543,6.9677,6.1943,5.9014,5.9819,6.1448,6.2832,6.1935,5.9666,5.4099,4.5624,3.457,2.4384,0.79314,-1.2643,-3.0812,-6.5032,-10.023,-8.6984,-4.3836,-0.83911,1.5524,2.7495,3.9371,4.6726,5.0163,5.2942,5.6102,5.9785,6.646,7.4017,8.0524,8.385,8.5519,8.3401,7.9047,6.948,5.6292,4.1893,3.3249,2.8321,2.9944,3.2221,3.2645,2.7843,1.9964,0.38512,-1.5711,-2.4165,-1.4615,0.73151,2.7061,3.8345,4.9734,5.7383,5.9844,6.1143,6.0036,5.6067,5.0979,4.124,2.7029,1.1951,-1.5264,-5.572,-9.6441
0.15534,-0.012503,-0.2472,-0.50419,-0.61777,-0.60652,-0.34764,-0.015325,0.49934,0.8876,1.1086,1.0934,0.7867,0.16354,-0.48788,-1.6742,-3.2156,-4.6378,-7.093,-10.61,-15.021,-14.67,-9.483,-5.2961,-2.9447,-0.51491,1.363,2.4954,3.6977,4.62,5.2899,5.6683,5.9965,6.1417,6.1402,5.988,5.6478,5.136,4.6096,3.6817,2.4909,1.4168,-0.35126,-2.4133,-3.8708,-4.6717,-3.3414,-1.0892,0.51894,2.3094,3.6792,4.4399,5.1339,5.4931,5.5463,5.3018,4.7446,3.9043,3.146,2.0529,1.0827,0.53126,0.068185,-0.18413,-0.47122,-0.81563,-1.4929,-2.4506,-3.441,-5.2337,-7.8423,-10.795,-17.039,-17.419,-10.561,-7.455,-4.764,-3.1221,-2.4401,-2.1042,-2.3253,-2.8486,-3.784,-4.2549,-3.3132,-1.9105,0.12595,1.9728,3.0693,4.1824,4.9382,5.3757,5.5151,5.5077,5.3482,5.1613,4.8897,4.6816,4.5795,4.5327,4.5036,4.3767,4.1352,3.5802,2.7383,1.9272,0.55422,-1.0078,-2.1979,-3.4144,-3.4163,-1.9861,-0.36964,1.8944,3.9399,5.2584,6.7337,7.9101,8.8173,9.3501,9.9148,10.335,10.575,10.824,11.004,11.102,11.128,11.017,10.725,10.339,9.5607,8.3857,7.1721,4.9403,1.7327,-1.5649,-6.1949,-4.2643,-0.50327,1.3556,2.9103,3.7027,3.9515,3.9005,3.5059,2.8308,2.1552,0.96755,-0.56058,-2.0915,-4.2714,-5.7228,-5.0109,-2.3679,0.42282,2.7443,4.1355,5.5944,6.753,7.4717,8.2744,8.9337,9.3754,9.9185,10.379,10.734,10.902,10.98,10.864,10.658,10.235,9.6799,9.0655,8.5917,7.9691,7.3246,6.7515,5.7571,4.3185,2.8253,-0.068992,-4.4047,-7.5609,-4.8492,-0.71478,1.9935,3.3482,4.5025,5.0614,5.2315,5.2199,4.924,4.4013,3.9267,3.0846,1.9347,0.84284,-0.92196,-2.9058,-3.9864
1.501,1.4656,1.3959,1.3525,1.345,1.3849,1.4336,1.4671,1.4444,1.2918,0.9515,0.52796,-0.28959,-1.3948,-2.4024,-3.8504,-5.2838,-6.2062,-7.0672,-7.3807,-7.0953,-6.3993,-5.0547,-3.4246,-2.1832,-0.66397,0.62883,1.4387,2.3358,3.0531,3.6109,3.9173,4.2231,4.3854,4.4129,4.2946,4.0129,3.549,3.1146,2.3928,1.575,0.94705,0.17902,-0.43128,-0.67736,-0.60828,-0.14329,0.65222,1.361,2.2814,3.062,3.5099,3.8362,3.8171,3.5619,2.8292,1.5819,-0.31835,-2.282,-5.7048,-9.6883,-10.959,-9.2716,-7.36,-6.4428,-6.2592,-6.5588,-7.181,-7.7276,-8.4154,-8.9242,-9.1837,-9.2223,-8.6396,-7.4808,-6.5119,-5.3564,-4.5662,-4.3146,-4.5481,-5.6219,-7.1264,-10.913,-19.208,-13.588,-7.891,-3.4261,-0.56719,0.95827,2.3782,3.2246,3.5688,3.5264,3.078,2.1806,1.2623,-0.067079,-0.989,-1.0296,-0.22396,0.89076,1.778,2.1553,2.2679,1.8854,1.2281,-0.1791,-2.4586,-5.055,-11.408,-20.974,-7.6593,-3.3251,0.36362,2.89,4.3213,5.7849,6.8686,7.6477,8.0884,8.518,8.8134,8.9981,9.2073,9.3724,9.4583,9.5235,9.472,9.2484,8.9185,8.2211,7.1619,6.075,4.1737,1.7072,-0.37396,-2.4835,-2.2436,-0.63203,0.48535,1.5123,2.0655,2.1887,2.1086,1.86,1.5224,1.2526,0.95624,0.71134,0.59901,0.59031,0.92191,1.4595,2.4229,3.619,4.9053,5.8534,6.9868,8.0049,8.6948,9.5192,10.249,10.722,11.267,11.709,12.046,12.225,12.354,12.361,12.288,12.1,11.816,11.439,11.101,10.578,9.9635,9.428,8.5935,7.612,6.7834,5.6536,4.6724,4.107,4.0477,4.2811,4.6351,4.8359,4.8516,4.5857,4.278,3.5793,2.7161,1.9114,1.4608,1.1365,1.0989,1.2056,1.3333,1.547,1.946
1.9805,1.8789,1.7856,1.8074,1.8775,2.0295,2.1901,2.2575,2.2145,1.9937,1.4611,0.83893,-0.34609,-2.0465,-3.761,-6.7734,-10.5,-12.712,-11.529,-8.5316,-6.088,-4.6223,-3.0565,-1.7896,-1.0226,-0.18612,0.42989,0.77997,1.1413,1.4387,1.7587,2.0009,2.3218,2.5872,2.6984,2.6963,2.4906,2.0339,1.5443,0.7601,-0.13059,-0.80589,-1.5222,-1.8337,-1.7547,-1.2273,-0.37504,0.60526,1.3722,2.2784,3.0205,3.4263,3.7194,3.6658,3.3613,2.5932,1.3114,-0.60621,-2.5585,-5.94,-9.6739,-10.931,-9.8309,-8.57,-8.2789,-8.7455,-10.264,-12.636,-14.239,-14.021,-11.825,-10.082,-8.2386,-6.7519,-5.5966,-4.8679,-4.1142,-3.6436,-3.4407,-3.4263,-3.6893,-4.0193,-4.3637,-4.2726,-3.3919,-2.2798,-0.59113,0.99428,2.0156,3.0239,3.597,3.7088,3.4551,2.5755,0.8907,-1.1233,-5.6713,-17.589,-14.9,-5.0779,-1.0044,1.2614,2.316,3.092,3.2964,3.1348,2.583,1.7185,0.98025,0.18587,0.12647,0.95964,1.9489,3.3743,4.637,5.4126,6.1793,6.6549,6.8819,6.9083,6.8027,6.6477,6.568,6.5968,6.8387,7.124,7.5868,8.0073,8.2679,8.3308,8.1841,7.7694,7.2901,6.4783,5.5523,4.8578,4.0695,3.515,3.1419,2.9023,2.4878,1.892,1.3064,0.4051,-0.4707,-1.0138,-1.0309,-0.51283,0.35549,1.1686,2.1544,3.1009,3.801,4.7479,5.6665,6.5601,7.2476,8.1486,9.0007,9.606,10.383,11.108,11.605,12.185,12.672,13.051,13.268,13.467,13.571,13.585,13.531,13.403,13.203,13.014,12.703,12.318,11.987,11.492,10.938,10.496,9.9081,9.3541,8.8499,8.507,8.0712,7.5772,7.1043,6.2943,5.1993,4.0799,2.0335,-0.71961,-3.9057,-5.4192,-3.9783,-1.1602,0.56667,2.3225,3.6258,4.633
0.95248,0.30037,-0.17292,-0.038865,0.41755,1.2233,2.0275,2.5146,2.945,3.0501,2.8096,2.3742,1.4119,-0.070289,-1.5959,-4.2348,-7.4376,-9.1825,-8.1292,-5.411,-3.1655,-1.9376,-0.7223,0.028133,0.31995,0.36648,0.048433,-0.39308,-1.1557,-1.8374,-1.9851,-1.5706,-0.6601,0.28252,0.81137,1.2011,1.1463,0.67031,-0.02235,-1.344,-3.2349,-4.9732,-7.6205,-8.9748,-7.9946,-5.3956,-2.8005,-0.67809,0.60923,2.0593,3.1654,3.7792,4.3423,4.5975,4.5685,4.2322,3.5599,2.6177,1.7476,0.47034,-0.77681,-1.5871,-2.5441,-3.5097,-4.7408,-6.0559,-8.5349,-12.164,-15.115,-14.568,-10.809,-8.4874,-6.2555,-4.7385,-3.6569,-3.0648,-2.5178,-2.193,-2.0506,-1.9094,-1.728,-1.5366,-1.1313,-0.47166,0.41677,1.2342,2.3956,3.5071,4.2492,5.0434,5.5616,5.7484,5.6466,5.1778,4.3517,3.5537,2.3938,1.652,1.6741,2.4567,3.6005,4.659,5.2901,5.8679,6.1844,6.287,6.2656,6.158,6.0625,5.9993,6.0509,6.2457,6.4634,6.7714,7.027,7.1182,7.0763,6.7777,6.1809,5.494,4.2556,2.6944,1.4655,0.52684,1.3244,2.7359,4.6781,6.2917,7.4705,8.0865,8.5801,8.7425,8.6826,8.3988,7.9389,7.5115,6.8715,6.1545,5.3506,4.6564,3.5451,2.0601,0.6393,-1.9921,-6.0774,-11.771,-10.651,-5.0594,-1.281,0.70708,2.6402,4.0146,4.7855,5.6424,6.3253,6.926,7.366,8.0286,8.7763,9.3791,10.226,11.042,11.627,12.318,12.89,13.333,13.58,13.814,13.948,14,14.016,13.992,13.952,13.906,13.826,13.708,13.588,13.375,13.101,12.863,12.494,12.081,11.623,11.238,10.673,10.002,9.3972,8.4266,7.1605,5.9051,3.7811,0.98102,-2.4492,-4.0938,-2.2744,0.83891,2.7404,4.6549,6.0403,7.0416
-3.6448,-7.1366,-12.515,-9.4162,-5.6732,-2.27,-0.02713,1.1684,2.2968,2.9572,3.2643,3.2601,2.9712,2.411,1.8562,1.051,0.33722,-0.015773,-0.11266,0.10651,0.47011,0.72545,0.95523,0.92268,0.6902,-0.019528,-1.3169,-2.8489,-6.0958,-12.285,-20,-11.485,-5.885,-3.0076,-1.7307,-0.85056,-0.7042,-1.1572,-1.8671,-3.3926,-5.6009,-7.945,-11.897,-14.865,-12.856,-8.6481,-5.3362,-2.7792,-1.2609,0.47313,1.8655,2.7117,3.5854,4.1913,4.4826,4.6263,4.5262,4.2124,3.8641,3.2779,2.5694,1.9651,1.1155,0.18139,-0.89127,-1.7711,-2.9548,-4.0528,-4.6331,-4.9414,-4.7586,-4.4464,-3.902,-3.4502,-3.1303,-3.006,-2.9986,-3.1486,-3.3948,-3.7771,-4.0279,-3.9338,-3.327,-2.1218,-0.57295,0.66302,2.2609,3.673,4.5694,5.5604,6.2912,6.751,6.9311,6.9809,6.8633,6.6995,6.4778,6.3122,6.283,6.3525,6.5214,6.7336,6.8757,7.0291,7.1338,7.1811,7.2101,7.2205,7.229,7.2464,7.2617,7.2774,7.2674,7.1858,6.9865,6.7324,6.2191,5.4591,4.3559,3.2407,1.2127,-1.8764,-5.4487,-12.599,-6.952,-2.3304,1.641,4.2208,5.982,6.8888,7.6899,8.093,8.1753,8.0295,7.6445,7.2331,6.5487,5.7534,4.8807,4.1633,3.1235,1.9063,0.82345,-0.93234,-2.8922,-4.2103,-3.9516,-2.141,-0.022304,1.2896,2.6616,3.5584,3.9433,4.1185,4.0226,3.7857,3.6136,3.7256,4.4655,5.3747,6.7232,8.0434,8.9061,9.8635,10.57,11.05,11.269,11.402,11.396,11.347,11.279,11.271,11.365,11.498,11.733,11.978,12.126,12.239,12.241,12.161,11.951,11.636,11.247,10.916,10.429,9.91,9.5015,8.8926,8.1734,7.5455,6.715,5.907,5.2788,5.0375,5.1285,5.5757,6.0583,6.6854,7.2312,7.6521
-3.6942,-5.7415,-7.5718,-7.1403,-5.7424,-3.6489,-1.7825,-0.61206,0.65438,1.6176,2.2683,2.5693,2.7445,2.7023,2.5679,2.2662,1.9172,1.669,1.3576,1.1109,0.92446,0.81162,0.60449,0.31395,-0.01228,-0.64606,-1.6017,-2.5604,-4.077,-5.5578,-6.1562,-5.6491,-4.4053,-3.2604,-2.6557,-2.3058,-2.4176,-3.0196,-3.7172,-5.0006,-6.463,-7.6065,-8.9165,-9.5955,-9.5264,-8.7988,-7.4499,-5.7869,-4.4468,-2.7892,-1.2403,-0.20813,0.95414,1.8688,2.4017,2.9211,3.2272,3.3056,3.2494,3.026,2.6615,2.2994,1.7064,0.99812,0.20549,-0.42833,-1.2902,-2.1104,-2.682,-3.3464,-3.8827,-4.2157,-4.5793,-4.8476,-5.1382,-5.4058,-5.898,-6.6774,-7.5436,-9.3361,-12.32,-15.31,-14.823,-9.4796,-5.1977,-2.8111,-0.26465,1.7339,2.9211,4.1718,5.0891,5.7331,6.0623,6.3225,6.4099,6.3868,6.2919,6.1341,5.9928,5.7886,5.5678,5.334,5.1555,4.9328,4.7369,4.6179,4.5421,4.5429,4.5937,4.69,4.7935,4.8367,4.7998,4.6389,4.3074,3.946,3.2787,2.4225,1.4082,0.59399,-0.50858,-1.4541,-1.9627,-2.0042,-1.1734,-0.082218,1.5381,3.0679,4.3113,5.0176,5.635,5.8926,5.8529,5.5154,4.8735,4.2202,3.1788,2.0776,1.0789,0.51075,0.028368,-0.17492,-0.27579,-0.33149,-0.29635,-0.10112,0.19843,0.73388,1.3491,1.7051,2.0573,2.1154,1.9056,1.1086,-0.41162,-3.0267,-6.0584,-11.036,-7.2372,-3.1692,0.49045,2.9217,4.1999,5.4093,6.1511,6.4902,6.5113,6.2385,5.6695,5.0976,4.3363,3.9355,4.2216,4.8679,5.9687,7.0176,7.6556,8.2514,8.5456,8.5735,8.3986,8.0227,7.524,7.1376,6.6801,6.3762,6.2668,6.2222,6.2483,6.2949,6.2905,6.2241,6.1452,6.0968,6.0338,5.9734,5.8978,5.7978,5.6607,5.4923
-1.8164,-3.0632,-4.3646,-4.977,-4.8601,-4.02,-2.7321,-1.6505,-0.29911,0.86136,1.7324,2.2041,2.5954,2.7232,2.6613,2.3986,1.9589,1.5447,0.91846,0.30681,-0.19689,-0.45425,-0.61768,-0.61563,-0.58396,-0.5638,-0.63235,-0.75529,-0.98785,-1.1935,-1.3296,-1.3625,-1.3443,-1.3676,-1.5046,-1.8866,-2.5584,-3.5627,-4.5489,-6.1069,-7.9823,-9.4454,-11.503,-13.4,-14.295,-14.142,-12.619,-10.372,-8.5669,-6.3102,-4.3101,-2.9846,-1.4658,-0.22535,0.5118,1.3009,1.8577,2.2136,2.345,2.3609,2.2155,2.0127,1.5936,1.028,0.33984,-0.25447,-1.168,-2.1697,-2.9808,-4.1361,-5.3042,-6.11,-7.0795,-7.764,-8.1535,-8.3,-8.475,-8.8179,-9.2621,-10.2,-11.554,-12.319,-11.49,-8.4616,-5.1765,-3.0523,-0.71597,1.1472,2.2767,3.4498,4.3008,4.8802,5.1559,5.3403,5.3495,5.2691,5.04,4.7166,4.4016,3.9068,3.3145,2.6181,2.0497,1.2475,0.4947,0.066111,-0.19546,-0.045485,0.26634,0.80838,1.3352,1.7066,1.8472,1.8199,1.5251,1.1107,0.29018,-0.83757,-2.1631,-3.1543,-4.1535,-4.3212,-3.8086,-2.5431,-1.0419,0.1037,1.5295,2.7524,3.7007,4.2148,4.5916,4.6031,4.3563,3.6647,2.5128,1.3076,-0.81133,-3.5752,-6.538,-7.5795,-6.3009,-4.1093,-2.6981,-1.2476,-0.19644,0.58556,1.0654,1.5949,1.98,2.186,2.2532,2.0591,1.6967,0.90081,-0.36391,-2.1316,-3.6673,-4.9372,-4.178,-2.7368,-0.76213,0.76944,1.6287,2.3915,2.7906,2.818,2.5753,1.8231,0.39675,-1.3418,-5.2649,-13.088,-9.529,-4.0631,0.16901,2.6996,3.935,4.9391,5.3449,5.3123,4.8438,3.9269,2.6039,1.4721,0.21516,-0.051118,0.53036,1.8558,3.2003,4.0395,4.8294,5.3271,5.5599,5.5805,5.4025,5.0121,4.5688,3.832,2.9734,2.1121
