4.5392,4.2855,3.9176,3.5277,3.2219,2.8022,2.3816,2.0686,1.6571,1.2544,0.86575,0.58304,0.20612,-0.17184,-0.46233,-0.86952,-1.3174,-1.6843,-2.2394,-2.8805,-3.6222,-4.2547,-5.2117,-6.3353,-7.306,-8.7883,-10.457,-11.694,-12.882,-12.899,-11.772,-10.636,-9.0947,-7.7246,-6.8421,-5.8636,-5.0856,-4.4756,-4.1164,-3.7497,-3.5151,-3.4248,-3.4204,-3.5548,-3.7558,-4.1833,-4.8229,-5.7328,-6.6415,-8.2661,-10.511,-12.76,-15.982,-15.145,-12.108,-8.3976,-5.4943,-3.1843,-1.7216,-0.019583,1.4631,2.4577,3.6552,4.724,5.6861,6.3415,7.1366,7.8523,8.3424,8.9388,9.4787,9.8518,10.315,10.75,11.162,11.461,11.851,12.239,12.531,12.923,13.316,13.613,14.005,14.388,14.754,15.013,15.333,15.618,15.805,16.013,16.172,16.277,16.319,16.325,16.27,16.188,16.027,15.805,15.597,15.264,14.868,14.41,14.024,13.456,12.825,12.31,11.568,10.763,10.118,9.2062,8.237,7.2068,6.3946,5.2671,4.1029,3.2199,2.0575,0.95232,-0.051604,-0.71567,-1.4593,-2.0365,-2.3763,-2.7492,-3.0583,-3.2655,-3.5327,-3.7976,-4.0721,-4.2797,-4.5364,-4.7679,-4.9465,-5.2052,-5.5115,-5.777,-6.1914,-6.6597,-7.0856,-7.3168,-7.4891,-7.581,-7.632,-7.6813,-7.6886,-7.6387,-7.534,-7.2648,-6.8142,-6.3348,-5.4835,-4.3779,-3.423,-2.0463,-0.59968,0.87382,1.9784,3.4276,4.836,5.8574,7.1666,8.4093,9.2964,10.417,11.467,12.445,13.131,13.984,14.767,15.308,15.967,16.557,17.078,17.425,17.826,18.159,18.364,18.578,18.725,18.792,18.823,18.786,18.683,18.562,18.343,18.057,17.799,17.396,16.926,16.529,15.941,15.285,14.561,13.973,13.129,12.216,11.484,10.449,9.3461,8.1745
4.9372,4.0756,2.7134,1.0442,-0.47167,-2.9968,-6.4221,-9.9916,-16.05,-13.645,-8.68,-6.1946,-3.882,-2.2713,-1.3709,-0.47103,0.16541,0.50666,0.81474,0.98541,1.0469,1.0361,0.96328,0.84532,0.73982,0.59181,0.45687,0.37676,0.311,0.29827,0.33887,0.40167,0.5207,0.67185,0.79845,0.97196,1.1364,1.2752,1.3557,1.4254,1.4481,1.4298,1.3522,1.2122,1.0644,0.80862,0.49242,0.11931,-0.18808,-0.61537,-1.0365,-1.3306,-1.661,-1.8814,-1.9509,-1.8884,-1.6246,-1.1681,-0.71148,0.029645,0.89162,1.5906,2.5542,3.5121,4.4256,5.0611,5.8222,6.466,6.8617,7.2593,7.4924,7.5483,7.4456,7.1124,6.5109,5.8521,4.647,3.0326,1.6236,0.13064,0.6206,2.3319,5.0298,7.4554,9.4775,10.756,12.193,13.373,14.113,14.932,15.581,16.077,16.358,16.619,16.762,16.795,16.748,16.604,16.436,16.138,15.763,15.316,14.939,14.387,13.784,13.304,12.633,11.931,11.388,10.645,9.8835,9.1065,8.5146,7.7136,6.8986,6.2779,5.4372,4.5781,3.6959,3.0157,2.0788,1.1043,0.34808,-0.69218,-1.7591,-2.5672,-3.6258,-4.6136,-5.4791,-6.0267,-6.6161,-7.0713,-7.3649,-7.7503,-8.1999,-8.6133,-9.3124,-10.238,-11.465,-12.648,-14.719,-17.695,-21.195,-31.938,-26.444,-18.274,-14.885,-11.661,-9.1655,-7.5602,-5.6316,-3.8594,-2.5972,-0.97081,0.60866,2.15,3.2851,4.7704,6.2221,7.2867,8.6704,10.005,10.972,12.21,13.386,14.495,15.28,16.262,17.167,17.794,18.559,19.242,19.841,20.234,20.682,21.044,21.258,21.466,21.585,21.616,21.58,21.454,21.239,21.018,20.645,20.182,19.776,19.154,18.442,17.848,16.976,16.012,14.956,14.104,12.889,11.583,10.545,9.0871,7.5497,5.9432
3.8635,3.3406,2.6102,1.8641,1.3137,0.6295,0.054331,-0.27027,-0.53076,-0.58961,-0.48253,-0.32946,-0.080834,0.16705,0.32604,0.47827,0.54117,0.52083,0.39901,0.16885,-0.17083,-0.49369,-1.0047,-1.5977,-2.0851,-2.7681,-3.4424,-3.8994,-4.3817,-4.6527,-4.6717,-4.5282,-4.1722,-3.6987,-3.309,-2.7891,-2.3096,-1.8986,-1.642,-1.3755,-1.1983,-1.1265,-1.1111,-1.1934,-1.3133,-1.5468,-1.8702,-2.2812,-2.6489,-3.2268,-3.9229,-4.5386,-5.5207,-6.7617,-7.9361,-10.012,-13.115,-18.654,-26.431,-18.213,-11.571,-8.3919,-5.2251,-2.7777,-0.80941,0.4262,1.8149,2.9487,3.6536,4.4178,4.9957,5.3116,5.5842,5.6968,5.6603,5.5478,5.3131,5.0381,4.8609,4.7651,4.952,5.3214,6.0928,7.0814,8.1558,8.9536,9.9514,10.838,11.417,12.068,12.575,12.939,13.117,13.228,13.198,13.082,12.805,12.386,11.98,11.32,10.526,9.6073,8.8459,7.7567,6.6245,5.7863,4.7565,3.9094,3.4314,3.0109,2.7858,2.6698,2.6025,2.4843,2.2905,2.0773,1.6872,1.1641,0.4909,-0.12246,-1.0988,-2.2684,-3.2955,-4.919,-6.9112,-8.7054,-11.557,-14.727,-16.723,-16.244,-14.227,-12.346,-11.274,-10.266,-9.6613,-9.4281,-9.3618,-9.5262,-9.8923,-10.272,-10.874,-11.524,-11.996,-12.589,-13.092,-13.423,-13.592,-13.748,-13.705,-13.423,-12.632,-11.395,-10.249,-8.5403,-6.7325,-4.8999,-3.5311,-1.727,0.050749,1.3618,3.0773,4.7474,5.9632,7.527,9.016,10.423,11.419,12.662,13.803,14.59,15.544,16.387,17.118,17.591,18.121,18.534,18.769,18.979,19.073,19.067,18.958,18.732,18.391,18.06,17.518,16.863,16.297,15.445,14.482,13.688,12.534,11.27,9.8977,8.7952,7.2254,5.5351,4.1807,2.2452,0.13268,-2.2052
1.7296,1.3681,0.99033,0.75614,0.67567,0.68142,0.79227,0.92368,1.1368,1.3641,1.581,1.7218,1.8661,1.9449,1.9513,1.8787,1.7013,1.4894,1.0919,0.54877,-0.15509,-0.79962,-1.838,-3.1243,-4.2973,-6.2313,-8.7715,-11.296,-16.06,-21.552,-17.39,-13.649,-10.272,-7.9896,-6.7204,-5.4328,-4.4908,-3.8195,-3.4609,-3.1463,-3.002,-2.9872,-3.087,-3.3037,-3.5261,-3.8847,-4.2966,-4.7309,-5.0492,-5.4405,-5.7608,-5.9379,-6.0795,-6.1103,-6.066,-5.9037,-5.6198,-5.1925,-4.759,-4.0224,-3.1083,-2.331,-1.2197,-0.067438,1.0567,1.8448,2.7946,3.6147,4.1421,4.7352,5.2053,5.4795,5.7516,5.9328,6.0459,6.104,6.1753,6.273,6.384,6.6063,6.9302,7.2433,7.7453,8.3233,8.9496,9.4307,10.058,10.641,11.032,11.475,11.811,12.026,12.101,12.076,11.901,11.667,11.209,10.572,9.9676,8.9764,7.7452,6.2263,4.8541,2.6195,-0.26444,-3.0664,-8.0322,-11.85,-9.3426,-5.365,-2.7567,-1.0624,-0.18468,0.61131,1.0853,1.2743,1.3463,1.2479,1.0062,0.73963,0.30446,-0.19084,-0.59149,-1.1502,-1.7181,-2.1311,-2.633,-3.0428,-3.3431,-3.5002,-3.6376,-3.7239,-3.7803,-3.8664,-3.9954,-4.1325,-4.3824,-4.7224,-5.1662,-5.5772,-6.2268,-6.987,-7.645,-8.6659,-9.8878,-11.378,-12.738,-14.924,-17.32,-18.85,-19.591,-18.114,-16.35,-14.221,-12.632,-11.511,-10.864,-9.9972,-8.7649,-7.3965,-5.0156,-2.3191,-0.28325,2.3031,4.6773,6.8266,8.2939,10.065,11.638,12.693,13.941,15.015,15.923,16.496,17.122,17.59,17.84,18.039,18.086,18.023,17.806,17.439,16.923,16.438,15.661,14.738,13.951,12.776,11.465,10.396,8.866,7.2312,5.5129,4.1868,2.3966,0.62007,-0.67858,-2.3372,-3.8793,-5.2736
-5.9081,-8.3607,-10.981,-9.7484,-7.4039,-4.5889,-2.4288,-1.1575,0.18242,1.2054,1.9746,2.4115,2.8298,3.0773,3.1568,3.1323,2.9689,2.7609,2.3736,1.8657,1.2507,0.72841,-0.031464,-0.84521,-1.4764,-2.3132,-3.0965,-3.6102,-4.1407,-4.4448,-4.5135,-4.4327,-4.2059,-3.9239,-3.7182,-3.4914,-3.3585,-3.3427,-3.4132,-3.6186,-3.949,-4.2855,-4.8455,-5.5345,-6.1308,-7.063,-8.2083,-9.6525,-10.985,-13.136,-15.428,-16.352,-15.032,-12.188,-10.099,-7.6783,-5.6437,-3.9035,-2.7472,-1.3614,-0.11337,0.74521,1.7949,2.7428,3.5897,4.146,4.7732,5.2654,5.5431,5.7882,5.8789,5.8355,5.6197,5.212,4.6021,4.012,3.0715,2.042,1.3531,0.88552,1.2876,2.1378,3.6588,5.2641,6.7552,7.7555,8.9133,9.8705,10.462,11.091,11.542,11.824,11.928,11.926,11.769,11.555,11.145,10.601,10.111,9.3598,8.5135,7.5917,6.8678,5.8922,4.9577,4.3267,3.6381,3.1624,2.9445,2.8037,2.7638,2.7531,2.7273,2.6387,2.4694,2.2852,1.9684,1.5887,1.1627,0.82925,0.40796,0.053118,-0.15435,-0.34605,-0.4475,-0.47759,-0.46429,-0.4123,-0.339,-0.28218,-0.21775,-0.18198,-0.18388,-0.22984,-0.32991,-0.44404,-0.6477,-0.90991,-1.2328,-1.5164,-1.9358,-2.3949,-2.7694,-3.2982,-3.8504,-4.4058,-4.8036,-5.2802,-5.6688,-5.9209,-6.2334,-6.4463,-6.5144,-6.579,-6.724,-7.0106,-7.3257,-7.8353,-8.2191,-8.048,-6.6008,-3.9532,-1.6894,1.2651,3.9648,6.3766,8.0033,9.9519,11.667,12.811,14.156,15.305,16.263,16.861,17.5,17.958,18.185,18.333,18.302,18.162,17.817,17.289,16.573,15.91,14.852,13.588,12.496,10.84,8.9371,7.3342,4.9411,2.2213,-0.85082,-3.3764,-6.8894,-9.983,-11.424,-12.052,-12.076,-12.149
-3.0722,-3.7706,-4.2292,-3.9535,-3.3284,-2.2012,-0.99643,-0.1428,0.86904,1.7028,2.3518,2.719,3.05,3.1952,3.182,3.0046,2.6499,2.2733,1.6319,0.83978,-0.083562,-0.83486,-1.8483,-2.7885,-3.3817,-3.952,-4.234,-4.2781,-4.1741,-3.9649,-3.7247,-3.5618,-3.4028,-3.3442,-3.3827,-3.5598,-3.9122,-4.4624,-5.0142,-5.9236,-7.0119,-7.9361,-9.2249,-10.397,-11.074,-11.655,-11.974,-12.209,-12.401,-12.667,-12.787,-12.565,-11.615,-9.9618,-8.4835,-6.4781,-4.6012,-2.9191,-1.7814,-0.41798,0.7924,1.6094,2.5868,3.4405,4.1717,4.6303,5.127,5.5037,5.7052,5.8533,5.8459,5.7252,5.3954,4.8528,4.0585,3.2688,1.9097,0.16315,-1.33,-2.9572,-2.6916,-1.1458,1.3919,3.6884,5.5837,6.7629,8.054,9.0604,9.65,10.236,10.609,10.782,10.788,10.636,10.316,9.9724,9.3914,8.6899,8.1033,7.2762,6.4501,5.6817,5.1739,4.6115,4.1909,3.9607,3.7428,3.588,3.4869,3.3448,3.1551,2.8765,2.5891,2.076,1.3915,0.74861,-0.29245,-1.5579,-3.0709,-4.3562,-6.1083,-7.4302,-7.7235,-7.057,-5.7508,-4.7153,-3.474,-2.4505,-1.6431,-1.167,-0.68017,-0.35177,-0.1991,-0.10717,-0.12977,-0.21392,-0.40567,-0.6611,-0.9618,-1.2107,-1.5569,-1.8973,-2.1443,-2.4457,-2.7192,-2.9635,-3.1267,-3.3193,-3.4815,-3.593,-3.7065,-3.7064,-3.6379,-3.5176,-3.3501,-3.0628,-2.7396,-2.1585,-1.3988,-0.70955,0.38892,1.7003,2.8039,4.3944,6.0569,7.7274,8.9527,10.517,11.974,12.981,14.197,15.257,16.151,16.71,17.303,17.719,17.912,18.011,17.925,17.737,17.32,16.71,15.902,15.162,13.992,12.602,11.407,9.6024,7.5358,5.7995,3.2148,0.30601,-2.8874,-5.3564,-8.3322,-10.28,-10.979,-11.491,-12.125,-13.211
-1.117,-1.3209,-1.3787,-1.1653,-0.84128,-0.24155,0.47257,1.036,1.7663,2.4171,2.9462,3.2439,3.4897,3.5462,3.4543,3.1376,2.5775,1.9868,0.94761,-0.43107,-2.2416,-3.9714,-6.9988,-11.483,-16.864,-21.799,-13.877,-10.494,-7.6572,-5.8352,-4.6101,-3.9712,-3.4116,-3.136,-3.1006,-3.279,-3.7293,-4.4701,-5.248,-6.6336,-8.535,-10.427,-13.9,-18.948,-22.224,-18.685,-14.523,-11.777,-10.263,-8.709,-7.5115,-6.7475,-5.8058,-4.884,-4.1868,-3.2473,-2.3116,-1.3976,-0.72768,0.13696,0.9649,1.556,2.2988,2.9823,3.6011,4.0131,4.4956,4.9046,5.1514,5.3865,5.5111,5.5365,5.4919,5.3781,5.2099,5.0658,4.8841,4.7658,4.7567,4.8931,5.2291,5.6087,6.251,6.9891,7.7514,8.2998,8.9558,9.49,9.7971,10.064,10.153,10.052,9.8462,9.3874,8.7058,8.0387,6.9248,5.5234,4.2575,2.2541,-0.094253,-2.5386,-3.8932,-4.0544,-2.696,-1.4588,-0.02103,1.0595,1.6425,2.1528,2.3828,2.3532,2.1681,1.7043,0.98451,0.25955,-0.96619,-2.4936,-4.3834,-6.0819,-8.6443,-10.799,-11.081,-9.6045,-7.5218,-6.0951,-4.506,-3.2479,-2.2888,-1.7422,-1.2217,-0.92254,-0.83615,-0.89796,-1.1568,-1.4822,-2.0805,-2.8274,-3.6627,-4.3028,-5.0715,-5.6141,-5.8233,-5.8417,-5.6633,-5.4119,-5.2383,-5.08,-5.0239,-5.0501,-5.1401,-5.2753,-5.4288,-5.6841,-5.8557,-5.8243,-5.6297,-5.0904,-4.1739,-3.2325,-1.6841,0.11418,1.5564,3.5191,5.4554,7.3154,8.6415,10.3,11.82,12.858,14.101,15.176,16.077,16.636,17.222,17.627,17.81,17.892,17.789,17.59,17.164,16.555,15.764,15.054,13.954,12.684,11.626,10.083,8.4054,7.0745,5.2298,3.3458,1.4731,0.10956,-1.6187,-3.2218,-4.3414,-5.7366,-7.0199,-8.1942
-6.696,-8.2137,-9.0871,-7.7762,-6.0511,-3.7504,-1.7817,-0.54051,0.82892,1.9126,2.7409,3.2042,3.6204,3.8156,3.8214,3.6452,3.2428,2.7902,1.9923,0.98522,-0.22069,-1.2337,-2.65,-3.9654,-4.7288,-5.2777,-5.2743,-5.0092,-4.4853,-3.92,-3.4064,-3.082,-2.7459,-2.5251,-2.445,-2.4565,-2.5967,-2.8735,-3.1767,-3.6957,-4.2875,-4.7506,-5.3408,-5.7838,-5.9632,-5.9683,-5.7568,-5.3899,-5.0702,-4.6677,-4.3374,-4.124,-3.8682,-3.6396,-3.4864,-3.3063,-3.1281,-2.9174,-2.712,-2.3398,-1.8461,-1.4026,-0.73282,-0.005131,0.72887,1.2529,1.9025,2.457,2.7822,3.0898,3.2698,3.3331,3.3345,3.2602,3.1533,3.0882,3.0795,3.217,3.4423,3.9089,4.5386,5.0888,5.8763,6.6735,7.4297,7.9447,8.5286,8.9737,9.2062,9.3657,9.3386,9.1158,8.8154,8.2319,7.4301,6.678,5.4677,4.001,2.7135,0.7232,-1.5343,-3.7242,-4.7727,-4.6222,-3.1922,-1.9311,-0.42402,0.76358,1.4407,2.0728,2.4138,2.4926,2.3884,2.0437,1.4769,0.90827,-0.023393,-1.0747,-2.1705,-2.9868,-4.0055,-4.8232,-5.2147,-5.3851,-5.1609,-4.7887,-4.1178,-3.3611,-2.6315,-2.1593,-1.6816,-1.423,-1.3938,-1.5956,-2.1059,-2.7169,-3.8993,-5.6174,-8.0755,-10.693,-16.274,-29.773,-21.386,-14.15,-10.777,-8.8957,-8.0626,-7.5129,-7.4772,-7.7362,-8.4169,-9.536,-10.623,-12.217,-13.703,-15.151,-16.396,-18.648,-20.332,-17.707,-11.834,-6.8311,-3.7107,-0.17883,2.8089,5.3792,7.0853,9.1086,10.875,12.044,13.409,14.56,15.506,16.084,16.68,17.081,17.254,17.317,17.19,16.971,16.518,15.884,15.077,14.361,13.271,12.035,11.021,9.5696,8.0228,6.8138,5.1499,3.4425,1.701,0.38347,-1.3887,-3.183,-4.5369,-6.3394,-8.0827,-9.6221
-6.9711,-8.2424,-8.9644,-7.9017,-6.415,-4.3286,-2.4683,-1.266,0.081632,1.1723,2.0342,2.5414,3.0381,3.3395,3.4393,3.4128,3.2076,2.9402,2.4361,1.7858,1.0115,0.3664,-0.54691,-1.4724,-2.1517,-2.9972,-3.7374,-4.2036,-4.6746,-4.9525,-5.0167,-4.9404,-4.7095,-4.3802,-4.1079,-3.7555,-3.4478,-3.1986,-3.0587,-2.9453,-2.8998,-2.8918,-2.9245,-2.9857,-3.0465,-3.1456,-3.2709,-3.4317,-3.5995,-3.8939,-4.2587,-4.577,-5.0837,-5.7207,-6.2961,-7.2044,-8.2641,-9.4378,-10.311,-11.167,-11.133,-10.357,-8.7052,-6.8719,-5.176,-4.0633,-2.8278,-1.9015,-1.4072,-0.9733,-0.7842,-0.81724,-1.1332,-1.7908,-2.7992,-3.7793,-5.2449,-6.2793,-6.0813,-4.3691,-2.0176,-0.31599,1.6808,3.3448,4.698,5.5267,6.4014,7.0293,7.343,7.5509,7.5276,7.2748,6.9378,6.2988,5.456,4.705,3.5857,2.4037,1.5265,0.45359,-0.39295,-0.89647,-1.0124,-0.83653,-0.37812,0.070155,0.70727,1.3066,1.6928,2.083,2.2931,2.3057,2.1747,1.8054,1.2192,0.62872,-0.396,-1.6971,-3.2708,-4.6576,-6.8871,-9.7151,-12.213,-14.809,-13.535,-11.181,-8.3394,-6.1552,-4.525,-3.5854,-2.6525,-2.0433,-1.7844,-1.6942,-1.8867,-2.1956,-2.8303,-3.7108,-4.7467,-5.5594,-6.5312,-7.1571,-7.3024,-7.1321,-6.8062,-6.5615,-6.5222,-6.7358,-7.325,-8.0629,-9.5341,-11.663,-13.764,-17.821,-24.777,-24.704,-20.708,-17.274,-14.712,-12.815,-9.9379,-6.6316,-4.1313,-1.0282,1.7269,4.1548,5.7888,7.7442,9.4613,10.601,11.933,13.058,13.979,14.538,15.107,15.474,15.617,15.631,15.442,15.167,14.623,13.879,12.936,12.103,10.83,9.3859,8.2024,6.5171,4.7474,3.396,1.6099,-0.1148,-1.7694,-2.9815,-4.6351,-6.4324,-7.9665,-10.44,-13.759,-18.7
-2.7408,-2.8975,-2.9302,-2.7341,-2.4367,-1.8808,-1.2003,-0.63653,0.13739,0.89483,1.5936,2.0601,2.5833,2.9678,3.1468,3.236,3.1581,2.9856,2.5879,2.0034,1.2351,0.53355,-0.57826,-1.9127,-3.0735,-4.8321,-6.8594,-8.54,-10.83,-12.544,-12.745,-11.955,-10.43,-8.9319,-7.922,-6.7478,-5.7424,-4.8947,-4.3381,-3.7104,-3.2215,-2.9401,-2.6773,-2.548,-2.5438,-2.6653,-2.9258,-3.341,-3.7656,-4.466,-5.2975,-6.032,-7.182,-8.5175,-9.6105,-11.185,-12.967,-15.136,-17.251,-20.936,-22.772,-19.942,-15.422,-11.941,-9.3286,-7.7853,-6.1467,-4.9499,-4.2776,-3.6073,-3.2385,-3.1906,-3.4526,-4.1017,-5.1574,-6.2684,-8.15,-9.8666,-9.8428,-7.5386,-4.5092,-2.4425,-0.096962,1.8197,3.3644,4.3036,5.2927,6.0015,6.3512,6.5754,6.5325,6.213,5.7842,4.9485,3.7927,2.6906,0.86612,-1.4113,-3.4456,-6.457,-8.6299,-7.9028,-6.195,-3.9222,-2.0572,-0.91816,0.30407,1.2362,1.77,2.2735,2.5558,2.6267,2.5349,2.2249,1.7088,1.1995,0.31031,-0.84302,-2.2221,-3.3785,-5.0708,-6.879,-8.1042,-9.0357,-8.6938,-7.7706,-6.2138,-4.6838,-3.3749,-2.5664,-1.7144,-1.1008,-0.78474,-0.54126,-0.49188,-0.55943,-0.7634,-1.0739,-1.4387,-1.7175,-2.0668,-2.3591,-2.5346,-2.7118,-2.8612,-3.0216,-3.1703,-3.4409,-3.8217,-4.1942,-4.7902,-5.4631,-6.0238,-6.7566,-7.0711,-6.9268,-6.6477,-5.9456,-4.9748,-4.1519,-2.9233,-1.5,-0.33477,1.2794,2.9003,4.5041,5.6848,7.2074,8.6387,9.6348,10.843,11.897,12.779,13.321,13.872,14.222,14.347,14.325,14.083,13.753,13.11,12.226,11.092,10.068,8.4555,6.5391,4.8791,2.3337,-0.62652,-3.0939,-6.3927,-8.6426,-8.9705,-8.5596,-8.0495,-7.9085,-8.063,-8.5533,-9.2729,-9.9561
-2.6215,-2.747,-2.9157,-3.0484,-3.0989,-3.0271,-2.7282,-2.323,-1.5485,-0.58037,0.44527,1.1849,2.0683,2.7956,3.2086,3.5619,3.6925,3.6494,3.3898,2.8953,2.1643,1.4556,0.27584,-1.2069,-2.5406,-4.6723,-7.3096,-9.6931,-13.405,-16.724,-16.843,-15.413,-13.504,-12.001,-11.023,-9.7307,-8.3707,-7.0095,-6.0133,-4.778,-3.7475,-3.1227,-2.4913,-2.0973,-1.9663,-2.0094,-2.3089,-2.8739,-3.4823,-4.5383,-5.9593,-7.3021,-9.428,-11.86,-13.758,-15.997,-17.09,-16.881,-16.289,-15.309,-14.182,-13.244,-11.847,-10.365,-8.9064,-7.9014,-6.6967,-5.6527,-4.9428,-4.1242,-3.5991,-3.3983,-3.2892,-3.2883,-3.3648,-3.4425,-3.4488,-3.2167,-2.829,-2.0186,-0.90224,0.079313,1.4698,2.8408,4.1019,4.9396,5.8812,6.5993,6.977,7.2557,7.2751,7.0185,6.6395,5.8768,4.8077,3.783,2.0908,0.056168,-1.6317,-3.872,-5.3203,-4.9884,-3.8713,-2.1481,-0.6114,0.37392,1.4858,2.3861,2.9195,3.4415,3.7539,3.8582,3.8015,3.5437,3.0767,2.6248,1.8957,1.0026,-0.012986,-0.78648,-1.7232,-2.4779,-2.8662,-3.0828,-2.9357,-2.6303,-2.0504,-1.3505,-0.63361,-0.12824,0.4383,0.84894,1.0453,1.1643,1.1145,0.97251,0.67961,0.29633,-0.1369,-0.45504,-0.81956,-1.0652,-1.1614,-1.168,-1.0655,-0.89131,-0.7581,-0.60895,-0.51196,-0.48438,-0.49789,-0.55806,-0.62651,-0.66825,-0.60822,-0.58715,-0.56629,-0.43597,-0.26078,-0.11084,0.18157,0.61292,1.0103,1.6582,2.5019,3.5979,4.574,6.0071,7.4886,8.5761,9.935,11.143,12.167,12.799,13.451,13.877,14.044,14.06,13.837,13.511,12.86,11.958,10.798,9.7498,8.1016,6.1454,4.4543,1.8572,-1.1748,-3.7165,-7.0605,-8.8538,-8.2132,-7.1735,-5.9718,-5.1585,-4.778,-4.4961,-4.4136,-4.4978
-4.9529,-4.9979,-5.3779,-6.2965,-7.4299,-9.7033,-12.454,-12.651,-9.0612,-5.2319,-2.2938,-0.58931,1.166,2.4462,3.1641,3.8385,4.2009,4.2852,4.1805,3.8383,3.2708,2.7064,1.7863,0.68549,-0.26666,-1.694,-3.2464,-4.4659,-6.1032,-7.7397,-9.393,-10.754,-12.996,-16.294,-19.816,-20.645,-14.912,-10.548,-8.1921,-5.8271,-4.0649,-3.0642,-2.0665,-1.4195,-1.1394,-1.0278,-1.2218,-1.7303,-2.312,-3.4268,-4.945,-6.3372,-8.6248,-11.694,-14.591,-18.359,-18.751,-16.711,-15.211,-13.646,-12.599,-12.006,-11.306,-10.597,-9.764,-9.0213,-7.89,-6.7191,-5.8493,-4.912,-4.2998,-3.9868,-3.7207,-3.7063,-3.9836,-4.3247,-4.8308,-5.171,-5.0854,-4.2328,-2.6291,-1.1664,0.82152,2.6661,4.2814,5.3295,6.4988,7.3983,7.8968,8.3397,8.5184,8.4391,8.2191,7.7136,6.9901,6.3186,5.2734,4.1167,3.2501,2.1916,1.3237,0.73539,0.53759,0.63398,1.0891,1.5906,2.3647,3.1521,3.6898,4.2752,4.6742,4.8441,4.8161,4.5766,4.0494,3.4759,2.5211,1.3135,-0.21582,-1.5675,-3.5198,-5.3334,-6.1772,-6.047,-4.7592,-3.5387,-1.968,-0.62673,0.45081,1.0972,1.7486,2.1542,2.2915,2.2509,1.9541,1.5378,0.72573,-0.38353,-1.8034,-3.0047,-4.5559,-5.4429,-5.3112,-4.252,-2.8339,-1.5138,-0.68501,0.19372,0.84558,1.2083,1.5517,1.7541,1.8417,1.9171,1.8463,1.6563,1.5233,1.2828,0.90873,0.54175,-0.10372,-1.0654,-2.0665,-3.7086,-4.9998,-4.0624,-1.8543,1.4511,4.3662,6.2287,8.3237,10.026,11.387,12.2,13.028,13.578,13.814,13.902,13.733,13.442,12.839,11.995,10.92,9.9713,8.5327,6.9332,5.6624,3.9387,2.2847,1.1675,-0.045723,-0.88446,-1.3566,-1.5048,-1.5202,-1.4398,-1.3793,-1.3295,-1.3089,-1.4498
-7.3258,-6.5539,-6.0718,-6.1286,-6.4972,-7.2452,-7.768,-7.4741,-5.8983,-3.6631,-1.5378,-0.16238,1.3379,2.4506,3.0426,3.5712,3.8201,3.8341,3.6626,3.2947,2.7576,2.2647,1.518,0.70205,0.055821,-0.83509,-1.7605,-2.4829,-3.4976,-4.5841,-5.7607,-6.7128,-8.0614,-9.3044,-9.9611,-10.012,-9.0171,-7.5049,-6.2586,-4.7457,-3.4886,-2.6969,-1.8537,-1.2466,-0.93359,-0.7054,-0.70006,-0.91643,-1.2295,-1.8369,-2.6182,-3.3439,-4.5071,-5.7172,-6.5474,-7.5691,-8.4679,-9.2002,-9.7044,-10.493,-11.619,-12.796,-15.033,-18.159,-19.749,-17.409,-13.323,-10.132,-8.3533,-6.7567,-5.6485,-4.9952,-4.537,-4.6587,-5.3507,-6.2846,-8.4375,-12.458,-17.978,-16.097,-8.2644,-4.5642,-1.0161,1.6309,3.6965,4.9579,6.3188,7.3557,7.9405,8.4846,8.7611,8.7924,8.6583,8.2719,7.6515,7.0468,6.0355,4.7445,3.5874,1.7906,-0.36662,-2.9629,-4.9935,-6.3781,-4.8191,-2.8435,-0.43158,1.4449,2.5264,3.6052,4.3201,4.7032,4.7866,4.6398,4.1977,3.6273,2.5734,1.2108,-0.56708,-2.2934,-5.2491,-9.0117,-11.457,-10.307,-6.7962,-4.6235,-2.3771,-0.68711,0.57778,1.2914,1.9715,2.3814,2.5122,2.4319,2.0584,1.5605,0.55352,-0.92541,-3.0036,-5.1171,-8.8943,-12.394,-11.262,-7.3987,-4.3927,-2.3268,-1.2193,-0.15496,0.54203,0.87818,1.1228,1.1914,1.1589,0.99344,0.72549,0.53409,0.40885,0.12629,-0.20453,-0.51406,-1.1521,-2.1188,-3.0242,-4.4159,-5.6156,-5.0112,-2.997,0.21669,3.1103,4.9727,7.0765,8.7918,10.162,10.984,11.823,12.384,12.63,12.728,12.569,12.283,11.678,10.816,9.6978,8.6911,7.1214,5.3021,3.7919,1.6484,-0.47694,-1.8453,-2.9896,-3.217,-2.822,-2.387,-1.8341,-1.4285,-1.2451,-1.2002,-1.3319,-1.5793
-5.9257,-5.0984,-4.1797,-3.423,-2.9238,-2.3122,-1.6643,-1.1233,-0.32809,0.53107,1.3747,1.9493,2.5907,3.0694,3.2829,3.3385,3.1542,2.8596,2.256,1.4453,0.48624,-0.28611,-1.2833,-2.1001,-2.5225,-2.8418,-3.0036,-3.089,-3.2146,-3.4109,-3.694,-3.9464,-4.316,-4.6356,-4.8063,-4.919,-4.8471,-4.6279,-4.3881,-3.9414,-3.4168,-2.9914,-2.4108,-1.864,-1.4973,-1.1051,-0.82997,-0.70734,-0.72176,-0.87114,-1.1927,-1.5551,-2.0957,-2.6852,-3.1975,-3.9846,-4.7891,-5.598,-6.2725,-7.3151,-8.5161,-9.5521,-11.078,-12.393,-12.772,-12.092,-10.326,-8.4442,-7.2285,-5.9485,-4.838,-4.1993,-3.7463,-3.5875,-3.5507,-3.6086,-3.7362,-3.7191,-3.4899,-2.754,-1.4983,-0.33248,1.3041,2.8874,4.3439,5.317,6.4274,7.316,7.8398,8.3386,8.617,8.6848,8.5922,8.2844,7.7564,7.2187,6.3223,5.1773,4.121,2.4344,0.42703,-1.8969,-3.6332,-4.7454,-3.5391,-1.9394,0.11757,1.7984,2.7909,3.7898,4.4521,4.8181,4.9088,4.7977,4.4914,4.0991,3.3342,2.3948,1.3764,0.57014,-0.47344,-1.3172,-1.7343,-1.9182,-1.6626,-1.2601,-0.56936,0.18422,0.93281,1.4475,2.0169,2.4171,2.6058,2.6841,2.5536,2.3382,1.8766,1.2525,0.52324,-0.042423,-0.69454,-1.0829,-1.1551,-0.9871,-0.63871,-0.2757,-0.057129,0.11132,0.088835,-0.073172,-0.48568,-1.1005,-1.6706,-2.5166,-3.2017,-3.5795,-3.7497,-3.7028,-3.3493,-3.0461,-2.644,-2.1666,-1.7561,-1.1827,-0.47482,0.53427,1.4856,2.8988,4.3771,5.4866,6.885,8.1316,9.191,9.8482,10.538,11.004,11.204,11.272,11.109,10.832,10.25,9.4168,8.308,7.282,5.6133,3.5254,1.5989,-1.6781,-6.3597,-11.824,-17.58,-10.014,-6.0043,-4.2106,-2.716,-1.9048,-1.6195,-1.6257,-2.0794,-2.7662
-4.6408,-3.9667,-3.0351,-2.0849,-1.3838,-0.47444,0.37504,0.97831,1.7298,2.3954,2.9629,3.3029,3.5933,3.6974,3.6519,3.3709,2.8063,2.1722,0.9687,-0.70301,-2.9696,-5.1946,-9.0505,-12.779,-12.244,-9.0065,-6.46,-5.1403,-3.9992,-3.3576,-3.1055,-3.1027,-3.3054,-3.6908,-4.0705,-4.6583,-5.3017,-5.8792,-6.259,-6.5467,-6.4062,-6.018,-5.2055,-4.2002,-3.4362,-2.5118,-1.7494,-1.1735,-0.88172,-0.67251,-0.6896,-0.79481,-1.0489,-1.5043,-1.9504,-2.5726,-3.2216,-3.901,-4.3877,-4.9652,-5.4053,-5.6538,-5.863,-5.8899,-5.7493,-5.5048,-5.0295,-4.5135,-4.1612,-3.6634,-3.1344,-2.9452,-2.8487,-2.6887,-2.511,-2.3879,-2.1154,-1.6764,-1.2308,-0.44257,0.54765,1.3671,2.5136,3.6754,4.7875,5.5525,6.4502,7.1905,7.6373,8.0679,8.3227,8.3914,8.3197,8.0799,7.6734,7.2594,6.6158,5.9069,5.3201,4.4906,3.7259,3.1295,2.8167,2.6277,2.7621,3.0464,3.5472,4.0898,4.4841,4.9305,5.2294,5.3571,5.3376,5.1155,4.719,4.3481,3.6846,2.8174,1.8501,1.0962,0.064329,-0.91664,-1.5453,-2.1629,-2.4214,-2.3133,-1.8051,-1.0372,-0.15629,0.50319,1.3214,1.9888,2.3643,2.7153,2.8694,2.8727,2.7536,2.5154,2.1998,1.9492,1.6138,1.3251,1.1585,0.99255,0.8468,0.6861,0.52975,0.19709,-0.34228,-0.92284,-2.0075,-3.5567,-5.1392,-8.0093,-12.229,-17.604,-16.408,-11.813,-8.7725,-7.3397,-5.8851,-4.6494,-3.8584,-2.8396,-1.6083,-0.15142,0.97725,2.451,3.8787,4.8934,6.1273,7.1936,8.0845,8.632,9.1991,9.5787,9.7431,9.7992,9.6729,9.4581,9.0112,8.3804,7.5601,6.8232,5.6857,4.3865,3.327,1.878,0.51899,-0.30992,-0.97212,-1.1047,-0.88426,-0.63956,-0.34952,-0.20969,-0.24944,-0.48222,-1.1047,-2.0653
-7.3838,-6.3504,-4.9067,-3.4922,-2.4924,-1.2386,-0.094919,0.6789,1.5873,2.3438,2.9357,3.2731,3.5736,3.6538,3.5712,3.2772,2.73,2.1427,1.1099,-0.26858,-2.0112,-3.5169,-5.5801,-6.9689,-6.9652,-5.9264,-4.619,-3.7898,-3.0208,-2.6422,-2.6179,-2.8224,-3.368,-4.2491,-5.1295,-6.6102,-8.5469,-11.032,-13.424,-17.601,-19.685,-16.612,-12.144,-8.8309,-6.9305,-4.9284,-3.4251,-2.3377,-1.7559,-1.2722,-1.0716,-1.1025,-1.4509,-2.069,-2.6552,-3.6091,-4.7637,-5.9101,-6.5745,-6.9951,-6.8518,-6.4471,-5.7193,-4.9797,-4.3061,-3.8839,-3.4627,-3.1828,-3.0629,-3.022,-3.3017,-3.6284,-4.0279,-4.5195,-5.1075,-5.4449,-5.5722,-5.2118,-4.5713,-3.3338,-1.8712,-0.73378,0.76354,2.1799,3.4483,4.2802,5.2283,5.983,6.4108,6.8062,7.0002,6.9903,6.8666,6.5512,6.0991,5.6782,5.0143,4.3136,3.822,3.2338,2.7573,2.4843,2.4463,2.5798,2.8655,3.1572,3.6091,4.0596,4.3569,4.6625,4.8406,4.8612,4.7667,4.4871,3.9548,3.4334,2.6231,1.5855,0.27215,-0.86359,-2.6342,-4.7784,-6.6964,-9.7179,-12.347,-12.076,-9.0985,-6.0083,-3.5439,-2.0886,-0.56231,0.58014,1.2113,1.7755,2.0663,2.1016,1.9524,1.6083,1.1315,0.7297,0.19943,-0.25504,-0.4954,-0.66097,-0.67239,-0.61067,-0.58793,-0.6724,-0.94314,-1.3122,-2.0747,-3.1961,-4.2842,-6.0695,-7.7871,-8.8204,-9.3476,-9.0793,-8.6025,-8.5039,-8.8648,-10.04,-11.061,-10.749,-7.8902,-4.5983,-2.4817,-0.13534,1.7816,2.9574,4.2252,5.2157,5.9678,6.3995,6.8147,7.0749,7.1777,7.2055,7.1154,6.9729,6.6823,6.2769,5.7694,5.3215,4.6546,3.9391,3.3972,2.7087,2.1122,1.7456,1.3775,1.1625,1.0541,1.005,0.94201,0.83998,0.69746,0.3975,0.00028926,-0.73416
-13.626,-11.322,-8.892,-6.829,-5.4223,-3.7195,-2.1745,-1.1376,0.059513,1.0448,1.8056,2.2209,2.617,2.8239,2.8374,2.7059,2.4193,2.1201,1.6486,1.0886,0.49074,0.066862,-0.40528,-0.74175,-0.88273,-0.94847,-0.92105,-0.91702,-1.0005,-1.2607,-1.7424,-2.2903,-3.2762,-4.5975,-5.8327,-7.7775,-10.098,-12.548,-14.254,-16.041,-16.122,-14.901,-12.33,-9.5927,-7.7787,-5.7286,-4.1043,-2.8902,-2.2189,-1.654,-1.4214,-1.513,-1.9625,-2.7243,-3.6118,-5.3948,-7.964,-12.007,-17.371,-25.712,-14.543,-10.689,-7.5364,-5.5501,-4.2321,-3.5863,-3.1149,-2.9885,-3.0856,-3.5832,-4.4973,-5.2423,-6.6147,-8.7241,-11.44,-14.033,-18.689,-19.699,-15.671,-10.82,-7.2336,-5.0496,-2.5737,-0.5463,1.1019,2.1213,3.2176,4.0255,4.438,4.7584,4.8053,4.6091,4.318,3.7203,2.9322,2.2378,1.1189,-0.1901,-1.1966,-2.4474,-3.409,-3.6979,-3.3372,-2.2858,-1.0133,-0.10412,0.98484,1.8969,2.43,2.9353,3.227,3.2922,3.1877,2.9056,2.3765,1.7663,0.78752,-0.36224,-1.8047,-3.0551,-4.9121,-7.0258,-8.7377,-10.994,-12.519,-12.15,-9.816,-7.0947,-4.6758,-3.1402,-1.505,-0.31069,0.336,0.84693,1.0011,0.87774,0.37381,-0.52445,-1.8436,-3.1302,-5.1276,-7.0418,-7.7944,-7.2495,-5.7101,-4.1768,-3.2581,-2.3334,-1.7404,-1.497,-1.398,-1.5147,-1.7097,-2.0655,-2.4129,-3.0343,-3.4655,-3.8501,-4.5546,-5.2195,-6.6361,-8.5744,-9.7981,-10.209,-7.8293,-4.7678,-2.9165,-0.92191,0.60772,1.4562,2.2545,2.7581,3.0162,3.0921,3.0814,3.0065,2.9403,2.8693,2.8092,2.7601,2.6577,2.4732,2.1861,1.8859,1.3867,0.8017,0.34237,-0.23433,-0.67688,-0.86556,-0.92586,-0.79009,-0.52901,-0.30063,-0.035276,0.12628,0.159,0.0232,-0.15558,-0.5275
-13.845,-13.825,-13.053,-11.142,-9.1581,-6.4914,-4.1704,-2.7018,-1.1064,0.10634,0.99439,1.4438,1.776,1.9083,1.8885,1.7325,1.5095,1.3253,1.1062,0.97577,0.92585,0.92961,0.9935,1.0891,1.1511,1.2152,1.2306,1.1643,0.95928,0.58427,-0.014445,-0.63936,-1.742,-3.1947,-4.5866,-6.9362,-10.145,-14.784,-20.067,-25.026,-17.081,-13.317,-9.8368,-7.2504,-5.6791,-3.9537,-2.6259,-1.6208,-1.077,-0.60163,-0.40674,-0.4427,-0.64189,-1.1088,-1.6894,-2.6277,-3.7025,-4.8973,-5.5813,-5.8286,-5.2738,-4.4904,-3.3675,-2.4025,-1.7231,-1.4275,-1.3002,-1.5188,-1.9262,-2.7737,-3.854,-4.9923,-7.1556,-9.5371,-12.171,-14.431,-16.744,-17.006,-15.509,-12.333,-9.014,-6.7181,-3.9867,-1.7381,0.042591,1.119,2.2209,2.9456,3.2585,3.3834,3.1784,2.6795,2.0984,1.075,-0.24053,-1.3351,-2.9708,-5.0325,-6.9852,-10.484,-17.001,-28.619,-15.044,-8.7437,-5.0901,-3.1376,-1.2204,0.13272,0.87155,1.565,1.9508,2.0669,1.9677,1.6252,1.1454,0.55094,-0.53476,-1.8033,-3.3663,-4.7702,-6.8711,-9.0401,-10.328,-10.841,-9.899,-8.6304,-6.6586,-4.6352,-2.8123,-1.6143,-0.25603,0.76183,1.2936,1.6868,1.6946,1.4582,0.77422,-0.37927,-2.1049,-3.8735,-7.0041,-11.048,-13.151,-10.981,-7.625,-5.2089,-3.9042,-2.5726,-1.5913,-1.0215,-0.42492,0.028745,0.28186,0.52025,0.60516,0.60917,0.71689,0.6487,0.4209,0.23015,-0.044359,-0.16791,-0.24583,-0.21119,0.17268,0.633,0.94867,1.3659,1.5968,1.5892,1.3528,0.82923,0.0094755,-0.77955,-1.9693,-3.0796,-3.6406,-3.797,-3.3581,-2.8616,-2.2326,-1.8322,-1.7541,-1.9266,-2.501,-3.5097,-4.5565,-6.2892,-7.9708,-8.4974,-7.6003,-5.7589,-3.9806,-2.8689,-1.7227,-0.95437,-0.55478,-0.33475,-0.42094,-0.4797
-11.218,-14.257,-18.22,-13.897,-9.9301,-6.0894,-3.3357,-1.7851,-0.23264,0.82751,1.4429,1.6773,1.644,1.2255,0.72981,-0.15567,-1.1265,-1.7505,-2.1638,-1.884,-1.1048,-0.40275,0.49377,1.2809,1.7734,2.292,2.6314,2.7925,2.8734,2.7854,2.5095,2.1767,1.5194,0.61875,-0.22101,-1.5709,-3.1339,-4.7759,-5.7037,-6.1634,-5.5039,-4.6049,-3.2591,-2.0154,-1.2216,-0.3402,0.32304,0.78211,1.007,1.1936,1.267,1.2994,1.2841,1.1598,1.1066,1.0424,0.92874,0.909,0.95683,1.0853,1.3104,1.5374,1.8399,2.0898,2.2038,2.1785,1.9812,1.5336,1.0027,0.10994,-1.1915,-2.4988,-4.3252,-6.7801,-10.195,-13.398,-20.582,-25.873,-17.327,-11.178,-7.2787,-4.9493,-2.3947,-0.39636,1.1845,2.1202,3.0191,3.5256,3.669,3.5106,2.9673,1.98,0.9387,-0.81979,-3.069,-4.9382,-7.06,-8.3466,-8.7716,-8.7552,-8.2755,-7.4945,-6.5057,-4.7578,-3.078,-1.9454,-0.65802,0.29817,0.81908,1.2911,1.5054,1.5081,1.3896,0.97571,0.45045,0.040585,-0.7918,-1.9381,-3.3254,-4.7109,-7.1975,-10.934,-15.004,-16.453,-10.795,-7.3715,-4.0909,-1.6534,0.26027,1.4089,2.6052,3.4923,3.945,4.2968,4.3366,4.1686,3.6924,2.9448,1.9687,1.1287,-0.061721,-1.121,-1.7438,-2.2565,-2.4329,-2.3799,-2.1979,-1.7937,-1.2261,-0.69721,0.10408,0.93361,1.5317,2.2692,2.8733,3.5096,3.8452,4.0993,4.3795,4.5062,4.6675,4.7346,4.7185,4.7498,4.7028,4.5256,4.369,4.0169,3.4155,2.8061,1.7335,0.24768,-1.7463,-3.7195,-7.3402,-13.358,-23.84,-18.229,-10.91,-8.1707,-5.8864,-4.4869,-3.7629,-3.5924,-3.876,-4.8114,-6.0185,-8.5087,-12.093,-13.716,-10.989,-7.2734,-4.5664,-3.122,-1.7505,-0.82405,-0.37007,0.06319,0.08202,-0.10907
-2.3596,-2.7638,-2.8827,-2.5048,-1.9054,-0.91407,0.10552,0.79948,1.545,2.0265,2.1581,2.0185,1.522,0.47575,-0.73222,-3.0848,-6.9024,-11.777,-27.751,-11.392,-6.0351,-3.6803,-1.566,-0.15627,0.63432,1.4475,2.0696,2.4787,2.9361,3.3056,3.5765,3.707,3.76,3.6653,3.5223,3.2325,2.9166,2.5637,2.3473,2.1674,2.1213,2.1365,2.189,2.229,2.2126,2.0687,1.8,1.405,1.0557,0.58399,0.19747,0.050779,0.0037452,0.27681,0.67118,1.2244,1.7931,2.4089,2.8213,3.3124,3.7612,4.03,4.3033,4.4614,4.4914,4.4176,4.1496,3.717,3.273,2.458,1.3955,0.63693,-0.63388,-2.1757,-3.4834,-4.4395,-5.3757,-5.5345,-5.0837,-3.9471,-2.5272,-1.3588,0.15213,1.471,2.6037,3.2843,3.9271,4.2793,4.3204,4.0433,3.3466,2.16,0.92542,-1.2967,-4.5862,-8.1862,-14.698,-15.988,-11.308,-7.6139,-5.4831,-3.8797,-3.0196,-2.1026,-1.2924,-0.82356,-0.37687,-0.078675,0.02612,-0.02863,-0.27075,-0.69462,-1.0201,-1.5228,-2.1571,-2.3697,-2.4405,-2.5645,-2.6165,-2.6706,-2.7706,-2.8211,-2.7242,-2.1762,-1.21,-0.29913,1.0458,2.3582,3.5136,4.2795,5.1145,5.7327,6.0583,6.3066,6.3605,6.25,5.9255,5.3993,4.6976,4.0501,3.0387,1.8852,0.92776,-0.51539,-2.1885,-4.0626,-5.4303,-6.666,-6.2131,-4.9046,-2.8345,-0.92742,0.3166,1.7379,2.9617,3.9892,4.5018,5.1675,5.779,6.1204,6.4577,6.6136,6.6994,6.7091,6.4917,6.17,5.8344,5.1511,4.2806,3.4862,2.17,0.57409,-1.3127,-2.901,-5.1569,-7.2574,-8.4535,-9.1369,-8.7906,-8.0983,-6.8545,-5.5939,-4.4506,-3.7873,-3.1953,-2.9327,-2.9095,-3.0126,-3.13,-3.1067,-2.8214,-2.3603,-1.8326,-1.4905,-1.1882,-1.0228,-1.0451,-1.0515,-0.96,-1.3386
0.50543,0.29768,0.17746,0.26342,0.45355,0.85867,1.3397,1.698,2.097,2.3392,2.3894,2.2184,1.7529,0.9945,0.17912,-1.1422,-2.6119,-3.5872,-4.394,-4.3273,-3.7262,-3.2318,-2.6756,-2.3105,-2.1469,-1.9468,-1.5457,-1.0657,-0.17965,0.88401,1.9615,2.6934,3.5414,4.2075,4.5785,4.9221,5.118,5.2031,5.1779,5.0614,4.8308,4.5958,4.1679,3.5824,3.027,2.076,0.85901,-0.68213,-2.0919,-4.3568,-6.8743,-8.4102,-8.3766,-6.1917,-4.4718,-2.483,-0.74644,0.62635,1.4631,2.4092,3.1597,3.5922,4.027,4.292,4.4022,4.3778,4.1934,3.8577,3.5127,2.8889,2.2194,1.5778,0.54217,-0.32393,-1.2741,-1.9268,-2.4946,-2.7551,-2.6669,-2.214,-1.3888,-0.60252,0.48297,1.5905,2.5957,3.2238,3.8749,4.2941,4.42,4.3472,3.9722,3.3385,2.6576,1.554,0.33793,-0.658,-1.632,-2.1932,-2.3475,-2.1534,-1.9427,-1.7701,-1.6611,-1.6951,-1.8228,-1.9471,-2.2059,-2.5057,-2.7791,-3.2992,-4.0601,-5.225,-6.452,-8.3066,-10.653,-11.558,-9.674,-6.7323,-4.4511,-3.0766,-1.6321,-0.45977,0.30432,1.1879,2.0459,2.6555,3.4206,4.1494,4.7948,5.2157,5.7122,6.0916,6.3086,6.472,6.5051,6.435,6.1993,5.784,5.168,4.5817,3.6074,2.364,1.2404,-0.6071,-2.9588,-6.1079,-9.2345,-13.643,-12.41,-9.2021,-5.8428,-3.4413,-2.0163,-0.45945,0.90489,1.9784,2.7027,3.7656,4.534,5.0405,5.5499,5.9243,6.1158,6.1184,5.9619,5.6303,5.1878,4.4495,3.5349,2.6841,1.3796,-0.10607,-1.7893,-3.1861,-5.2156,-7.5676,-9.6028,-12.783,-15.547,-15.04,-11.585,-8.3099,-5.8123,-4.3699,-2.9253,-1.9171,-1.4016,-0.96181,-0.73003,-0.70048,-0.78993,-1.0347,-1.4841,-1.9468,-2.7162,-3.6839,-4.4427,-5.6198,-6.098,-6.1266
0.01572,-0.52518,-1.0357,-1.0896,-0.81088,-0.10246,0.78994,1.4495,2.2111,2.7549,3.0875,3.1664,3.0076,2.6785,2.3074,1.6811,0.95561,0.40708,-0.25701,-0.92747,-1.576,-2.1343,-3.115,-4.4873,-5.9538,-8.724,-11.718,-11.079,-6.7921,-2.9886,-0.14596,1.4985,3.226,4.5432,5.2962,6.0582,6.5359,6.8125,6.8832,6.7976,6.5071,6.1618,5.5166,4.6329,3.8039,2.4703,0.80273,-1.2678,-3.1479,-6.1988,-9.9073,-12.351,-12.598,-9.2214,-6.9603,-4.5985,-2.5236,-0.9117,0.1035,1.2618,2.1504,2.6868,3.2389,3.608,3.7951,3.8271,3.7614,3.5153,3.2358,2.766,2.1185,1.3995,0.51094,-0.62665,-2.1233,-3.2375,-4.876,-6.3247,-6.796,-6.096,-4.2326,-2.66,-0.73403,0.96976,2.3708,3.2227,4.1466,4.7889,5.1079,5.3433,5.3725,5.2073,4.9547,4.4952,4.0162,3.5776,2.944,2.4162,1.9496,1.2931,0.63456,-0.25742,-1.0184,-2.1775,-3.6168,-4.701,-5.8967,-6.565,-6.657,-6.4365,-6.3826,-6.8077,-7.7398,-9.0493,-11.143,-11.632,-9.0822,-6.0642,-3.3233,-1.7088,0.0015334,1.3007,2.1039,2.9401,3.5723,3.9642,4.3629,4.6467,4.8938,5.046,5.2489,5.4781,5.6601,5.8907,6.05,6.1199,6.0932,5.9079,5.5303,5.1196,4.3893,3.4337,2.5856,1.3019,-0.12101,-1.5826,-2.5673,-3.6224,-4.2274,-4.3482,-4.2442,-3.9065,-3.5364,-2.848,-1.9899,-1.021,0.034204,1.4773,2.5837,3.3808,4.2587,4.9718,5.2708,5.4138,5.3893,5.0012,4.5319,3.7503,2.6464,1.7003,0.34398,-1.1087,-2.5588,-3.6243,-5.078,-6.6538,-7.9923,-9.9115,-11.184,-10.727,-8.436,-5.8017,-3.5661,-2.2334,-0.84588,0.14779,0.6597,1.0562,1.1743,1.0736,0.66559,-0.05234,-1.1434,-2.2475,-4.1906,-6.8917,-9.4551,-15.307,-21.841,-16.553
-2.9067,-5.1784,-9.4523,-12.104,-8.8638,-4.3553,-1.2845,0.3689,1.9633,3.0252,3.6327,3.8881,3.9284,3.6834,3.3621,2.7583,2.0166,1.3943,0.55085,-0.32181,-1.1734,-1.8057,-2.7603,-3.9063,-4.9294,-6.4464,-7.3988,-6.8316,-4.5526,-1.8294,0.59264,2.1463,3.8624,5.2135,6.0312,6.8729,7.4596,7.7778,7.8699,7.7844,7.4785,7.0872,6.3626,5.3997,4.5147,3.1279,1.4906,-0.36712,-1.8528,-3.8668,-5.7014,-6.857,-7.6319,-7.398,-6.9215,-5.5281,-3.9492,-2.518,-1.4863,-0.32383,0.56676,1.1006,1.6167,1.953,2.1325,2.1851,2.1713,2.0466,1.8692,1.5593,0.98458,0.56659,-0.23515,-1.5504,-3.0282,-4.6562,-7.7267,-12.458,-16.697,-12.845,-7.218,-4.3969,-1.572,0.58078,2.1984,3.1774,4.2217,4.983,5.4135,5.8085,6.0264,6.0663,6.0392,5.8767,5.6038,5.379,4.9126,4.3765,3.8922,3.0424,2.0281,0.68619,-0.60676,-2.7597,-5.8708,-9.2727,-17.667,-23.215,-13.922,-8.9879,-6.4309,-4.8931,-4.2139,-3.6595,-2.8152,-2.3819,-1.4865,-0.39578,0.66923,1.4433,2.3632,3.1095,3.5091,3.8873,4.0304,3.9816,3.7449,3.2997,2.7519,2.3716,2.043,2.1453,2.4964,3.2459,4.0471,4.5622,5.065,5.3229,5.322,5.1326,4.6682,3.9804,3.3225,2.3086,1.1533,-0.062751,-1.0188,-2.3027,-3.5579,-4.539,-5.9502,-7.5562,-8.9336,-10.587,-10.338,-7.7008,-4.9579,-2.3533,-0.11696,1.3116,2.7961,3.8592,4.3413,4.7829,4.794,4.4082,3.9301,2.8443,1.3093,-0.11518,-2.4845,-5.069,-7.0056,-7.3172,-6.5105,-5.35,-4.5861,-3.7269,-2.9111,-2.2505,-1.2766,-0.26624,0.7286,1.4005,2.1516,2.6985,2.9694,3.1377,3.051,2.836,2.3053,1.4842,0.36362,-0.72689,-2.5245,-4.7009,-6.4404,-9.4235,-10.62,-11.061
-2.1884,-3.2915,-4.7094,-5.0023,-4.1193,-2.1471,-0.16924,1.0653,2.3325,3.1935,3.6685,3.7654,3.6535,3.1684,2.5903,1.5595,0.27138,-0.85464,-2.4329,-3.7255,-4.5305,-4.6877,-4.4425,-4.0208,-3.6637,-3.1486,-2.4596,-1.8308,-0.78143,0.43152,1.7138,2.6598,3.8588,4.9235,5.6102,6.347,6.8972,7.2223,7.3071,7.2216,6.8949,6.4937,5.7437,4.7528,3.8407,2.395,0.69762,-1.2685,-2.9551,-5.5788,-8.7858,-11.727,-16.688,-18.648,-14.993,-10.539,-7.6649,-5.5445,-4.3183,-3.1955,-2.4238,-2.0791,-1.8909,-1.9301,-2.0636,-2.1615,-2.2671,-2.1789,-2.0515,-1.9569,-1.8004,-1.796,-2.2347,-2.5464,-3.2425,-3.8388,-4.4983,-4.9562,-5.0067,-4.5029,-3.4135,-2.437,-1.0296,0.28172,1.427,2.1748,2.954,3.558,3.895,4.2005,4.378,4.4879,4.5297,4.5587,4.4757,4.3915,4.2505,3.8936,3.5941,3.0361,2.2213,1.2695,0.34356,-1.0653,-2.6047,-3.8124,-5.017,-5.507,-5.2748,-4.4426,-3.4995,-2.5778,-1.8186,-1.0449,-0.39129,0.21261,0.81292,1.4767,2.0749,2.4696,2.8975,3.1981,3.3016,3.2415,2.9399,2.4838,1.518,0.030193,-2.3387,-4.9544,-10.098,-11.07,-6.6837,-2.4363,0.28418,1.67,2.9185,3.6149,3.8715,3.8183,3.4487,2.7823,2.0957,0.95036,-0.40057,-1.9366,-3.1762,-4.831,-6.4914,-7.7059,-9.3117,-11.163,-12.772,-15.137,-15.16,-11.473,-7.899,-4.9218,-2.1605,-0.54284,1.2077,2.3767,3.0872,3.6896,3.8159,3.669,3.2225,2.2412,0.79323,-0.8027,-3.6342,-7.6452,-11.759,-10.862,-6.9874,-4.0707,-2.5181,-0.98401,0.15288,0.83902,1.5977,2.2472,2.7602,3.0789,3.4065,3.6174,3.6917,3.6753,3.5068,3.2694,2.8178,2.1774,1.3419,0.59224,-0.55457,-1.8446,-2.8105,-4.053,-5.6396,-6.3013
-0.60698,-0.45824,-0.18866,0.25743,0.70305,1.3966,2.1374,2.653,3.2206,3.5704,3.7023,3.58,3.1686,2.4046,1.5636,0.017989,-2.1269,-4.325,-8.5266,-16.037,-21.538,-13.878,-9.0452,-6.4356,-5.157,-3.931,-2.9978,-2.4186,-1.6142,-0.72803,0.25695,1.0515,2.1187,3.1567,3.8607,4.6602,5.2396,5.6214,5.7454,5.6959,5.3815,4.9851,4.2244,3.2153,2.2909,0.84862,-0.82276,-2.7044,-4.2595,-6.4582,-8.8282,-10.64,-12.668,-12.954,-12.367,-10.278,-8.6384,-7.1437,-6.3287,-5.7075,-5.466,-5.641,-6.3081,-7.5368,-9.275,-10.654,-11.596,-10.54,-9.0598,-7.3345,-5.8933,-5.3863,-5.0063,-4.735,-5.0512,-5.1582,-5.396,-5.488,-5.3689,-4.8551,-4.0684,-3.3435,-2.2656,-1.3054,-0.45898,0.044821,0.4864,0.71603,0.73604,0.62673,0.45494,0.37174,0.35892,0.56947,0.92962,1.1735,1.5609,1.75,1.7848,1.7049,1.3677,0.91409,0.45771,-0.25498,-0.95292,-1.4772,-2.034,-2.414,-2.5367,-2.5056,-2.2995,-1.9757,-1.684,-1.0651,-0.67925,-0.25887,0.27013,0.69196,1.1127,1.3747,1.6411,1.7852,1.8376,1.7354,1.464,1.1259,0.41409,-0.58642,-1.9415,-3.0681,-4.2668,-4.2608,-3.3491,-1.5344,0.087418,1.0478,1.9513,2.4345,2.5228,2.3631,1.8344,0.95116,0.0639,-1.4378,-3.3234,-5.6443,-7.6389,-10.708,-13.765,-15.221,-15.158,-13.888,-12.775,-11.348,-9.6663,-7.7922,-6.1093,-4.6031,-2.5366,-1.3268,0.12678,1.242,2.0063,2.6578,3.0693,3.2376,3.1215,2.8466,2.2803,1.736,0.96413,0.23333,-0.19277,-0.23717,0.050709,0.56951,1.0006,1.5361,1.9749,2.2301,2.458,2.6002,2.6554,2.6593,2.6294,2.582,2.5304,2.434,2.3155,2.1715,1.9167,1.5371,1.0166,0.5442,-0.246,-1.2212,-2.0531,-3.0243,-4.7496,-6.0078
-1.6095,-0.83496,0.11375,0.93461,1.4889,2.1586,2.7229,3.0729,3.4222,3.6028,3.5933,3.4612,3.0228,2.3637,1.6664,0.45674,-1.0812,-2.3874,-4.3353,-5.9722,-6.8151,-6.7279,-6.1524,-5.5593,-5.2715,-5.1606,-5.3816,-5.6355,-5.8918,-5.6523,-4.6143,-3.4232,-1.6812,-0.042519,1.0228,2.2006,3.05,3.5877,3.8015,3.8195,3.5466,3.1502,2.3649,1.2878,0.30689,-1.2493,-3.0399,-4.995,-6.4745,-8.3127,-9.7214,-10.383,-10.493,-10.381,-9.8524,-9.0137,-8.2576,-7.4922,-7.1781,-6.9016,-7.066,-7.4888,-8.5128,-10.261,-13.088,-15.87,-18.719,-15.423,-12.741,-10.014,-8.3561,-7.8075,-7.0436,-7.3792,-7.9115,-8.693,-10.256,-11.732,-12.123,-10.961,-8.8083,-7.1338,-5.2474,-3.8485,-2.8779,-2.4819,-2.299,-2.6214,-3.2184,-4.4846,-6.2952,-8.2586,-8.847,-7.617,-5.2873,-3.7436,-2.2887,-1.1681,-0.70732,-0.39573,-0.34196,-0.63383,-0.91637,-1.5034,-2.1886,-2.7117,-3.4543,-4.0604,-4.4217,-4.7328,-4.736,-4.4949,-4.3353,-3.9388,-3.3182,-3.0284,-2.4798,-2.0509,-1.693,-1.4638,-1.2131,-1.0374,-0.92984,-0.79575,-0.7029,-0.62556,-0.55347,-0.51894,-0.4505,-0.39383,-0.2065,0.11326,0.43567,0.92114,1.4138,1.7083,1.9329,1.9369,1.6809,1.3037,0.54167,-0.53954,-1.557,-3.2283,-5.3183,-7.9006,-10.29,-14.189,-19.018,-21.519,-19.425,-16.126,-14.113,-11.904,-10.045,-7.9088,-6.7491,-5.1681,-3.4474,-2.409,-1.1861,-0.033281,0.68358,1.4007,2.0955,2.5069,2.7852,3.0119,3.0987,3.1439,3.1004,3.039,2.9757,2.9408,2.9027,2.8496,2.788,2.6378,2.3912,2.1335,1.6881,1.1229,0.5095,0.042227,-0.51099,-0.90524,-1.0496,-1.048,-0.86631,-0.68715,-0.49289,-0.38948,-0.45178,-0.62193,-1.042,-1.6787,-2.4348,-3.4394,-4.9052,-6.9111
-3.388,-2.1531,-0.83874,0.20085,0.84535,1.5628,2.1424,2.4945,2.8479,3.088,3.1615,3.1379,2.9608,2.6034,2.234,1.6152,0.85775,0.2443,-0.58196,-1.3623,-2.0433,-2.5068,-3.0739,-3.7324,-4.369,-5.5769,-7.4321,-9.5589,-14.635,-34.629,-14.973,-9.6937,-5.4854,-2.7294,-1.2216,0.25261,1.311,1.9507,2.2011,2.252,1.9977,1.5938,0.78985,-0.36326,-1.466,-3.2947,-5.606,-8.5646,-11.367,-16.066,-20.161,-18.728,-15.231,-12.695,-11.078,-9.8034,-8.6454,-7.9212,-7.5204,-7.1821,-7.1267,-7.2014,-7.5424,-8.015,-8.5231,-8.8277,-8.9519,-8.7177,-8.3159,-7.7593,-7.4352,-7.1222,-7.2052,-7.723,-8.6764,-10.039,-12.447,-16.38,-18.855,-15.539,-11.163,-8.6486,-6.3587,-4.7673,-3.7986,-3.4164,-3.352,-3.8345,-4.567,-6.2332,-8.8273,-12.15,-13.645,-11.031,-7.6949,-5.7842,-3.9298,-2.8392,-2.2962,-2.0179,-2.0737,-2.4728,-2.9814,-3.8589,-5.0602,-6.1009,-7.6635,-9.3097,-10.43,-11.36,-11.431,-10.793,-9.8779,-9.0686,-8.0849,-7.4019,-6.8341,-6.2219,-5.8593,-5.7,-5.625,-5.597,-5.6086,-5.4073,-4.8908,-4.3225,-3.3352,-2.2972,-1.3119,-0.64365,0.11922,0.76416,1.1815,1.5728,1.8123,1.882,1.8108,1.5297,1.0331,0.49644,-0.39808,-1.5176,-2.5033,-3.9928,-5.6669,-7.5227,-8.9508,-10.865,-12.6,-13.624,-14.522,-14.766,-14.535,-13.572,-11.904,-9.9075,-8.8044,-6.6333,-5.1831,-4.1664,-2.984,-1.94,-1.3551,-0.5182,0.20242,0.89975,1.4445,2.0448,2.6346,2.9889,3.3703,3.6401,3.7719,3.7815,3.6675,3.4027,3.092,2.516,1.731,0.98721,-0.21604,-1.7096,-3.5116,-5.0553,-7.2327,-8.9485,-9.2398,-8.1512,-6.4703,-5.2443,-3.905,-2.9257,-2.2925,-2.0567,-1.992,-2.2198,-2.5764,-3.5183,-4.3319,-5.951
-3.2998,-2.4565,-1.5422,-0.81066,-0.33218,0.21729,0.72262,1.0791,1.5281,1.9165,2.2421,2.3879,2.5206,2.4785,2.3659,2.1008,1.7251,1.3684,0.87216,0.30046,-0.25588,-0.7,-1.3143,-1.985,-2.5562,-3.4351,-4.4491,-5.2843,-6.2022,-6.5098,-5.8487,-4.8563,-3.3386,-1.9051,-0.97519,0.032638,0.72938,1.199,1.3717,1.3879,1.1405,0.79037,0.078228,-0.91679,-1.8839,-3.4443,-5.4142,-7.8146,-9.8637,-12.714,-14.56,-14.397,-13.147,-11.559,-10.62,-9.6263,-8.765,-8.1883,-7.7416,-7.366,-7.028,-6.8608,-6.7078,-6.6261,-6.5505,-6.5311,-6.4049,-6.3078,-6.1738,-5.9712,-5.7908,-5.6157,-5.8111,-5.7638,-6.1791,-6.3605,-6.7775,-6.9922,-6.918,-6.4262,-5.5705,-4.8397,-3.9053,-3.0928,-2.5409,-2.2589,-2.1527,-2.2689,-2.5096,-2.9678,-3.4795,-3.8584,-3.9528,-3.8334,-3.3347,-3.0308,-2.594,-2.3875,-2.3807,-2.54,-3.0543,-3.7452,-4.5469,-5.8187,-7.5323,-9.1683,-11.961,-16.13,-20.813,-39.158,-24.389,-18.752,-16.921,-14.481,-13.626,-12.682,-11.583,-10.799,-10.205,-10.088,-10.496,-11.716,-13.226,-15.656,-14.698,-11.656,-7.8886,-4.9416,-2.7925,-1.5201,-0.20775,0.74051,1.2392,1.7013,1.8855,1.8628,1.6308,1.1586,0.45851,-0.20109,-1.2651,-2.4901,-3.5,-4.9037,-6.3356,-7.7325,-8.789,-10.26,-11.846,-13.285,-15.782,-19.771,-24.621,-24.16,-16.987,-12.691,-10.442,-7.8222,-6.4828,-5.6121,-4.853,-4.5117,-4.3539,-3.9534,-3.4487,-2.333,-1.4001,-0.045008,1.2379,2.0278,2.9154,3.5299,3.892,3.9938,3.907,3.5607,3.1219,2.2938,1.1656,0.10857,-1.6131,-3.7416,-6.401,-8.8529,-13.137,-18.992,-20.003,-14.618,-10.429,-8.2207,-5.9979,-4.3999,-3.2843,-2.7051,-2.2595,-2.1584,-2.1805,-2.6455,-3.2053,-3.9941
-2.2218,-2.105,-2.0637,-2.1209,-2.1652,-2.1364,-1.8655,-1.4662,-0.70512,0.13189,0.97009,1.4711,1.9747,2.2797,2.3629,2.2755,2.0362,1.7483,1.2844,0.77488,0.28252,-0.043026,-0.41942,-0.70817,-0.88606,-1.0788,-1.2618,-1.3601,-1.4076,-1.3374,-1.1173,-0.87845,-0.45663,-0.022015,0.28962,0.6896,0.95844,1.1518,1.2265,1.2189,1.0543,0.84195,0.37649,-0.25713,-0.87271,-1.8615,-3.0125,-4.2635,-5.2157,-6.4238,-7.3996,-7.9487,-8.5638,-8.7,-8.984,-8.9738,-8.9506,-8.7135,-8.4005,-7.97,-7.4271,-7.0857,-6.6192,-6.2732,-6.0077,-5.87,-5.7109,-5.5572,-5.451,-5.2383,-4.8774,-4.6933,-4.3365,-3.9147,-3.6142,-3.292,-3.0531,-2.7039,-2.4507,-2.1108,-1.7049,-1.4368,-1.0716,-0.75502,-0.49932,-0.34407,-0.19764,-0.10071,-0.086913,-0.064912,-0.096854,-0.18083,-0.19068,-0.27777,-0.37484,-0.49055,-0.79608,-1.1658,-1.6075,-2.2598,-3.1315,-4.0835,-4.9228,-6.1568,-7.5572,-8.7613,-10.582,-12.599,-14.117,-15.726,-16.758,-16.772,-17.95,-19.056,-20.365,-20.268,-16.756,-13.956,-11.935,-11.013,-10.551,-10.974,-11.693,-12.767,-11.695,-9.5296,-6.3163,-3.6506,-1.5763,-0.37318,0.88776,1.772,2.189,2.526,2.584,2.4489,2.0387,1.3639,0.41031,-0.46996,-1.9499,-3.6815,-5.1362,-7.1223,-8.7871,-9.6963,-9.9533,-9.9706,-10.119,-10.444,-11.158,-12.026,-12.426,-11.843,-10.117,-8.2887,-6.9665,-5.4851,-4.905,-4.6335,-5.0452,-6.4276,-8.0481,-12.115,-14.926,-9.1022,-5.5056,-1.946,0.53383,1.9107,3.3055,4.2219,4.7741,4.9624,4.9254,4.5629,4.0809,3.1496,1.8748,0.68997,-1.2212,-3.4638,-5.9781,-7.9109,-10.158,-11.397,-11.356,-10.187,-8.4079,-6.9422,-5.1429,-3.6334,-2.4856,-1.8236,-1.2478,-1.0005,-0.96943,-1.0327,-1.5899,-2.0269
-1.0538,-1.5693,-2.575,-4.0588,-5.5829,-7.9151,-9.0523,-7.7091,-4.6734,-1.9488,0.034838,1.1927,2.2141,2.8329,3.0148,2.9258,2.4899,1.9718,1.0138,-0.0094411,-0.96246,-1.3573,-1.3889,-0.94644,-0.47914,0.13144,0.62131,0.92082,1.1521,1.28,1.3152,1.2912,1.2184,1.1135,1.0323,0.91396,0.90781,0.91906,0.97594,1.0718,1.1731,1.199,1.1434,0.9316,0.67054,0.13855,-0.53816,-1.3683,-2.0879,-3.1109,-4.2478,-5.2039,-6.4616,-7.9547,-9.1021,-10.525,-11.769,-11.72,-11.231,-9.8495,-8.5024,-7.6235,-6.7026,-6.104,-5.8475,-5.7579,-5.952,-6.1304,-6.2809,-6.2567,-5.7417,-5.2902,-3.8869,-2.9645,-1.7466,-1.1277,-0.34385,0.2475,0.5813,0.88664,1.0525,1.0902,1.0853,0.99693,0.97635,0.98062,1.1428,1.4008,1.6512,1.9913,2.2785,2.4567,2.4984,2.4517,2.1021,1.8203,1.1155,0.28135,-0.55547,-1.8444,-3.2036,-4.5998,-5.4016,-6.3633,-6.8588,-7.2165,-7.5977,-8.1159,-8.5421,-9.2456,-10.214,-11.372,-12.473,-14.947,-16.937,-16.54,-13.519,-10.237,-7.811,-6.4646,-5.1063,-4.1438,-3.5261,-2.7248,-1.7908,-0.97982,0.18188,1.3207,2.3517,3.0076,3.6852,4.1414,4.3515,4.3923,4.2314,3.9717,3.4225,2.6431,1.5627,0.53273,-1.2129,-3.5824,-5.9891,-10.804,-21.448,-19.391,-12.674,-8.4237,-6.1541,-5.0135,-3.9855,-3.2025,-2.6885,-2.0283,-1.2858,-0.70861,-0.10882,0.046682,0.32276,0.13004,-0.46041,-1.3446,-2.3943,-3.5438,-3.8662,-2.2159,-0.62293,1.6822,3.4987,4.6653,5.8506,6.6943,7.204,7.3807,7.3415,6.9864,6.5145,5.5913,4.319,3.1125,1.1001,-1.411,-4.6945,-7.9523,-14.826,-30.597,-16.301,-9.8553,-6.3131,-4.437,-2.5017,-1.0748,-0.022931,0.54281,1.0349,1.2936,1.1666,1.1058,0.51353,-0.05047
-0.56231,-1.1529,-2.2363,-3.7663,-5.3437,-7.925,-9.3054,-7.7278,-4.2359,-1.3537,0.83695,1.9842,3.1314,3.7167,3.8522,3.6307,2.8332,1.8363,-0.19579,-3.4774,-8.9783,-14.425,-9.2422,-4.1618,-1.8735,0.061074,1.2248,1.7058,1.9812,1.9128,1.5628,1.1679,0.44471,-0.38561,-1.043,-1.9209,-2.516,-2.6642,-2.4241,-1.7276,-0.83391,-0.22536,0.45924,0.85271,0.968,0.88367,0.48889,-0.17667,-0.82712,-1.911,-3.2279,-4.3526,-6.132,-8.411,-10.38,-14.783,-22.129,-25.964,-17.979,-12.576,-9.6731,-8.126,-6.834,-6.1641,-6.0501,-6.3921,-7.4039,-9.4693,-11.726,-15.498,-14.223,-10.23,-6.0607,-3.3806,-1.2154,-0.13225,1.1065,1.841,2.1726,2.3375,2.1199,1.7689,0.96301,-0.078386,-1.1789,-1.6796,-1.5172,-0.45389,0.60556,1.875,2.8844,3.5898,3.8324,3.8896,3.6263,3.1533,2.2938,0.90532,-0.35166,-2.7002,-5.7292,-9.9456,-12.986,-12.732,-9.6871,-7.819,-6.1919,-5.2145,-4.7994,-4.5384,-4.4586,-4.771,-4.6162,-4.9281,-4.5445,-4.3734,-3.4334,-2.4581,-1.3316,-0.50182,0.47361,1.3733,1.9394,2.685,3.3181,3.7911,4.3369,4.8206,5.2011,5.421,5.5728,5.5692,5.487,5.2328,4.83,4.4512,3.8648,3.1894,2.4445,1.7986,0.86306,-0.28843,-1.2321,-2.4657,-3.2676,-3.101,-2.3783,-1.0353,0.31072,1.2279,2.2723,3.1295,3.6714,4.2916,4.7548,5.1722,5.3568,5.4489,5.4614,5.3156,5.0977,4.7909,4.5631,4.4537,4.513,4.918,5.3587,6.1534,6.9837,7.6164,8.3326,8.9289,9.3166,9.4574,9.4312,9.1484,8.7527,7.9803,6.9281,5.9562,4.4124,2.6011,0.60431,-0.92684,-2.6834,-3.5697,-3.4494,-2.5508,-1.29,-0.36502,0.71569,1.5848,2.2249,2.5356,2.7479,2.7292,2.6162,1.9955,1.5368,0.44535
-3.4193,-3.5621,-3.6521,-3.6078,-3.5442,-3.3088,-2.78,-2.1646,-1.1183,0.051972,1.1683,1.9104,2.6476,3.1137,3.2553,3.1256,2.6135,1.9501,0.68717,-0.93201,-2.5755,-3.2612,-2.9304,-1.7223,-0.79781,0.13421,0.6189,0.65466,0.37353,-0.33702,-1.4367,-2.4965,-4.1989,-6.2142,-7.9635,-10.752,-14.894,-18.236,-15.29,-10.115,-6.5981,-4.6887,-2.9215,-1.7951,-1.3468,-1.1556,-1.4254,-2.0896,-2.8154,-4.0444,-5.4678,-6.5743,-8.2104,-9.547,-10.786,-11.68,-12.591,-12.336,-11.916,-10.601,-9.4369,-8.5783,-7.7466,-7.2299,-7.066,-7.3094,-7.8927,-9.1618,-10.124,-11.136,-10.348,-8.5771,-5.9289,-3.5652,-1.8385,-0.71471,0.36463,1.0741,1.3526,1.3676,0.95118,0.26214,-1.2596,-3.8455,-8.5467,-16.099,-14.86,-6.2694,-3.0362,-0.3174,1.3739,2.3704,2.7922,2.9142,2.7474,2.2715,1.454,0.14606,-0.99314,-3.0473,-5.4228,-8.3272,-9.8081,-9.9796,-8.1551,-6.7741,-5.255,-4.1767,-3.607,-3.0738,-2.6978,-2.3899,-2.2852,-1.8542,-1.5187,-1.0409,-0.49873,0.23797,0.94854,1.475,2.1398,2.7076,3.0897,3.4741,3.7824,3.9258,4.0617,4.0956,4.044,3.9233,3.6847,3.3048,2.8754,2.214,1.374,0.67703,-0.1955,-0.83205,-1.02,-0.90236,-0.58767,-0.16667,0.14903,0.57517,1.0565,1.6301,2.1487,2.8807,3.68,4.2488,4.9662,5.5901,5.9912,6.4313,6.7451,6.9667,6.9492,7.0419,6.7902,6.6365,6.3033,5.847,5.5848,5.1257,4.9135,4.765,4.9149,5.2355,5.8479,6.3545,7.082,7.7232,8.2207,8.461,8.5783,8.4436,8.1734,7.5951,6.7733,6.0133,4.8704,3.5986,2.3353,1.46,0.50766,-0.09451,-0.30335,-0.24994,0.023213,0.33931,0.75456,1.126,1.3451,1.4034,1.3101,0.96311,0.72971,-0.047884,-0.7245,-1.9085
-11.267,-10.362,-8.3992,-6.5914,-5.4569,-4.2148,-3.1768,-2.4727,-1.6259,-0.74835,0.026694,0.6691,1.346,1.9524,2.2962,2.552,2.6476,2.5694,2.3335,1.9942,1.6519,1.4376,1.2688,1.1609,1.0676,0.83597,0.37542,-0.1557,-1.1891,-2.6616,-4.6956,-6.6125,-9.7297,-13.305,-15.681,-17.061,-17.43,-16.315,-14.432,-11.159,-8.1646,-6.32,-4.5489,-3.4118,-2.9693,-2.8892,-3.3126,-4.2827,-5.4043,-7.3818,-9.9252,-12.021,-14.219,-14.994,-14.521,-13.348,-12.587,-11.877,-11.425,-10.803,-10.15,-9.6654,-9.0597,-8.4412,-7.9353,-7.6159,-7.3277,-7.0897,-6.9177,-6.5206,-6.009,-5.2607,-4.4281,-3.1687,-2.2656,-1.4243,-0.6523,0.032151,0.37468,0.58106,0.54127,0.2613,-0.30441,-1.1495,-1.9425,-2.3058,-2.1508,-1.3287,-0.50509,0.52288,1.3183,1.7495,1.9091,1.8229,1.466,1.0209,0.2507,-0.67957,-1.4393,-2.4574,-3.4067,-4.1838,-4.519,-4.6934,-4.5202,-4.2922,-3.9302,-3.6145,-3.4445,-3.3209,-3.3571,-3.1354,-3.2885,-2.8558,-2.5248,-1.932,-1.2443,-0.39749,0.38848,0.89535,1.4797,1.8518,2.0472,2.0785,1.977,1.7609,1.4166,0.98626,0.5633,0.24003,-0.15919,-0.63889,-1.2194,-2.2589,-3.9032,-5.6957,-9.1244,-12.991,-11.385,-8.1459,-4.8738,-2.5173,-1.2099,0.15883,1.26,2.1695,2.7922,3.5462,4.2626,4.7524,5.3447,5.8494,6.1729,6.4755,6.6837,6.7224,6.6423,6.4899,6.0745,5.7271,5.0175,4.143,3.3634,2.0659,0.71957,-0.59876,-1.0369,-0.73321,0.69933,1.9067,3.5266,4.8196,5.7924,6.2983,6.68,6.7302,6.5669,6.0822,5.2967,4.5209,3.2777,1.8118,0.20244,-0.99641,-2.3851,-3.2216,-3.3926,-3.0814,-2.491,-2.024,-1.4913,-1.1823,-1.1273,-1.2428,-1.6222,-2.2756,-2.8226,-3.5439,-4.4375,-5.0865
-17.176,-14.251,-10.441,-7.8216,-6.5292,-5.3229,-4.5839,-4.2221,-3.8023,-3.3066,-2.5555,-1.8581,-0.7397,0.35786,1.1013,1.9381,2.5511,2.8675,3.1301,3.2083,3.187,3.0764,2.8486,2.5073,2.1679,1.5744,0.77923,0.046182,-1.2507,-2.8988,-5.0269,-7.077,-10.593,-15.39,-18.74,-17.827,-13.766,-10.865,-9.0816,-7.0091,-5.3066,-4.2153,-3.1104,-2.4317,-2.1926,-2.3004,-2.8893,-4.0379,-5.3096,-7.7125,-11.159,-14.705,-20.9,-19.698,-16.41,-14.128,-12.733,-12.626,-12.543,-13.045,-13.087,-12.866,-11.85,-10.521,-9.268,-8.3719,-7.5945,-6.8641,-6.5993,-6.2009,-5.8925,-5.3999,-5.139,-4.2665,-3.5225,-2.7508,-1.8624,-0.94916,-0.3643,0.27417,0.7394,0.98539,1.1891,1.3049,1.3796,1.4698,1.6166,1.8235,1.9612,2.105,2.1142,1.9509,1.6725,1.1542,0.30245,-0.3224,-1.4759,-2.4749,-3.3113,-3.9704,-4.493,-4.5124,-4.4908,-4.1771,-3.932,-3.7424,-3.6293,-3.6893,-3.9083,-4.4432,-5.3425,-6.4338,-7.2095,-7.9011,-7.0061,-5.918,-3.9362,-2.3116,-0.9741,-0.21201,0.46054,0.77958,0.7673,0.44333,-0.28522,-1.0769,-2.4507,-4.0136,-5.2408,-5.5742,-5.2747,-4.6695,-4.3348,-4.4318,-5.1264,-6.0807,-7.799,-9.1169,-8.2875,-6.6766,-4.389,-2.5223,-1.4022,-0.20654,0.74862,1.5672,2.1273,2.8548,3.5384,4.0351,4.6332,5.152,5.4561,5.742,5.8867,5.8418,5.7904,5.3538,4.9654,4.3977,3.5109,2.3867,1.1583,-0.76781,-3.9254,-8.9947,-17.574,-13.052,-5.1178,-1.9989,0.91744,2.878,4.2351,4.9264,5.4794,5.6466,5.5313,5.0583,4.2192,3.339,1.7706,-0.30989,-3.1085,-5.9304,-11.366,-17.415,-13.821,-8.926,-6.0688,-4.7486,-3.6583,-3.1981,-3.2294,-3.5786,-4.4619,-5.7112,-7.4113,-8.8006,-11.36,-11.134
-5.9637,-5.828,-5.403,-5.0134,-4.8421,-4.9899,-5.6804,-6.6432,-8.5098,-10.553,-9.7669,-7.4965,-4.2746,-1.7165,-0.24351,1.2769,2.3238,2.8909,3.3806,3.6348,3.6696,3.5951,3.344,2.9627,2.5902,1.9772,1.2418,0.57154,-0.40514,-1.5379,-2.7432,-3.7,-4.8775,-5.8335,-6.2407,-6.1386,-5.5225,-4.5491,-3.7383,-2.6372,-1.647,-1.0129,-0.36456,0.040497,0.1566,0.071009,-0.36639,-1.1193,-1.8841,-3.1427,-4.5771,-5.6925,-6.8538,-7.8352,-8.085,-8.7439,-9.4889,-10.827,-12.613,-16.301,-25.213,-30.508,-17.539,-12.756,-9.9609,-8.6862,-7.5465,-7.1241,-7.0291,-7.3849,-7.9185,-8.7189,-8.924,-8.871,-7.2716,-6.076,-4.2014,-2.6283,-1.6085,-0.44306,0.46431,1.0604,1.6727,2.1926,2.5754,2.7999,3.0167,3.1249,3.1163,2.9724,2.6272,2.0883,1.4631,0.40922,-1.0173,-2.3139,-4.4425,-6.9313,-8.8952,-10.718,-10.18,-8.4507,-7.0834,-5.6454,-4.5606,-4.003,-3.5756,-3.5544,-3.832,-4.6739,-6.1719,-9.1199,-12.152,-21.075,-15.065,-9.5939,-5.6027,-2.9441,-1.2222,-0.33942,0.35933,0.61967,0.48023,-0.071683,-1.2253,-2.5183,-5.199,-9.5986,-19.677,-21.285,-10.777,-6.6863,-4.8952,-3.4752,-2.7376,-2.4607,-2.2746,-2.1131,-1.8795,-1.628,-1.2446,-0.93612,-0.7841,-0.68553,-0.64558,-0.47836,-0.20745,0.43262,1.2776,1.975,2.8567,3.5864,3.9915,4.3735,4.4928,4.4581,4.2704,3.9329,3.3821,2.9406,2.261,1.3769,0.74775,-0.35848,-1.2955,-2.2388,-2.4047,-2.0238,-0.82709,0.30821,1.8233,3.15,4.1912,4.7714,5.2625,5.4323,5.3365,4.9189,4.1706,3.3829,1.9979,0.26169,-1.8479,-3.6223,-5.9524,-7.3301,-7.2497,-6.1164,-4.9149,-4.1813,-3.5957,-3.4183,-3.6951,-4.2329,-5.3932,-7.0921,-9.289,-12.48,-19.366,-18.505
-2.1525,-2.0886,-2.0337,-2.1521,-2.369,-2.9844,-4.0527,-5.2638,-7.5531,-10.032,-9.4797,-7.0962,-3.8022,-1.2925,0.11908,1.4927,2.4435,2.8961,3.2332,3.319,3.1772,2.98,2.6103,2.1486,1.7517,1.1658,0.50574,-0.023147,-0.74345,-1.4561,-2.0873,-2.438,-2.7379,-2.7724,-2.6521,-2.2045,-1.6325,-0.90049,-0.31248,0.44366,1.1586,1.6053,2.0988,2.4338,2.5624,2.5751,2.4089,2.0651,1.6981,1.1037,0.39532,-0.17075,-0.93215,-1.6548,-2.3319,-3.1441,-4.2438,-5.4298,-6.5108,-7.9826,-9.0793,-9.3285,-8.6763,-7.5794,-6.5849,-6.0782,-5.7325,-5.963,-6.4177,-7.7141,-10.061,-12.799,-21.035,-25.857,-13.405,-9.9553,-6.5259,-4.3554,-3.0777,-1.7193,-0.61982,0.080025,0.90409,1.6126,2.2286,2.5993,2.9751,3.17,3.2038,3.0405,2.6389,1.9318,1.253,-0.053835,-1.6467,-3.2752,-5.8483,-9.3461,-12.901,-17.012,-14.637,-10.713,-8.4393,-6.3215,-4.7058,-3.8491,-3.008,-2.5402,-2.4053,-2.5047,-2.8645,-3.522,-3.7576,-4.0821,-3.4843,-2.82,-1.6102,-0.48397,0.41353,0.89465,1.3111,1.4134,1.3284,0.93107,0.26682,-0.40876,-1.5016,-2.5961,-3.3567,-3.4066,-2.8444,-1.8295,-1.1103,-0.24841,0.37356,0.6939,0.95778,1.0588,0.98188,0.82544,0.41466,-0.27665,-1.054,-2.5415,-4.6513,-7.184,-8.167,-6.4598,-3.4792,-1.5884,0.30169,1.5484,2.1543,2.5365,2.5462,2.2424,1.7562,1.2466,0.45431,0.071857,-0.42168,-0.7561,-0.88605,-1.0663,-1.1245,-0.94613,-0.7635,-0.14753,0.63037,1.4176,2.4405,3.468,4.3287,4.8392,5.2967,5.4693,5.4082,5.0711,4.4466,3.8075,2.7746,1.588,0.33803,-0.54544,-1.5532,-2.2567,-2.5471,-2.6914,-2.618,-2.5479,-2.5234,-2.6556,-3.0276,-3.4496,-4.2613,-5.3124,-6.0497,-7.2422,-8.1418,-8.0831
-0.94725,-0.64355,-0.3749,-0.2182,-0.22165,-0.33064,-0.56204,-0.76968,-1.0219,-1.0449,-0.72052,-0.29016,0.51723,1.3003,1.8287,2.34,2.5862,2.5884,2.3486,1.8534,1.2096,0.63923,-0.094022,-0.76012,-1.1944,-1.7316,-2.3215,-2.8097,-3.6401,-4.5091,-5.2715,-5.5373,-5.3278,-4.4773,-3.5895,-2.4165,-1.1991,-0.12331,0.60936,1.4677,2.1983,2.6621,3.1757,3.5528,3.7584,3.9036,3.9423,3.8571,3.7222,3.4519,3.1096,2.8143,2.3311,1.8361,1.4019,0.80574,0.19,-0.50899,-0.9567,-1.5614,-2.0453,-2.288,-2.4767,-2.5482,-2.6281,-2.7182,-3.0338,-3.4769,-4.0673,-5.0021,-6.1508,-7.0586,-7.9332,-8.4268,-7.6089,-6.9938,-5.9047,-5.0618,-4.5141,-3.9059,-3.2495,-2.7137,-1.8113,-0.84515,0.15895,0.83618,1.5824,2.0908,2.2943,2.3175,2.0464,1.4506,0.84994,-0.28507,-1.597,-2.8574,-4.4745,-6.2816,-7.2412,-8.2957,-8.4414,-7.8024,-7.1187,-5.8399,-4.5978,-3.6545,-2.5841,-1.6721,-1.1295,-0.58033,-0.22569,0.10415,0.18624,0.47694,0.72794,0.90918,1.2261,1.4431,1.6127,1.685,1.7079,1.6503,1.5896,1.4436,1.3015,1.1757,1.0563,0.96527,0.99716,1.1091,1.353,1.6696,1.9562,2.2687,2.5234,2.6484,2.7033,2.6154,2.3865,2.0813,1.4585,0.53992,-0.41588,-2.1606,-4.6104,-7.6196,-8.96,-7.118,-4.0154,-2.1725,-0.41739,0.62447,1.0035,0.97772,0.44683,-0.7282,-1.8021,-4.0983,-5.9256,-7.1637,-7.1586,-6.03,-5.4914,-4.6859,-4.5532,-4.2871,-4.0945,-3.2311,-1.904,-0.67719,0.94824,2.4104,3.6035,4.2804,4.8813,5.1294,5.0943,4.7501,4.0801,3.3841,2.252,0.90654,-0.48065,-1.4565,-2.4788,-3.0736,-3.2206,-3.1741,-2.9609,-2.8179,-2.6921,-2.7442,-2.9669,-3.2444,-3.7841,-4.5572,-4.8937,-6.0644,-6.4247,-7.2946
-1.2555,-0.6688,-0.045703,0.44181,0.72289,1.0234,1.2524,1.4067,1.6296,1.8825,2.139,2.4028,2.6684,2.8835,2.9463,2.854,2.4667,1.9693,0.96094,-0.49175,-2.3947,-4.076,-6.2271,-7.3121,-7.1819,-6.5603,-6.2203,-6.4598,-7.5133,-9.7826,-14.04,-18.945,-15.905,-9.9313,-7.0129,-4.2244,-2.2691,-0.79412,0.070879,1.0174,1.7638,2.2509,2.7785,3.2151,3.4838,3.7705,3.9537,4.0497,4.0672,4.0176,3.9041,3.7761,3.5732,3.2779,3.1058,2.7562,2.4243,2.0649,1.7679,1.4019,1.0288,0.76342,0.4022,0.044892,-0.31579,-0.60748,-1.0431,-1.5181,-1.9275,-2.4948,-3.0565,-3.5987,-3.9927,-4.4655,-4.9449,-5.1315,-5.7493,-6.4404,-7.2342,-8.5568,-9.7706,-9.8149,-8.1108,-5.565,-3.2497,-1.8262,-0.36063,0.6548,1.1166,1.4023,1.3016,0.88223,0.25272,-0.72391,-2.1146,-3.2809,-5.041,-6.9921,-8.3313,-10.015,-10.809,-10.567,-9.5814,-7.8653,-5.9841,-4.6254,-2.9938,-1.586,-0.69875,0.27692,1.0256,1.5869,1.8438,2.1231,2.1473,2.1584,1.9366,1.6172,1.1654,0.78333,0.24811,-0.14446,-0.32645,-0.26967,0.012513,0.33794,0.82996,1.3193,1.7735,2.0615,2.4165,2.6823,2.843,2.994,3.072,3.0838,3.0357,2.9149,2.7264,2.5209,2.1877,1.738,1.3445,0.77131,0.22848,-0.15217,-0.22665,-0.023664,0.46836,0.86953,1.3032,1.4861,1.3748,0.89272,-0.13698,-1.7389,-3.6227,-6.8407,-12.931,-17.27,-13.734,-9.6478,-8.2381,-7.6056,-8.3276,-11.244,-14.805,-15.645,-8.2836,-4.6106,-1.0991,1.2945,2.9849,3.8723,4.619,4.9199,4.8622,4.4201,3.5599,2.6175,0.92382,-1.3352,-4.2773,-6.9306,-10.227,-10.361,-8.7629,-6.6332,-5.2215,-4.5165,-3.9852,-3.8029,-3.8842,-4.1217,-4.5621,-5.1779,-5.8842,-6.853,-8.1018,-10.182
-2.3123,-1.565,-0.73759,-0.12173,0.28086,0.71576,1.1166,1.4119,1.8297,2.2509,2.685,2.9719,3.282,3.466,3.4625,3.2343,2.6997,2.0456,0.73324,-1.184,-4.0688,-7.1509,-13.53,-17.036,-12.356,-8.5295,-6.7546,-6.2801,-6.4235,-7.2991,-8.4724,-9.0259,-8.4363,-6.6347,-5.1738,-3.5315,-2.2784,-1.3519,-0.83011,-0.28844,0.16285,0.48314,0.92626,1.399,1.7417,2.1813,2.5336,2.7934,2.9193,3.0136,3.0226,2.9963,2.9657,2.9256,2.8743,2.8343,2.7248,2.6114,2.4569,2.2034,1.8865,1.5851,1.139,0.63528,0.12164,-0.27848,-0.73244,-1.2076,-1.4747,-1.8639,-2.2855,-2.5009,-3.086,-3.4582,-4.1587,-4.7443,-5.7457,-7.1707,-8.6374,-11.463,-15.883,-18.096,-12.961,-8.0696,-4.7575,-2.8876,-1.1086,0.10941,0.69947,1.0859,1.0532,0.62044,0.027737,-1.071,-2.6875,-4.0236,-6.4821,-9.4046,-12.237,-17.549,-28.188,-23.212,-16.928,-11.714,-8.1483,-6.0361,-3.6378,-1.7475,-0.56248,0.68677,1.6564,2.2423,2.6179,2.7023,2.6085,2.3326,1.6838,0.7405,-0.60454,-1.8979,-3.9719,-6.0995,-7.0348,-6.348,-4.409,-2.9093,-1.2682,0.01914,0.92563,1.4277,1.8745,2.1372,2.1901,2.1814,2.063,1.936,1.7621,1.6219,1.5187,1.5011,1.5331,1.616,1.7035,1.8372,1.9958,2.1804,2.3415,2.5726,2.7842,2.9183,2.9883,2.8965,2.696,2.2319,1.4806,0.48274,-0.43672,-1.7849,-2.8142,-3.5679,-3.8944,-3.9839,-3.8612,-4.1844,-4.6957,-5.4438,-6.0019,-5.2959,-3.2137,-1.4058,0.89565,2.7246,4.0815,4.8048,5.4041,5.602,5.4876,4.9885,4.0762,3.1022,1.354,-0.95524,-3.9866,-6.7703,-10.282,-10.482,-8.8537,-6.8996,-5.6453,-5.1415,-4.9198,-5.0511,-5.4448,-5.8227,-6.3511,-6.7417,-7.4148,-7.5728,-8.8434,-9.9541
-3.9818,-3.2961,-2.6157,-2.2146,-2.0076,-1.8212,-1.5698,-1.275,-0.67599,0.099514,1.0338,1.6523,2.4279,2.9906,3.2549,3.3638,3.1988,2.8649,2.1324,1.1195,-0.13,-1.1183,-2.2705,-2.9333,-3.0403,-2.86,-2.584,-2.4455,-2.4115,-2.5028,-2.5889,-2.634,-2.5666,-2.4111,-2.232,-2.1499,-2.1908,-2.4916,-2.8535,-3.4632,-3.9651,-4.114,-3.7395,-2.8964,-2.1521,-1.2346,-0.53088,-0.0961,0.056794,0.084056,-0.018843,-0.10621,-0.13838,0.050121,0.20577,0.61912,0.92866,1.1828,1.2622,1.1624,0.85795,0.46159,-0.2271,-1.083,-2.0155,-2.6818,-3.3252,-3.7195,-3.7586,-3.7344,-3.7087,-3.6128,-3.9555,-4.2338,-4.7087,-5.3199,-5.9279,-6.6935,-7.1328,-7.54,-7.4941,-7.1258,-5.9807,-4.4326,-2.8528,-1.7053,-0.46531,0.45628,0.93005,1.2175,1.1505,0.66722,0.11919,-1.0569,-2.6835,-4.0811,-6.5864,-9.5119,-11.847,-15.311,-17.306,-16.966,-15.213,-11.78,-8.5209,-6.2758,-3.7422,-1.7047,-0.42387,0.88688,1.8464,2.4553,2.7695,2.7676,2.561,2.1366,1.2968,0.049666,-1.7036,-3.4624,-6.6476,-11.217,-14.673,-11.767,-7.309,-5.0118,-2.808,-1.3257,-0.38529,0.07421,0.34054,0.32699,0.11282,-0.3614,-1.0111,-1.5554,-2.2406,-2.6989,-2.7954,-2.5519,-1.9646,-1.1608,-0.52094,0.31479,1.0791,1.7511,2.1886,2.6815,3.0394,3.2394,3.3803,3.3871,3.3058,3.0522,2.6781,2.1715,1.8415,1.1806,0.84297,0.50921,0.26974,0.10359,0.1549,0.14782,0.25807,0.60572,0.87226,1.5562,2.4448,3.1514,4.1791,5.0923,5.833,6.2399,6.5544,6.5884,6.4268,5.9562,5.192,4.4499,3.2349,1.8301,0.3409,-0.74952,-2.0002,-2.8888,-3.333,-3.8167,-4.2886,-4.7759,-5.692,-6.9622,-8.6288,-9.9226,-11.336,-11.332,-10.878,-9.354,-8.84,-7.9685
-5.8999,-5.5274,-5.4148,-5.6811,-6.2371,-7.3234,-8.601,-9.0142,-7.9108,-5.4174,-2.9609,-1.3771,0.32396,1.5679,2.2528,2.8692,3.1767,3.2161,3.0918,2.7651,2.3219,1.9571,1.4699,1.0538,0.79777,0.52902,0.31835,0.19732,0.020948,-0.14953,-0.33474,-0.49044,-0.7217,-1.0577,-1.4014,-2.0428,-2.9806,-4.4098,-5.936,-8.9567,-14.034,-19.534,-15.371,-9.8892,-7.3781,-5.3098,-4.155,-3.7471,-3.8582,-4.5245,-5.6872,-6.7361,-7.7528,-7.1921,-6.0151,-4.1339,-2.5981,-1.6158,-1.1302,-0.9451,-1.2365,-1.7561,-2.9358,-4.6893,-7.1984,-9.4473,-12.174,-11.646,-10.035,-7.9776,-6.6628,-6.1979,-5.9039,-6.466,-7.1214,-7.9359,-9.0119,-9.6322,-9.6075,-8.8303,-7.4613,-6.319,-4.7978,-3.2909,-1.9522,-1.0869,-0.08186,0.63657,1.0098,1.2356,1.1587,0.74646,0.26914,-0.78005,-2.1197,-3.4106,-5.5877,-8.1741,-10.83,-15.456,-23.08,-22.184,-16.244,-11.126,-7.5379,-5.4663,-3.179,-1.3648,-0.2784,0.88758,1.6632,2.2217,2.324,2.3482,2.0447,1.5891,0.84092,-0.20791,-1.4161,-2.3961,-3.6359,-4.6148,-5.0136,-4.9009,-4.282,-3.6453,-2.7733,-2.1173,-1.6845,-1.5915,-1.7557,-2.3297,-2.9759,-4.2722,-6.027,-7.7239,-10.43,-13.262,-13.8,-12.183,-9.3069,-6.751,-5.1362,-3.3348,-1.8645,-0.67108,0.056514,0.85463,1.4407,1.7583,2.046,2.1769,2.1861,2.0661,1.8683,1.5864,1.3789,1.0907,0.72896,0.70103,0.6013,0.72211,0.85756,1.2803,1.7197,2.3178,2.8573,3.5375,4.3086,4.8536,5.5388,6.1344,6.5834,6.815,6.9515,6.8756,6.6786,6.2238,5.5605,4.9394,3.969,2.8882,1.7435,0.89052,-0.21997,-1.2499,-1.9875,-2.9485,-3.9823,-4.8894,-6.3677,-8.4263,-11.473,-14.992,-23.726,-20.558,-14.901,-11.365,-8.4328,-6.9401
-7.3017,-7.2307,-7.383,-7.9199,-8.7322,-10.677,-14.235,-17.477,-14.436,-8.91,-5.0703,-2.9449,-0.84876,0.68956,1.5505,2.3802,2.9014,3.14,3.2741,3.2254,3.0338,2.8229,2.472,2.0684,1.7481,1.3263,0.92567,0.64853,0.34672,0.09887,-0.13227,-0.28886,-0.55148,-0.89321,-1.2827,-1.933,-2.8825,-4.1331,-5.318,-7.1502,-8.9928,-9.8871,-9.5615,-8.1583,-7.0777,-5.9296,-5.3097,-5.2837,-5.6917,-6.9501,-9.3543,-12.322,-18.566,-15.631,-11.027,-7.0967,-4.5669,-3.0817,-2.4172,-2.0032,-2.1339,-2.5741,-3.6557,-5.4196,-7.9932,-10.484,-13.547,-12.853,-10.77,-8.457,-7.0876,-6.742,-6.6513,-7.3614,-9.1171,-10.848,-15.141,-25.043,-24.372,-14.524,-9.9041,-7.4839,-5.1416,-3.3125,-1.8477,-0.96278,-0.0016862,0.7037,1.0532,1.3185,1.3099,1.0719,0.66672,-0.024992,-0.93165,-1.8346,-3.126,-4.5379,-5.6911,-7.0066,-7.7617,-7.6755,-7.0499,-5.6957,-4.174,-3.0411,-1.6548,-0.47004,0.26428,1.0561,1.6215,1.8857,1.9231,1.7986,1.3363,0.8672,-0.0033258,-1.0687,-2.2552,-3.1436,-4.1629,-4.8427,-4.9765,-4.8209,-4.3331,-3.859,-3.3115,-2.9079,-2.766,-2.8985,-3.3688,-4.2921,-5.247,-7.0202,-9.3795,-11.61,-15.276,-19.476,-20.709,-18.185,-14.458,-11.18,-9.144,-6.8827,-5.0465,-3.5586,-2.6645,-1.7369,-1.0264,-0.65045,-0.31135,-0.15201,-0.146,-0.22831,-0.46448,-0.78257,-1.2062,-1.5554,-2.0696,-2.3275,-2.3888,-2.0534,-1.6373,-0.71797,0.3521,1.3853,2.2307,3.2265,4.1414,4.7886,5.4918,6.069,6.4773,6.662,6.739,6.6143,6.3792,5.8816,5.1761,4.5064,3.4651,2.264,0.97059,-0.015468,-1.2739,-2.3987,-3.1222,-3.889,-4.5752,-5.0723,-5.8137,-6.6854,-7.6397,-8.2875,-8.8042,-8.5273,-8.1727,-6.7646,-5.7779,-4.8968
-9.2184,-8.9932,-8.3241,-7.6819,-7.2572,-6.8745,-6.4826,-6.0222,-5.0268,-3.6255,-2.1065,-1.0738,0.195,1.2089,1.823,2.4437,2.8827,3.1039,3.2374,3.2316,3.0672,2.8311,2.3867,1.7852,1.2527,0.47067,-0.30649,-0.81842,-1.2838,-1.4573,-1.3806,-1.2541,-1.1116,-1.0743,-1.1559,-1.4443,-1.9419,-2.5753,-3.1084,-3.8167,-4.3793,-4.6545,-4.7541,-4.6125,-4.4111,-4.1212,-3.9402,-3.9266,-4.0728,-4.4638,-5.0262,-5.4002,-5.653,-5.2978,-4.6169,-3.6257,-2.6031,-1.7454,-1.3443,-1.0134,-0.96369,-1.1317,-1.5571,-2.2057,-2.9457,-3.4598,-3.9912,-4.1288,-4.0523,-3.8652,-3.7569,-3.7843,-4.2625,-4.8742,-5.8965,-7.0711,-8.4506,-9.4113,-9.3697,-8.2706,-6.6331,-5.3563,-3.8055,-2.4612,-1.2702,-0.49071,0.37177,1.0624,1.4345,1.7467,1.8367,1.706,1.4554,0.999,0.35968,-0.20625,-0.92644,-1.6957,-2.1791,-2.6169,-2.8745,-2.8093,-2.521,-2.0283,-1.3544,-0.79727,-0.086521,0.5887,1.0333,1.4854,1.8155,1.9005,1.9297,1.6009,1.0447,0.47474,-0.6963,-2.2384,-4.306,-6.2124,-9.1259,-11.104,-10.611,-8.4136,-6.2524,-5.0258,-3.8503,-3.137,-2.913,-2.9926,-3.502,-4.4056,-5.4262,-7.1692,-9.4219,-11.434,-14.511,-17.807,-19.818,-19.415,-16.589,-13.387,-11.285,-8.9209,-7.0589,-5.6507,-4.8232,-4.0201,-3.4572,-3.1672,-2.9428,-2.8438,-2.8518,-2.9715,-3.3023,-3.8962,-4.4778,-5.8555,-7.1929,-8.8222,-10.14,-9.5474,-7.6816,-5.1041,-2.6014,-0.61908,0.6322,2.1462,3.3496,4.1496,5.0342,5.7157,6.2084,6.435,6.5478,6.4307,6.1823,5.6264,4.8004,3.994,2.6591,0.99571,-0.9847,-2.6533,-4.9357,-6.7937,-7.4423,-7.2853,-6.5514,-5.9757,-5.3834,-4.9689,-4.6878,-4.5165,-4.2512,-4.0367,-3.5516,-3.2266,-2.8964,-2.429
-20.525,-14.924,-9.7368,-6.62,-5.0211,-3.4295,-2.2232,-1.4875,-0.61019,0.15849,0.79449,1.2481,1.6954,2.0434,2.2375,2.4637,2.6617,2.7811,2.9122,2.954,2.8466,2.6212,2.0726,1.1796,0.23388,-1.4667,-3.6891,-5.5058,-7.1501,-6.4472,-4.5183,-3.2219,-1.934,-1.2036,-0.91828,-0.91239,-1.169,-1.6517,-2.0821,-2.6749,-3.1776,-3.3935,-3.5206,-3.4011,-3.1738,-2.815,-2.441,-2.1143,-1.9205,-1.7243,-1.5582,-1.4585,-1.2577,-1.047,-0.7673,-0.41928,-0.099199,0.23667,0.45585,0.6549,0.77903,0.82876,0.81777,0.76887,0.68061,0.59948,0.51305,0.44782,0.39735,0.3006,0.13455,-0.0028911,-0.3628,-0.93122,-1.4872,-1.9411,-2.6159,-3.0707,-3.3144,-3.4047,-3.2665,-3.0357,-2.4955,-1.7767,-0.89173,-0.18404,0.72584,1.5111,1.9895,2.4029,2.5829,2.48,2.2907,1.7885,1.0746,0.53537,-0.27744,-1.0037,-1.3715,-1.6676,-1.6699,-1.4222,-1.1521,-0.69583,-0.20377,0.1466,0.60809,1.0334,1.327,1.6731,1.9118,2.1278,2.1347,1.9781,1.6282,1.1112,0.11679,-1.3462,-3.4409,-5.55,-9.2746,-12.446,-11.242,-7.7941,-5.1537,-3.7481,-2.4877,-1.7899,-1.524,-1.5771,-2.0037,-2.7797,-3.6791,-5.1596,-7.1347,-8.9572,-12.017,-15.988,-19.851,-19.244,-15.552,-12.389,-10.601,-8.7819,-7.4573,-6.5923,-6.1703,-5.8504,-5.8535,-5.9447,-6.1016,-6.1595,-6.0842,-5.9934,-5.9198,-6.1644,-6.4789,-7.6106,-10.063,-12.059,-16.41,-15.038,-11.075,-7.145,-4.1369,-1.8199,-0.47025,1.1854,2.5871,3.4683,4.5376,5.3839,6.0239,6.363,6.6041,6.5866,6.3986,5.8885,5.0625,4.2203,2.7293,0.7712,-1.8585,-4.4658,-9.4775,-19.649,-22.567,-12.182,-8.1217,-6.3214,-4.6915,-3.5955,-2.8179,-2.3688,-1.8822,-1.4598,-1.1854,-1.013,-0.66104,-0.5237
-6.5904,-5.8983,-4.1401,-2.3578,-1.2178,0.046583,0.98341,1.5166,2.002,2.2372,2.2656,2.1378,1.7509,1.2058,0.74818,0.25529,0.092269,0.26777,0.81126,1.4098,1.853,2.0009,1.8344,1.1867,0.30562,-1.5327,-4.3933,-7.504,-11.385,-8.752,-4.957,-3.0184,-1.3925,-0.56371,-0.38124,-0.56248,-1.1871,-2.2124,-3.1831,-4.6044,-5.8954,-6.4981,-6.4981,-5.7381,-4.9477,-3.8396,-2.8141,-1.9604,-1.4179,-0.83169,-0.37484,-0.11951,0.1485,0.32237,0.34349,0.42261,0.43356,0.40098,0.46127,0.56853,0.76406,0.98511,1.3149,1.6691,1.9965,2.2079,2.4585,2.5994,2.6567,2.6622,2.5684,2.3769,2.1545,1.7373,1.1561,0.75971,0.058207,-0.78201,-1.4701,-2.5201,-3.6794,-4.529,-5.2033,-4.7468,-3.3058,-1.935,-0.22898,1.1383,1.9163,2.5993,2.8762,2.7704,2.4289,1.6091,0.41443,-0.69742,-2.5509,-4.3016,-5.1868,-5.388,-4.4434,-3.3115,-2.5894,-1.7682,-1.2579,-1.0057,-0.76058,-0.582,-0.40398,-0.023211,0.46652,1.0384,1.344,1.8199,2.0193,1.9521,1.7213,1.1952,0.46123,-0.16494,-0.9371,-1.3917,-1.4563,-1.2195,-0.77134,-0.42053,-0.056334,0.14451,0.1826,0.048112,-0.28559,-0.87585,-1.4351,-2.4135,-3.6102,-4.6086,-6.0329,-7.3457,-8.2699,-8.6781,-8.7226,-8.4371,-8.1157,-7.6985,-7.4257,-7.3343,-7.5006,-8.0751,-9.184,-10.456,-12.491,-13.785,-13.115,-10.852,-8.783,-7.3286,-6.9403,-6.3669,-6.4696,-6.8235,-6.8689,-6.6505,-5.9783,-5.1433,-4.1563,-2.913,-2.012,-0.71517,0.73584,1.7489,3.0487,4.1938,5.1014,5.6288,6.0997,6.2989,6.2637,5.9694,5.3748,4.7291,3.5902,2.1382,0.39586,-1.0711,-3.0333,-4.6035,-5.2137,-5.2299,-4.6971,-4.1679,-3.4398,-2.7663,-2.1473,-1.7347,-1.2757,-0.84235,-0.82269,-0.47867,-0.37996,-0.43231
-0.26628,-0.13477,0.25925,0.80211,1.2403,1.7603,2.1519,2.3298,2.3601,2.1294,1.5854,0.86522,-0.48836,-2.5413,-4.7141,-8.7279,-11.582,-9.1694,-5.1523,-2.3532,-0.55123,0.32912,1.0154,1.2222,1.1169,0.7002,0.097964,-0.32423,-0.67643,-0.62524,-0.27051,0.024379,0.24905,0.18741,-0.1366,-0.93693,-2.2849,-4.2366,-6.2316,-9.9779,-16.179,-25.371,-18.794,-12.613,-9.9895,-7.5888,-5.8252,-4.4675,-3.6383,-2.7649,-2.1555,-1.8298,-1.6461,-1.6436,-1.8526,-2.306,-2.8756,-3.5363,-3.9821,-4.1441,-3.746,-3.1396,-2.0988,-1.0672,-0.13339,0.46548,1.0818,1.532,1.7548,1.9107,1.9148,1.8071,1.5336,1.2443,0.77898,0.26766,-0.4316,-1.4082,-2.3616,-4.1082,-6.7823,-9.8859,-18.864,-17.886,-8.7283,-5.252,-2.1829,-0.18396,0.83225,1.6992,2.0332,1.9067,1.4538,0.40571,-1.1958,-3.019,-6.4769,-12.279,-21.838,-16.452,-9.9116,-6.8618,-5.5614,-4.7388,-4.5929,-4.8439,-5.6359,-6.6443,-7.1914,-6.9435,-5.3834,-3.5998,-2.13,-0.69462,0.35364,0.97573,1.4551,1.6576,1.6497,1.5372,1.3122,1.0357,0.79559,0.51377,0.24631,0.036123,-0.20067,-0.38886,-0.56099,-0.67661,-0.8432,-1.1048,-1.3372,-1.8521,-2.5085,-3.1199,-4.0321,-5.0234,-6.0838,-6.8823,-7.8702,-8.7442,-9.2295,-9.5979,-9.7038,-9.704,-9.8204,-10.414,-11.593,-13.121,-16.273,-19.133,-17.192,-13.008,-9.9784,-7.875,-6.9901,-6.2489,-5.5771,-5.6352,-5.7096,-6.0426,-6.4733,-7.0868,-8.0416,-8.7692,-8.4644,-7.1158,-4.8323,-3.0323,-0.97938,0.75222,2.1153,2.8969,3.6593,4.1237,4.2805,4.2567,3.9724,3.5915,2.8949,1.9752,0.8908,0.0029492,-1.2417,-2.4548,-3.2979,-4.318,-5.0904,-5.4584,-5.6088,-5.3247,-4.7479,-4.2595,-3.6694,-3.3678,-3.1483,-3.1681,-3.6261,-3.9682
0.2239,0.30005,0.4928,0.7805,1.0131,1.2763,1.4601,1.4947,1.3804,1.0326,0.3679,-0.36794,-1.6914,-3.5182,-5.2165,-7.65,-8.8365,-7.9781,-5.6768,-3.5182,-1.8353,-0.84831,0.14801,0.84318,1.2078,1.5216,1.6803,1.7422,1.7672,1.7461,1.6544,1.51,1.1711,0.58572,-0.021291,-1.147,-2.6734,-4.5996,-6.3313,-8.9118,-11.503,-13,-13.678,-13.161,-12.4,-11.132,-9.7602,-8.343,-7.3816,-6.2863,-5.4811,-5.0957,-4.9035,-5.1364,-5.4959,-6.5984,-8.4283,-11.136,-14.177,-18.457,-15.179,-11.648,-8.1752,-5.7906,-4.0833,-3.1264,-2.1799,-1.5091,-1.1941,-0.9848,-0.98322,-1.0256,-1.3308,-1.7026,-2.0109,-2.3098,-2.7395,-3.1663,-3.5796,-4.2518,-5.0433,-5.6548,-6.0501,-5.5911,-4.3301,-3.1682,-1.6425,-0.39364,0.30541,0.92026,1.1806,1.0559,0.72903,-0.01628,-1.1423,-2.2609,-3.8714,-5.4303,-6.3403,-6.8627,-6.6819,-6.3355,-6.2597,-6.5032,-7.2228,-8.2213,-10.432,-14.375,-19.891,-22.45,-13.163,-8.2316,-5.9405,-3.6311,-1.8931,-0.94533,-0.064503,0.50418,0.77271,0.80457,0.63308,0.22001,-0.22244,-0.99516,-1.9625,-2.7623,-3.7819,-4.5048,-4.7101,-4.4869,-4.0014,-3.4843,-3.2683,-3.1648,-3.368,-3.7307,-4.4825,-5.5801,-7.085,-8.4756,-10.841,-13.853,-16.273,-17.697,-15.915,-13.757,-12.52,-11.464,-10.993,-10.813,-10.656,-10.343,-9.8821,-8.9508,-7.8703,-7.0089,-6.3726,-6.0789,-5.9752,-5.9114,-6.4253,-7.2471,-8.3637,-10.375,-13.424,-19.367,-27.678,-17.308,-11.167,-8.1531,-5.362,-3.2876,-1.7072,-0.7992,0.11502,0.72666,1.0091,1.1649,1.1083,0.93096,0.52399,-0.070036,-0.86339,-1.5864,-2.7624,-4.2262,-5.575,-7.8199,-10.694,-13.173,-15.106,-13.227,-10.54,-8.9789,-7.6295,-7.0198,-6.7418,-7.4663,-8.5999,-10.42
-1.945,-1.7862,-1.3885,-0.89397,-0.51677,-0.048787,0.29971,0.46036,0.51743,0.36303,-0.013727,-0.39685,-1.0982,-1.9248,-2.5287,-3.2245,-3.6007,-3.592,-3.272,-2.6464,-1.8188,-1.1511,-0.25622,0.59283,1.161,1.8061,2.313,2.5847,2.827,2.9074,2.8104,2.6149,2.1814,1.5079,0.85445,-0.26705,-1.6392,-3.2914,-4.7017,-6.7789,-9.0244,-10.84,-13.422,-16.161,-17.897,-17.78,-15.291,-12.593,-10.95,-9.2486,-8.0415,-7.4675,-7.0271,-7.0725,-7.4095,-8.1833,-9.5585,-11.516,-13.13,-14.456,-13.557,-12.059,-9.919,-8.1104,-6.704,-5.8433,-4.9316,-4.3385,-4.0602,-3.958,-4.155,-4.5126,-5.0617,-5.859,-6.4842,-6.4843,-6.2456,-5.6569,-5.1285,-4.4622,-3.8643,-3.46,-2.9065,-2.2619,-1.5376,-0.96038,-0.23271,0.41872,0.80883,1.1532,1.2977,1.207,1.0069,0.56098,-0.12154,-0.68756,-1.5058,-2.3715,-3.0062,-3.7118,-4.3586,-5.0322,-5.573,-6.3334,-7.2583,-8.0543,-9.1149,-10.012,-10.356,-10.041,-8.7096,-7.0427,-5.7221,-4.0028,-2.6221,-1.7847,-0.84215,-0.22089,0.1095,0.16072,-0.054342,-0.60628,-1.2592,-2.5684,-4.5055,-6.5203,-10.404,-16.089,-15.291,-11.407,-7.8188,-5.6595,-4.6515,-3.8452,-3.5932,-3.6938,-4.2203,-5.1873,-6.5979,-8.0184,-10.507,-13.867,-16.755,-18.547,-16.115,-13.4,-11.885,-10.397,-9.404,-8.8397,-8.2077,-7.6162,-7.1969,-6.6063,-6.0753,-5.6763,-5.36,-5.1187,-5.337,-5.5305,-6.0643,-6.9391,-7.6246,-8.9312,-10.386,-11.421,-11.555,-11.122,-9.9669,-8.7342,-7.1491,-5.6996,-4.473,-3.7089,-2.9243,-2.4012,-2.1486,-1.9762,-1.9474,-1.9871,-2.1342,-2.3744,-2.7597,-3.1869,-3.9787,-5.1268,-6.294,-8.3585,-11.169,-13.666,-15.702,-13.866,-11.223,-9.7651,-8.5812,-7.9833,-8.2515,-8.8727,-9.8722,-11.809
-7.1589,-6.363,-4.8796,-3.4618,-2.5314,-1.4819,-0.7055,-0.26562,0.10755,0.23493,0.15414,-0.0066947,-0.42624,-1.0042,-1.4997,-2.2416,-2.9654,-3.4253,-3.8643,-3.8299,-3.2039,-2.4533,-1.1888,0.13413,1.0599,2.1391,3.0163,3.5141,3.9943,4.2447,4.2655,4.1348,3.7612,3.1596,2.5612,1.5411,0.31023,-1.1749,-2.4537,-4.3968,-6.658,-8.617,-11.801,-15.785,-19.039,-19.468,-16.032,-13.064,-11.43,-9.7862,-8.6088,-7.9754,-7.363,-7.0583,-7.0986,-7.2123,-7.5525,-8.1345,-8.6339,-9.0712,-9.336,-9.4267,-9.3392,-8.9971,-8.4065,-7.7733,-6.8922,-6.1926,-5.8114,-5.6696,-6.0945,-6.9733,-8.6351,-11.573,-16.537,-17.327,-12.773,-8.8603,-6.7481,-4.7441,-3.2885,-2.4349,-1.5197,-0.75262,-0.061962,0.40213,0.93607,1.3942,1.6728,1.9194,2.0128,1.9494,1.8095,1.4798,0.98191,0.56994,-0.071193,-0.82359,-1.4574,-2.2721,-3.1708,-4.1819,-5.0008,-6.0999,-7.2445,-8.0523,-8.8344,-9.1334,-9.0386,-8.3925,-7.2962,-6.0805,-4.9051,-3.5308,-2.3707,-1.5586,-0.63641,0.030162,0.45439,0.59904,0.52914,0.1487,-0.35372,-1.3919,-2.8668,-4.2682,-6.4216,-8.1932,-8.1793,-7.0451,-5.2046,-3.736,-2.8902,-2.194,-1.8909,-1.8974,-2.1928,-2.7852,-3.6317,-4.4052,-5.5553,-6.6977,-7.4374,-8.0961,-8.2688,-8.1392,-7.9245,-7.5989,-7.2457,-6.9878,-6.5681,-6.0726,-5.6887,-5.1354,-4.6576,-4.2354,-3.9801,-3.7239,-3.8758,-4.1874,-4.6463,-5.4691,-6.0846,-7.1821,-8.5333,-9.8212,-10.348,-10.853,-10.726,-9.9844,-8.7099,-7.4307,-6.3158,-5.67,-5.1272,-4.9444,-4.9809,-5.1757,-5.383,-5.3846,-5.1797,-4.7541,-4.2932,-4.0359,-3.8824,-3.9988,-4.275,-4.792,-5.4203,-5.838,-6.1874,-6.2163,-6.0444,-5.9179,-5.86,-5.9675,-6.6073,-7.223,-7.9168,-8.9336
-18.73,-12.609,-8.378,-5.7292,-4.2863,-2.7914,-1.6449,-0.97555,-0.33216,0.06341,0.22616,0.14928,-0.18096,-0.77554,-1.4642,-2.6707,-4.3492,-6.0674,-9.025,-11.807,-10.108,-7.068,-3.529,-0.83132,0.76824,2.4618,3.7353,4.4617,5.1486,5.5513,5.6964,5.6389,5.3444,4.8377,4.289,3.3907,2.3029,1.0236,-0.0462,-1.6096,-3.3115,-4.6619,-6.4125,-8.0083,-8.9724,-9.722,-9.9494,-9.8107,-9.579,-9.1544,-8.6359,-8.1391,-7.4855,-6.768,-6.4108,-6.096,-5.9303,-6.0632,-6.409,-7.1466,-8.3084,-9.4348,-11.553,-13.822,-13.958,-12.143,-9.3948,-7.2471,-6.178,-5.3696,-5.2802,-5.6479,-6.8662,-8.5424,-10.068,-10.089,-8.5268,-6.3143,-4.8138,-3.2756,-2.1473,-1.4725,-0.79185,-0.24516,0.27291,0.64584,1.1386,1.5774,1.8668,2.1613,2.2911,2.2781,2.1524,1.8039,1.3566,0.9674,0.2888,-0.46997,-1.056,-1.9493,-2.9834,-4.2003,-5.2585,-6.9848,-9.1325,-11.032,-13.64,-14.787,-13.754,-11.22,-8.863,-6.6594,-5.2953,-3.7729,-2.3812,-1.4333,-0.4226,0.4289,1.0705,1.4013,1.6575,1.6803,1.5457,1.1912,0.6973,0.29344,-0.2378,-0.59754,-0.6847,-0.56716,-0.26777,0.09776,0.34609,0.53751,0.58787,0.5123,0.27585,-0.10755,-0.62343,-1.076,-1.7491,-2.4277,-2.9532,-3.6352,-4.3038,-4.9778,-5.5004,-6.2085,-6.7981,-7.0984,-7.1089,-6.6393,-5.9682,-5.0013,-4.0558,-3.2432,-2.9015,-2.5398,-2.3374,-2.6015,-3.0372,-3.7883,-4.6834,-6.1043,-7.9989,-10.834,-14.015,-19.5,-19.542,-15.427,-11.217,-8.725,-7.2139,-6.5753,-6.367,-6.8387,-7.7298,-9.6462,-12.217,-13.461,-11.741,-8.6133,-6.0976,-4.684,-3.3402,-2.4559,-2.0314,-1.6959,-1.5754,-1.5781,-1.6503,-1.7985,-2.0374,-2.3017,-2.7324,-3.4843,-4.2149,-5.1889,-6.6464,-8.3895
-9.1516,-8.8743,-8.0002,-6.8613,-5.9484,-4.6952,-3.4628,-2.6507,-1.7207,-1.0352,-0.66518,-0.613,-0.76238,-1.2296,-1.8093,-2.8921,-4.424,-5.9315,-8.3257,-10.172,-8.8057,-6.3554,-3.1675,-0.56771,1.0207,2.7265,4.0333,4.7944,5.5143,5.9479,6.1102,6.0642,5.7965,5.299,4.7837,3.9424,2.9113,1.7371,0.78315,-0.56716,-1.9515,-2.9835,-4.319,-5.5677,-6.4543,-7.5958,-8.6976,-9.8916,-10.821,-11.965,-12.305,-11.671,-10.01,-8.1638,-6.867,-5.7042,-5.0115,-4.6957,-4.7173,-5.29,-6.4513,-7.8187,-10.422,-13.796,-14.358,-11.705,-8.186,-5.736,-4.4904,-3.3585,-2.7241,-2.4218,-2.3814,-2.5741,-2.694,-2.5789,-2.3549,-2.0617,-1.8509,-1.6604,-1.6575,-1.7817,-2.016,-2.197,-2.1562,-1.8563,-1.1677,-0.36451,0.18393,0.75804,1.0917,1.1299,0.95973,0.53463,-0.081603,-0.67966,-1.5251,-2.3126,-2.8044,-3.5386,-4.3208,-5.2572,-6.0936,-7.711,-10.028,-12.351,-16.477,-19.021,-16.702,-12.92,-9.9855,-7.9692,-6.8789,-5.2757,-3.8058,-2.8876,-1.5974,-0.44323,0.5204,1.1095,1.7002,2.0714,2.2129,2.2828,2.226,2.132,1.9989,1.8928,1.8457,1.8396,1.8547,1.8791,1.8358,1.7587,1.5913,1.4148,1.1207,0.77853,0.40131,0.089966,-0.35586,-0.87417,-1.3151,-2.0344,-2.9773,-4.2052,-5.3931,-7.4686,-10.427,-13.161,-15.493,-12.489,-9.6977,-6.8121,-4.7295,-3.2965,-2.578,-2.0368,-1.7262,-1.593,-1.9345,-2.5056,-3.1848,-4.4519,-6.0574,-7.9537,-9.4257,-11.306,-11.537,-10.535,-8.6094,-7.0365,-6.0566,-5.7216,-5.78,-6.4779,-7.4833,-9.6219,-12.447,-13.844,-11.927,-8.477,-5.7245,-4.1293,-2.4978,-1.304,-0.62559,0.0026737,0.40244,0.55902,0.59922,0.44907,0.11272,-0.25897,-0.95889,-1.9518,-2.6127,-4.0521,-6.151,-8.8275
-8.0051,-9.1693,-10.613,-11.276,-10.657,-8.7636,-6.6229,-5.1835,-3.6623,-2.6142,-1.9849,-1.7084,-1.67,-1.9414,-2.2436,-2.8124,-3.4136,-3.7783,-4.002,-3.7698,-3.0061,-2.1057,-0.68231,0.8107,1.8829,3.1453,4.1815,4.7906,5.3867,5.7209,5.7939,5.687,5.3418,4.7504,4.1918,3.2502,2.1104,0.82841,-0.20953,-1.6461,-3.0746,-4.0546,-5.2719,-6.3132,-7.0083,-7.9816,-9.1972,-10.962,-13.011,-17.823,-29.054,-20.345,-12.841,-8.7699,-6.582,-4.629,-3.3859,-2.6521,-2.367,-2.2943,-2.5099,-2.8498,-3.324,-3.6062,-3.5193,-3.1617,-2.4295,-1.6084,-1.0131,-0.37125,0.11285,0.3424,0.60841,0.72223,0.69354,0.57032,0.43576,0.15593,-0.21423,-0.94286,-2.073,-3.3153,-5.6073,-8.7106,-11.047,-9.8116,-6.4523,-3.7415,-2.3357,-1.1175,-0.51083,-0.48642,-0.80825,-1.6085,-2.9412,-4.2661,-6.0123,-7.3195,-7.7601,-7.4362,-6.8296,-6.4678,-6.499,-6.8547,-7.501,-8.123,-8.9378,-9.4818,-9.6386,-9.51,-9.5174,-9.6556,-9.3167,-8.8967,-7.7418,-6.3315,-4.2675,-2.4508,-0.92995,-0.027945,0.84416,1.4048,1.6537,1.7825,1.7513,1.6657,1.5711,1.5225,1.5325,1.5622,1.6014,1.5507,1.438,1.1745,0.75743,0.38113,-0.14487,-0.59276,-0.87016,-0.96092,-0.98822,-1.0579,-1.1919,-1.5623,-2.22,-3.2477,-4.3095,-6.1712,-8.6288,-10.679,-12.078,-10.432,-8.3537,-5.9484,-4.1659,-2.8646,-2.0477,-1.3974,-1.1717,-1.0419,-1.175,-1.5874,-1.9268,-2.5695,-3.3412,-4.1015,-4.5351,-4.8494,-4.8517,-4.7394,-4.3456,-3.8801,-3.539,-3.4354,-3.5023,-3.8405,-4.2022,-4.7532,-5.1647,-5.2716,-4.9574,-4.2118,-3.2087,-2.4072,-1.3502,-0.40771,0.1945,0.84769,1.3056,1.5139,1.5936,1.4581,1.1084,0.70847,-0.048466,-0.91319,-1.6136,-2.9317,-4.2525,-5.4934
-7.352,-9.6616,-14.386,-22.651,-18.884,-11.928,-7.9924,-6.0266,-4.2033,-3.0138,-2.3072,-2.0785,-2.1747,-2.6255,-3.1555,-3.9854,-4.6912,-4.9148,-4.6392,-3.7138,-2.4029,-1.2767,0.19682,1.5837,2.52,3.6127,4.4854,4.9791,5.4391,5.6388,5.5851,5.3754,4.8653,4.1115,3.3916,2.2094,0.80959,-0.81999,-2.2078,-4.2453,-6.4343,-8.0312,-9.4662,-9.7345,-9.3113,-8.5753,-8.1034,-7.9767,-8.0415,-8.1495,-7.8278,-7.1005,-5.5618,-3.8719,-2.6693,-1.2711,-0.18651,0.55272,0.90566,1.2364,1.3852,1.4356,1.4222,1.4032,1.4418,1.4983,1.6385,1.8577,2.0507,2.2885,2.4996,2.5902,2.7196,2.8474,2.8725,2.7696,2.5149,2.0939,1.6316,0.72136,-0.58012,-1.8611,-4.1431,-7.0111,-9.0098,-8.1336,-5.3645,-2.9779,-1.6851,-0.59176,-0.15627,-0.29259,-0.76334,-2.0446,-4.1872,-6.6397,-11.789,-25.446,-20.064,-11.467,-8.0122,-6.2146,-5.5173,-5.0179,-4.9077,-5.0245,-5.3702,-5.895,-6.3909,-7.3281,-8.9081,-11.414,-14.417,-26.078,-17.14,-10.934,-6.3921,-3.3821,-1.3494,-0.29855,0.63104,1.0662,1.1056,0.79524,0.19729,-0.3264,-0.92363,-1.0804,-0.72414,-0.25904,0.32108,0.6251,0.63492,0.17414,-0.78303,-1.8381,-3.5768,-5.1189,-5.3255,-4.487,-2.9974,-1.7362,-1.1097,-0.66823,-0.63364,-0.95546,-1.3937,-2.1565,-2.9238,-3.3954,-3.7401,-3.6606,-3.3552,-2.732,-2.0006,-1.3464,-0.87471,-0.36898,-0.16513,-0.31522,-0.4571,-0.85511,-1.2921,-1.8269,-2.3103,-2.6812,-2.9052,-2.7874,-2.4165,-2.0405,-1.604,-1.2238,-0.95793,-0.85827,-0.91768,-1.1686,-1.4747,-1.9509,-2.4696,-2.7914,-3.0294,-2.9547,-2.479,-1.9033,-0.96595,0.027417,0.7199,1.5098,2.0724,2.3374,2.4701,2.3424,1.9523,1.4855,0.67169,-0.27626,-1.2786,-2.4408,-3.2279,-3.7475
-3.3441,-4.4273,-5.7621,-6.5238,-6.4917,-5.7366,-4.6085,-3.7355,-2.6866,-1.9101,-1.5316,-1.5919,-2.0449,-3.0616,-4.3694,-6.969,-11.069,-14.747,-12.671,-7.5746,-4.0182,-2.076,-0.0069117,1.6207,2.6074,3.6823,4.5069,4.9624,5.3269,5.4245,5.2431,4.914,4.2073,3.2303,2.2772,0.81161,-0.83679,-2.7374,-4.3545,-6.9501,-10.535,-14.745,-29.849,-17.586,-12.289,-8.3771,-5.9643,-4.3398,-3.4119,-2.3876,-1.4629,-0.77376,0.18188,1.0965,1.6871,2.4679,3.1216,3.6414,3.926,4.1642,4.2695,4.2944,4.2415,4.1028,3.9175,3.7621,3.5503,3.3516,3.2209,3.1547,3.1992,3.3381,3.4969,3.6887,3.8845,4.0233,3.981,3.7679,3.5057,3.0001,2.3334,1.7665,1.0152,0.41684,0.15201,0.23171,0.62069,1.1874,1.6058,1.9874,2.0932,1.8785,1.4883,0.5607,-0.73944,-1.8349,-3.3801,-4.4971,-4.8398,-4.4875,-3.7838,-3.1646,-2.8057,-2.5759,-2.5629,-2.637,-2.8331,-3.1457,-3.4786,-4.1611,-4.9615,-5.8557,-6.5591,-6.9855,-6.1187,-4.7503,-2.721,-0.93551,0.42482,1.1593,1.7264,1.7681,1.4076,0.33438,-1.6789,-4.0835,-9.3068,-12.031,-6.0568,-2.9911,-0.49355,0.80574,1.1384,0.83768,-0.35,-1.9703,-5.5882,-12.216,-12.783,-7.4256,-3.22,-0.82082,0.28539,1.1481,1.4754,1.4106,1.1674,0.64045,-0.027012,-0.54777,-1.1835,-1.6046,-1.7785,-1.6792,-1.2502,-0.65791,-0.33923,0.082679,0.37188,0.30072,-0.12037,-0.84002,-1.6953,-3.1433,-4.6295,-5.4244,-5.1876,-4.0887,-2.5665,-1.4167,-0.21906,0.61917,1.1226,1.2895,1.2182,0.82722,0.29962,-0.72967,-2.1557,-3.4486,-5.3805,-6.7449,-6.2277,-4.7622,-2.5375,-0.58747,0.60691,1.826,2.6708,3.0679,3.3008,3.1841,2.7069,2.1002,0.97436,-0.68078,-2.4365,-4.7094,-6.8627,-7.4735
-0.6467,-1.5471,-2.7057,-3.5905,-3.9415,-3.8686,-3.2651,-2.5755,-1.6421,-0.9078,-0.51328,-0.45856,-0.77739,-1.614,-2.6017,-4.4136,-6.514,-7.6253,-7.2049,-5.2025,-3.1056,-1.7723,-0.23896,1.0353,1.8768,2.8409,3.6258,4.0818,4.4528,4.5415,4.2895,3.8599,2.9514,1.6221,0.32571,-1.7099,-3.9405,-5.9543,-7.0057,-7.7965,-8.241,-8.4582,-8.1949,-7.0896,-5.7667,-3.9257,-2.2187,-0.77346,0.14538,1.1805,2.0532,2.6223,3.2843,3.8771,4.2443,4.6421,4.9532,5.1923,5.3303,5.3865,5.3442,5.2159,4.9616,4.5821,4.0455,3.5591,2.7846,1.8902,1.2331,0.59557,0.48565,0.84737,1.6351,2.4466,3.1697,3.6125,4.0053,4.1332,4.0685,3.8579,3.5349,3.2539,2.9288,2.7349,2.7446,2.8583,3.1325,3.467,3.7013,3.9484,4.0707,3.9905,3.7575,3.3476,2.7833,2.3341,1.6336,0.97656,0.51545,0.029426,-0.38269,-0.78499,-1.0794,-1.4951,-1.8613,-2.0576,-2.1811,-2.1622,-2.0953,-1.9454,-1.7284,-1.509,-1.4613,-1.0354,-0.39022,0.27377,1.0989,1.9398,2.687,3.1357,3.4855,3.5194,3.2857,2.5951,1.3902,0.19578,-1.3562,-1.6578,-0.2238,1.1876,2.8007,3.8266,4.1913,4.2524,3.8189,3.2381,2.3302,1.6064,1.4299,1.7098,2.3494,2.9769,3.3401,3.5825,3.5258,3.1742,2.7194,1.849,0.62201,-0.55794,-2.4376,-4.497,-5.6628,-5.6634,-4.1274,-2.2287,-1.1344,-0.14654,0.40644,0.66736,0.25676,-0.75708,-1.8948,-4.474,-9.1078,-20.862,-15.799,-7.1657,-3.0186,-1.0136,0.8756,2.0942,2.7974,3.0177,2.9662,2.4921,1.8546,0.53744,-1.429,-3.4948,-7.6121,-13.653,-11.574,-7.2294,-3.3406,-0.77128,0.61702,2.0146,2.9867,3.4714,3.8024,3.7793,3.3794,2.8096,1.6384,-0.20271,-2.0562,-5.4547,-10.339,-11.305
0.54384,-0.92485,-3.4433,-6.6895,-9.1168,-9.1134,-5.9,-3.7015,-1.4967,-0.00010416,0.94993,1.377,1.5163,1.2766,0.92678,0.30244,-0.37504,-0.83205,-1.255,-1.4816,-1.56,-1.5319,-1.3646,-0.89935,-0.29882,0.72866,1.7817,2.4744,3.1762,3.5133,3.4348,3.0767,2.1632,0.62348,-0.9921,-4.0759,-9.0657,-19.622,-20.713,-11.036,-7.1083,-5.3028,-3.4837,-2.0141,-1.047,0.16058,1.2511,2.2021,2.8103,3.4931,4.0302,4.3362,4.6308,4.8347,4.9821,5.0618,5.0879,5.0494,4.9924,4.9076,4.7622,4.5839,4.2276,3.7025,2.9227,2.1075,0.58589,-1.6437,-3.9772,-8.4192,-10.536,-7.1395,-2.7136,0.093402,1.8469,2.639,3.3587,3.6226,3.5552,3.1747,2.5815,2.0951,1.5403,1.3263,1.5683,2.0145,2.7959,3.5756,4.0803,4.6268,4.9804,5.1377,5.1328,5.007,4.7273,4.3816,3.8417,3.1902,2.6773,1.8325,0.79968,-0.42314,-1.53,-3.0598,-4.412,-5.0475,-5.0302,-4.166,-3.2697,-2.0292,-1.0607,-0.28359,0.33772,1.0308,1.6366,2.0171,2.6302,3.2791,3.9416,4.4138,4.9989,5.4869,5.7703,6.0012,6.1252,6.1814,6.3101,6.5902,7.0417,7.4587,7.9677,8.3496,8.524,8.5528,8.3764,8.1446,7.7532,7.3391,6.97,6.7293,6.4566,6.1995,5.9847,5.6268,5.1674,4.5439,3.9238,2.8426,1.3585,-0.12043,-2.8857,-7.2639,-12.077,-11.904,-5.9566,-2.4385,-0.62142,0.8892,1.671,1.9246,1.951,1.5083,0.88025,-0.083454,-1.0168,-1.4627,-1.1313,-0.098774,1.2615,2.2347,3.4075,4.2749,4.8161,5.0079,4.9768,4.6143,4.1313,3.2302,2.0803,1.0969,-0.17109,-1.0439,-1.246,-0.93936,-0.16418,0.79071,1.5231,2.4306,3.2108,3.6871,4.1458,4.368,4.322,4.0973,3.5075,2.6705,2.1305,1.171,0.34245,0.062335
1.8042,0.48871,-1.8276,-4.8133,-6.9118,-6.9192,-4.1426,-2.0961,-0.0024627,1.4521,2.3945,2.7942,3.0473,3.0037,2.7998,2.3312,1.6574,1.0222,-0.016826,-1.3842,-3.2252,-5.0217,-7.9904,-9.584,-7.9384,-4.5363,-1.776,-0.2545,1.197,2.0581,2.4275,2.3975,1.9479,1.0327,0.10507,-1.4971,-3.337,-4.7119,-4.9324,-4.1565,-2.831,-1.8186,-0.59469,0.45917,1.1349,1.9195,2.5743,3.095,3.3841,3.6415,3.7363,3.7128,3.5606,3.2631,2.9876,2.6309,2.2925,2.0056,1.8183,1.691,1.6084,1.5913,1.4885,1.2474,0.82425,0.3017,-0.7212,-2.1634,-3.5661,-5.4416,-5.8243,-4.572,-2.1712,-0.073715,1.4064,2.0929,2.5529,2.5051,2.1361,1.095,-0.64998,-2.5242,-5.7348,-7.8303,-5.5311,-3,-0.33764,1.5475,2.5678,3.5058,4.0755,4.3993,4.5456,4.5167,4.3368,4.0856,3.6802,3.0999,2.5364,1.5267,0.17205,-1.6542,-3.5014,-6.8912,-12.724,-23.125,-16.435,-9.1697,-6.2631,-3.8152,-2.1806,-1.0393,-0.38186,0.094861,0.36856,0.48292,0.79486,1.281,2.0876,2.8878,4.1207,5.3668,6.2416,7.2835,8.1794,8.7621,9.4363,10.014,10.502,10.803,11.103,11.274,11.306,11.19,10.922,10.626,10.104,9.4629,8.7329,8.1399,7.3272,6.5313,5.9557,5.2692,4.6758,4.1414,3.7364,3.1301,2.3932,1.7511,0.79988,-0.094824,-0.46342,-0.42561,0.18178,1.0523,1.7933,2.5937,3.0638,3.1194,3.1928,3.0894,2.8882,2.6286,2.4502,2.4967,2.738,3.2045,3.8279,4.3268,4.9706,5.5107,5.872,6.0173,5.995,5.7386,5.3878,4.7371,3.9098,3.193,2.2146,1.2575,0.40675,-0.10906,-0.51863,-0.52981,-0.21633,0.49821,1.426,2.1373,2.9943,3.6596,4.088,4.2478,4.2426,4.0756,3.8605,3.4031,2.9358,2.5757
2.2506,1.7837,1.0916,0.45418,0.14256,0.08016,0.41926,0.83546,1.4278,1.9384,2.2791,2.4023,2.4212,2.2595,2.0053,1.4939,0.78358,0.10181,-1.0495,-2.5784,-4.598,-6.6029,-9.6801,-11.43,-10.007,-6.8531,-4.2445,-2.7811,-1.3245,-0.32622,0.27848,0.51525,0.56379,0.37886,0.10179,-0.36938,-0.86351,-1.2345,-1.3823,-1.3892,-1.1941,-0.9543,-0.59465,-0.2014,0.10178,0.46089,0.73286,0.88638,0.90914,0.76649,0.41031,-0.0040752,-0.76129,-1.7526,-2.7072,-4.0037,-5.1924,-5.9176,-6.0637,-5.9628,-5.5604,-5.1712,-4.5847,-4.0336,-3.5589,-3.2737,-2.9921,-2.8097,-2.6847,-2.4559,-2.0265,-1.651,-0.92126,-0.14013,0.50937,0.88549,0.98855,0.71502,0.22646,-0.83812,-2.5301,-4.2862,-7.1266,-8.8171,-7.0086,-4.9117,-2.5635,-0.95859,-0.1469,0.49839,0.80385,0.87859,0.8436,0.76779,0.69716,0.69302,0.56881,0.29485,-0.093706,-0.8136,-1.817,-3.1622,-4.3019,-6.069,-7.7476,-8.548,-8.5011,-7.4141,-6.4232,-5.1453,-4.0937,-3.448,-3.4094,-3.5875,-4.2514,-5.006,-6.6461,-7.831,-6.3538,-3.9069,-0.66344,2.049,3.7357,5.6112,7.1153,8.0502,9.0746,9.8776,10.48,10.803,11.085,11.179,11.116,10.875,10.434,9.9632,9.1533,8.1252,6.8653,5.7791,4.1534,2.4269,1.2201,0.018827,-0.45953,-0.31681,-0.013269,0.38355,0.66024,0.75961,0.82627,0.87883,0.93851,1.0877,1.2999,1.5688,1.7261,1.8956,1.9767,1.9596,1.688,1.3236,1.0845,0.71171,0.47045,0.48505,0.6558,1.2309,1.9903,2.605,3.3225,3.9193,4.3434,4.5184,4.5583,4.3646,4.0647,3.4449,2.568,1.7534,0.4265,-1.2243,-3.2378,-5.0514,-7.7667,-9.7316,-9.3185,-6.7783,-4.1298,-2.4633,-0.71614,0.57623,1.4873,1.9507,2.3357,2.4117,2.1322,1.7165,1.1276,0.27966
