 	TP9	AF7	AF8	TP10	
-1000.00000	4.43139	-1.01478	-15.31973	6.41667
-996.09375	8.58391	-3.62467	-14.32799	8.83118
-992.18750	18.72113	-6.49280	-16.78325	15.52336
-988.28125	17.89547	-5.66732	-17.13449	19.86992
-984.37500	18.70175	-9.63637	-9.67772	18.50673
-980.46875	14.28130	-21.16099	-6.90286	11.49873
-976.56250	14.07179	-13.99240	-10.62393	4.67968
-972.65625	18.43992	0.82975	-14.26835	12.77741
-968.75000	9.39093	2.32687	-13.11707	7.68386
-964.84375	3.90754	-0.88808	-10.58866	4.66763
-960.93750	0.03798	-0.62829	-16.22894	2.10550
-957.03125	1.25127	-5.02606	-19.01965	-10.70683
-953.12500	7.75317	-10.77271	-13.35929	-6.48626
-949.21875	9.57226	-12.22781	-11.50138	-0.51740
-945.31250	5.03963	-14.30330	-17.13592	0.06427
-941.40625	0.34993	-10.73508	-18.71791	1.60038
-937.50000	3.96630	-5.33580	-16.54976	3.77148
-933.59375	8.04642	-7.05284	-18.08773	6.49327
-929.68750	5.16484	-11.05200	-19.13746	0.50673
-925.78125	-9.34627	-9.18377	-18.84107	-0.14423
-921.87500	-15.03541	-6.35265	-15.57691	0.30586
-917.96875	-10.42702	-7.26839	-13.69110	5.40386
-914.06250	-6.84250	-5.74194	-12.74111	5.78819
-910.15625	-5.01479	-5.83004	-17.49041	-1.32827
-906.25000	-2.59523	-6.07621	-23.35763	-0.39469
-902.34375	1.39395	-3.99983	-22.92143	-3.79967
-898.43750	0.36754	-5.18432	-24.54740	-3.39256
-894.53125	0.98758	-10.06539	-22.30405	-0.93913
-890.62500	1.22301	-8.24664	-16.23172	-2.39097
-886.71875	-5.73929	-5.78425	-16.98424	-1.89905
-882.81250	-8.01357	-6.09306	-11.73858	0.55853
-878.90625	-6.37584	-5.12918	-9.63215	1.55646
-875.00000	3.75717	-4.71440	-15.35037	4.85196
-871.09375	16.65662	-4.19922	-16.57151	7.39749
-867.18750	14.66345	-7.09664	-17.04574	3.80241
-863.28125	13.92662	-5.78107	-19.49897	4.50987
-859.37500	16.86918	-3.07517	-21.72920	0.90884
-855.46875	19.21402	-5.40596	-18.07237	-9.87190
-851.56250	22.38059	-7.79105	-14.07838	-0.16069
-847.65625	18.72592	-6.78784	-11.85495	10.26201
-843.75000	11.57971	-2.25567	-11.54746	4.42140
-839.84375	5.20717	-3.45510	-13.69505	11.98738
-835.93750	3.05012	-11.73925	-15.16081	19.36226
-832.03125	1.10234	-12.57560	-14.39503	7.98076
-828.12500	1.62162	-5.66134	-15.91684	-2.26452
-824.21875	3.85669	-5.18503	-16.08754	-8.57913
-820.31250	6.96374	-7.88096	-12.52605	-1.87959
-816.40625	12.89449	-5.58492	-11.85604	14.79269
-812.50000	16.51798	-2.03408	-17.92660	16.11435
-808.59375	21.38462	-0.89533	-19.96328	4.50187
-804.68750	25.38402	-3.28505	-16.99957	-2.26337
-800.78125	22.51191	-5.07154	-20.23583	6.84827
-796.87500	20.54646	-7.89810	-18.63586	12.68536
-792.96875	21.51710	-7.99944	-15.00452	16.59076
-789.06250	22.83070	-5.38170	-20.36753	26.13012
-785.15625	31.01269	-7.02932	-19.11635	32.62979
-781.25000	32.07706	-9.12876	-13.05033	35.34539
-777.34375	28.42411	-4.17537	-14.54946	38.83115
-773.43750	27.01026	-3.07414	-14.49565	28.75943
-769.53125	24.91835	-2.59953	-11.89143	21.92852
-765.62500	18.30756	-1.10396	-13.16823	25.98616
-761.71875	17.49431	-3.93484	-16.35265	29.61260
-757.81250	20.00203	-5.70081	-17.32690	35.20810
-753.90625	18.52107	-3.78017	-17.20788	32.88244
-750.00000	25.25467	-3.02406	-12.26408	27.76017
-746.09375	27.95213	-7.66771	-9.22636	25.74871
-742.18750	16.60633	-9.23263	-13.21803	26.30938
-738.28125	12.19400	-6.43262	-12.86677	19.94834
-734.37500	15.41724	-6.89662	-14.68235	15.67048
-730.46875	14.19690	-5.04329	-16.24838	16.23153
-726.56250	5.13929	-4.95993	-8.90090	19.02140
-722.65625	2.38320	-6.48626	-6.06223	16.16199
-718.75000	1.35928	-4.35787	-12.45148	7.95891
-714.84375	3.21662	-3.56127	-10.95048	15.81038
-710.93750	11.92157	-3.41895	-10.14525	23.20784
-707.03125	11.11150	-3.05137	-11.38369	13.45621
-703.12500	10.25094	-5.36416	-9.79120	13.66821
-699.21875	7.22335	-8.74508	-16.08127	10.52013
-695.31250	13.77101	-10.29674	-16.49060	6.71544
-691.40625	20.87859	-5.40422	-14.10260	12.43255
-687.50000	16.45665	-1.13400	-12.24141	11.47059
-683.59375	13.58561	-6.67058	-7.07698	12.77828
-679.68750	12.43806	-5.49282	-6.83296	17.95902
-675.78125	18.08490	-1.31788	-7.93508	31.10088
-671.87500	20.95371	0.68530	-10.79609	30.65088
-667.96875	14.33088	0.39146	-12.27884	5.00355
-664.06250	9.13470	-4.76220	-12.82570	-6.66270
-660.15625	16.17166	-8.30127	-18.14965	-3.97853
-656.25000	23.01964	-3.62364	-17.52036	-1.68864
-652.34375	17.41878	-2.07439	-16.34465	1.31348
-648.43750	16.83356	-2.90546	-16.73318	7.35319
-644.53125	7.75201	-7.29265	-16.96181	14.16711
-640.62500	1.06970	-10.32102	-21.82522	6.35126
-636.71875	10.04676	-2.30800	-17.84916	1.82981
-632.81250	12.72395	-0.79121	-12.61854	2.19278
-628.90625	8.26572	-7.79989	-14.72488	3.20944
-625.00000	4.98248	-11.84187	-14.24470	6.76362
-621.09375	6.58849	-7.11982	-14.63519	8.65031
-617.18750	13.41681	-4.22330	-15.77272	4.58982
-613.28125	20.19764	-2.31636	-14.93114	-0.14704
-609.37500	20.47838	-3.41136	-14.71539	0.63340
-605.46875	19.74522	-6.31957	-16.76032	-3.49403
-601.56250	23.42835	-2.32358	-18.73944	0.09156
-597.65625	29.90334	-4.93939	-15.32161	9.41234
-593.75000	29.39358	-7.45770	-7.57030	13.23818
-589.84375	21.26040	-7.46792	-5.01967	17.75979
-585.93750	12.94106	-8.45199	-9.19474	18.44320
-582.03125	11.26215	-6.81060	-8.34860	17.33358
-578.12500	10.33958	-7.68170	-6.82667	21.53440
-574.21875	9.71588	-4.12955	-7.05874	27.44554
-570.31250	8.62296	-1.83738	-7.79958	15.10451
-566.40625	11.15334	-1.31383	-4.84310	10.11667
-562.50000	10.34982	1.98422	-6.83097	20.07653
-558.59375	9.91481	-1.97602	-9.62925	18.79441
-554.68750	10.34713	-6.43691	-6.54881	15.88836
-550.78125	0.32505	-5.86003	-5.32702	10.40221
-546.87500	-2.14218	-5.04896	-2.49460	9.39970
-542.96875	6.96025	-6.15726	-1.69352	19.19362
-539.06250	6.45223	-9.98454	-11.23877	17.71267
-535.15625	6.73148	-6.72607	-17.72788	11.21268
-531.25000	8.08449	-1.80697	-9.28824	6.88490
-527.34375	6.09616	-1.92601	-3.75966	-3.45100
-523.43750	5.89816	-0.20757	-4.21631	-1.84131
-519.53125	5.16941	0.92880	-6.01452	2.97461
-515.62500	9.36260	-0.56747	-6.75218	0.52847
-511.71875	9.36991	-3.78131	-6.79105	-2.29254
-507.81250	4.84749	-3.62789	-10.65168	-7.88849
-503.90625	5.52263	-1.11705	-10.77044	0.48073
-500.00000	8.05652	-5.09749	-5.23787	12.85532
-496.09375	11.40302	-8.11033	-6.66361	11.24012
-492.18750	8.64622	-3.72563	-10.32746	12.69392
-488.28125	7.01450	-0.48250	-12.69314	19.86076
-484.37500	6.20883	-0.01932	-11.28020	8.02137
-480.46875	1.38514	-0.26177	-3.67008	-9.06009
-476.56250	5.60755	0.05703	0.66764	-6.61220
-472.65625	7.15476	-0.43208	1.05269	0.67922
-468.75000	3.34347	2.27388	-4.64566	-2.40006
-464.84375	1.08319	1.47657	-5.74349	6.26836
-460.93750	-3.18971	-6.72520	-2.11625	9.34682
-457.03125	-0.36505	-7.89942	-0.47462	-1.04839
-453.12500	10.97166	-5.18449	-2.46972	-3.27513
-449.21875	12.38752	-0.59555	-7.86448	-3.35054
-445.31250	9.86924	4.58176	-7.45488	2.87183
-441.40625	7.19394	3.71768	-2.58978	3.19876
-437.50000	2.75129	0.65540	-2.03306	2.54893
-433.59375	8.44265	-3.47919	-0.34742	3.65864
-429.68750	9.59002	-1.43426	1.02053	6.13336
-425.78125	5.95770	4.06041	2.92865	10.31738
-421.87500	6.71527	1.25062	6.99872	11.57301
-417.96875	5.27949	-5.30611	6.06416	17.47653
-414.06250	10.47559	-7.00298	2.17912	6.17572
-410.15625	17.94417	-3.86759	-1.76410	-2.95551
-406.25000	17.94590	-1.29319	-4.40773	-2.02212
-402.34375	11.86171	1.18622	-2.76270	-4.62158
-398.43750	6.40302	3.22526	-2.77680	-12.27311
-394.53125	9.84349	-0.04403	-5.36842	-8.20797
-390.62500	11.69052	-2.65739	-4.13106	2.02523
-386.71875	8.75736	1.01385	3.17521	9.77011
-382.81250	4.87119	5.13725	6.00352	11.01899
-378.90625	-0.34096	3.28069	1.26042	-0.87685
-375.00000	-1.08710	-0.73665	1.18347	-1.61056
-371.09375	3.35068	-0.22134	3.18601	6.97879
-367.18750	3.77493	2.52241	2.71204	9.83043
-363.28125	-4.21482	-7.44385	0.66204	18.19368
-359.37500	2.75706	-9.97596	-7.61201	13.78685
-355.46875	13.56339	-2.23344	-8.79020	2.19999
-351.56250	8.67120	-4.61836	-1.97550	-1.38553
-347.65625	9.44867	0.41432	3.06858	2.99328
-343.75000	9.55510	2.52899	4.58499	19.71666
-339.84375	4.79410	-1.08789	2.43757	26.87963
-335.93750	8.68073	-2.52219	-1.44561	13.70488
-332.03125	13.98541	-2.95564	-0.27677	-9.76482
-328.12500	11.28082	1.54108	3.03679	-12.75765
-324.21875	5.05407	3.62916	2.06035	-2.95524
-320.31250	2.51980	0.12733	-1.22772	8.57903
-316.40625	6.83839	3.63226	-1.36328	17.99825
-312.50000	6.02921	5.57146	-3.40429	6.82870
-308.59375	0.01629	-3.76586	-2.21733	3.27454
-304.68750	-6.46098	-2.93220	3.56711	5.77655
-300.78125	-8.12481	1.32537	4.36036	0.78550
-296.87500	-1.22622	-0.69526	1.93123	0.17555
-292.96875	2.56443	-0.39357	-0.48117	-8.81310
-289.06250	3.87758	2.22412	3.02046	-8.13864
-285.15625	1.58300	2.59121	2.66005	-0.83363
-281.25000	-1.78523	0.89475	-3.76458	-2.95361
-277.34375	3.42596	2.62479	-5.26353	-0.67697
-273.43750	11.27916	4.53191	-4.40368	4.15957
-269.53125	12.81334	3.39483	-8.64903	5.38712
-265.62500	7.81407	0.45825	-7.50813	-3.85223
-261.71875	8.20946	0.44784	0.99263	-4.25522
-257.81250	11.11983	2.71124	4.45071	6.17532
-253.90625	15.27967	-1.00911	4.97279	25.60772
-250.00000	17.17784	-1.05881	5.88742	22.49994
-246.09375	6.98115	1.55028	-1.95388	-5.29910
-242.18750	1.27619	-1.62634	-1.91598	-4.33553
-238.28125	7.74283	-1.24381	-2.77327	-2.63803
-234.37500	10.16005	3.12741	-5.39454	-0.46918
-230.46875	10.14833	4.17498	-0.11053	-0.71392
-226.56250	5.52281	1.03492	1.59608	-1.95334
-222.65625	8.40751	0.71743	0.00273	1.63402
-218.75000	12.62150	-2.79513	1.26927	1.89248
-214.84375	8.03178	-5.22195	3.97921	-1.13503
-210.93750	3.84287	-3.46774	1.56108	-3.40788
-207.03125	4.24139	0.12341	-1.69190	10.61347
-203.12500	3.38062	2.24292	-0.90512	8.40776
-199.21875	-1.66193	3.69726	-2.76270	-14.48401
-195.31250	-2.36738	4.56328	0.85742	-15.46837
-191.40625	-2.51279	3.81486	6.46897	-10.96040
-187.50000	1.52673	5.26470	5.50971	-7.49038
-183.59375	1.87898	4.16046	2.61573	-2.95924
-179.68750	-2.08915	-0.70570	4.47159	-9.46349
-175.78125	-2.48629	-2.17183	4.57839	-14.45359
-171.87500	0.38245	0.23444	2.52331	-6.03913
-167.96875	5.04156	3.16418	0.23483	0.14518
-164.06250	3.06873	2.44275	-0.71479	-8.70063
-160.15625	-0.77362	-3.11090	1.61710	-15.68671
-156.25000	-1.17852	-1.65664	2.24653	-15.81441
-152.34375	-3.15305	4.72780	2.21359	-9.18580
-148.43750	-5.75308	9.53788	2.22811	4.91264
-144.53125	-6.37314	7.16546	2.80553	14.14430
-140.62500	-4.19097	2.52546	5.59798	16.40185
-136.71875	-6.49607	3.68879	7.96242	18.73030
-132.81250	-7.84818	2.38520	8.35800	8.21408
-128.90625	-7.87426	3.03236	8.66934	3.18681
-125.00000	-10.35162	4.22852	5.12037	-4.54111
-121.09375	-9.55137	-0.31675	2.31249	-10.71319
-117.18750	-7.55811	1.37109	3.18984	-4.29760
-113.28125	-10.44767	2.06942	2.82277	0.63587
-109.37500	-9.76394	3.39206	3.44161	4.63967
-105.46875	-6.46784	4.51329	3.00858	6.15307
-101.56250	-14.46972	0.04778	3.04426	0.87411
-97.65625	-15.65034	2.67016	4.85049	-9.95154
-93.75000	-5.28084	5.39008	6.15505	-1.69322
-89.84375	-2.93760	9.00635	8.70589	17.73712
-85.93750	-1.98937	9.63419	6.94847	10.36218
-82.03125	-1.65333	5.23177	6.58591	-9.28181
-78.12500	-0.96379	3.15202	7.70507	-18.37716
-74.21875	8.88897	4.68967	9.08484	-18.50943
-70.31250	10.61700	5.77329	7.53825	-12.71793
-66.40625	8.31264	0.65594	5.65975	-4.00555
-62.50000	7.91261	-3.70154	8.91012	-0.89497
-58.59375	5.06063	1.20292	6.51495	-9.02611
-54.68750	2.27007	3.59205	2.74567	-3.87264
-50.78125	3.53054	4.97488	2.75877	4.34166
-46.87500	3.07833	5.38304	2.36785	2.13082
-42.96875	-4.74198	4.27487	3.97493	-0.96892
-39.06250	-8.87601	0.44769	4.10005	-2.04684
-35.15625	-1.74671	0.88584	6.47548	-1.69665
-31.25000	6.45628	0.56704	10.48303	4.04939
-27.34375	6.48288	1.25394	7.14725	9.42814
-23.43750	0.24112	4.58434	5.88486	6.60604
-19.53125	-9.35198	3.70621	6.10140	16.66043
-15.62500	-7.57639	3.82180	6.97566	18.64676
-11.71875	-1.52495	1.41392	11.77208	-1.90291
-7.81250	-3.22665	-0.85012	9.52314	-5.48379
-3.90625	-5.37187	4.07850	3.76341	0.06537
0.00000	-8.88174	3.32172	4.86374	12.84345
3.90625	-7.95250	3.12961	2.22922	18.48143
7.81250	-4.26202	4.29108	6.22097	-11.08982
11.71875	-11.53436	2.29632	9.09337	-28.50109
15.62500	-19.18944	3.96859	3.25354	-19.38761
19.53125	-12.32765	5.33803	4.01385	-17.12785
23.43750	-9.31372	6.05999	-0.51293	-21.52905
27.34375	-8.97484	5.97398	-4.15719	-20.28098
31.25000	-12.38282	1.02445	2.23229	-15.30110
35.15625	-15.04570	-0.98148	5.56675	-12.27314
39.06250	-10.85659	2.90486	5.97060	-14.02931
42.96875	-10.04624	6.96893	3.98590	-11.53034
46.87500	-10.79718	3.64007	6.02005	-12.14501
50.78125	-8.17227	3.39397	6.26641	-14.63763
54.68750	-2.63169	7.76553	7.88476	-10.02671
58.59375	-4.50091	6.90169	11.54108	2.38842
62.50000	-0.88466	1.82508	11.69484	-3.09629
66.40625	2.79251	0.91420	8.94832	-15.68603
70.31250	4.34312	6.98860	6.68999	-3.94365
74.21875	7.96376	10.87172	5.77770	7.09032
78.12500	-2.15768	2.42093	5.01269	5.12290
82.03125	-9.23437	-1.31513	0.85473	14.25023
85.93750	-10.08213	6.65839	0.19315	15.84345
89.84375	-9.46325	6.57045	3.50273	-18.67209
93.75000	-9.86423	1.89218	2.87384	-35.87023
97.65625	-11.11320	3.56577	4.51893	-22.75519
101.56250	-9.31914	5.60495	0.47557	-11.06603
105.46875	-5.07282	1.93294	0.70444	0.65473
109.37500	-1.21105	-4.70957	9.19454	8.87334
113.28125	6.73498	-2.64991	9.65100	9.36544
117.18750	8.48994	7.92057	6.03248	-2.68234
121.09375	2.06906	7.27292	5.72161	-8.93711
125.00000	-2.70637	6.07610	4.03299	-4.43269
128.90625	0.52275	11.42664	2.81206	0.93338
132.81250	2.55879	7.32071	5.56152	5.79986
136.71875	-3.01330	5.01013	6.33194	7.31336
140.62500	-4.09993	4.08979	4.50482	12.97983
144.53125	-5.38138	-1.06128	2.92368	5.82535
148.43750	-11.48206	-2.23732	2.48560	1.83684
152.34375	-11.51027	-0.42806	7.93267	12.66248
156.25000	-10.59775	0.07493	10.25495	9.23939
160.15625	-11.32925	1.29335	8.10757	1.49408
164.06250	-5.42771	2.27670	5.43328	-2.01013
167.96875	-2.54030	-1.38003	2.97570	-8.55648
171.87500	-8.06501	3.92265	3.87169	-22.02510
175.78125	-10.26213	8.42841	0.47771	-20.28083
179.68750	-9.57255	4.52384	-3.61633	-13.17833
183.59375	-7.67111	5.61132	0.27737	-8.99674
187.50000	-4.45064	7.95364	4.28022	5.21876
191.40625	-6.83677	5.46627	7.48176	6.09728
195.31250	-6.46378	3.07664	7.62527	-3.89121
199.21875	-0.47150	6.12550	6.80681	4.01188
203.12500	1.99529	7.73133	6.39240	9.44627
207.03125	-3.88402	6.42137	6.39755	13.35194
210.93750	-7.40568	5.81587	1.03477	15.63870
214.84375	-2.44716	3.76554	-1.34027	5.61825
218.75000	-2.18878	7.30728	8.75522	1.88693
222.65625	-5.43882	9.44032	8.46509	4.96980
226.56250	-5.24098	7.31832	4.48987	9.00088
230.46875	-6.12403	8.19593	4.67673	11.43744
234.37500	-8.30247	5.25946	5.01181	9.85399
238.28125	-10.32447	2.02579	6.66278	3.40738
242.18750	-5.39901	3.48340	4.47992	9.80905
246.09375	2.79055	7.01591	3.79324	18.76577
250.00000	7.50957	5.35465	9.54310	18.47891
253.90625	5.77480	3.12872	5.73121	20.89974
257.81250	0.87587	4.78730	0.53111	6.55189
261.71875	-0.31292	5.57283	8.13540	-2.22694
265.62500	-4.34244	4.70607	13.97576	1.95671
269.53125	-8.78627	1.32153	13.61889	-8.76413
273.43750	-8.17352	1.00208	10.89336	-13.22687
277.34375	-4.88570	1.49053	8.49422	-3.19242
281.25000	1.74602	1.20147	3.71693	2.70723
285.15625	8.84136	4.01271	5.62113	-2.33490
289.06250	4.65259	6.16979	9.24709	-1.78714
292.96875	3.84250	5.73163	8.41180	6.99615
296.87500	7.01119	8.25417	7.18404	3.58177
300.78125	6.40108	8.09683	5.72941	3.65703
304.68750	3.68119	4.53068	8.14074	4.28437
308.59375	4.74462	4.58815	7.70834	3.55450
312.50000	3.94900	4.82919	4.73460	4.20433
316.40625	0.67492	2.91914	5.86998	8.33260
320.31250	2.75072	4.09705	9.33757	10.69286
324.21875	2.35340	6.66036	12.66795	10.94098
328.12500	-4.04535	-1.40959	11.01585	9.68509
332.03125	-3.01270	0.71423	7.51864	-3.47133
335.93750	1.05843	6.43974	9.38952	-5.87036
339.84375	-1.57513	2.90078	9.70688	-10.03601
343.75000	1.64632	5.56387	7.51583	-15.40176
347.65625	4.50682	4.69561	7.08003	-13.20540
351.56250	1.10091	3.05889	8.70638	-13.20957
355.46875	-1.93677	7.13333	8.47801	-11.63378
359.37500	-3.38101	3.70212	8.04706	-8.16752
363.28125	-5.68604	1.23905	12.02338	-1.00398
367.18750	-6.63527	3.96489	14.83666	-2.25283
371.09375	-12.30244	6.22372	9.10414	-2.84781
375.00000	-10.75062	7.01698	10.39038	-4.93455
378.90625	-2.29479	4.08346	12.41771	-5.86826
382.81250	-7.95739	8.59182	9.26580	6.99431
386.71875	-10.04116	8.48431	12.12229	17.56900
390.62500	-7.74581	4.97195	12.74111	13.11149
394.53125	-7.67323	6.49612	2.63774	-6.32735
398.43750	-2.37845	6.05997	0.25588	-16.03865
402.34375	4.49950	2.23552	11.32949	-2.68860
406.25000	7.61625	2.94086	16.26045	7.98732
410.15625	-4.54615	6.55716	12.36448	-1.19028
414.06250	-15.28287	8.79671	4.16030	-13.80314
417.96875	-14.54391	13.25882	-1.44024	-4.43609
421.87500	-14.66026	12.38789	0.48481	2.98868
425.78125	-19.31291	11.10502	1.05875	-15.27550
429.68750	-20.80837	14.20330	-4.11403	-20.36322
433.59375	-16.26293	11.10061	-7.60430	-10.44214
437.50000	-12.23075	4.72852	-1.53350	-12.16677
441.40625	-6.62129	5.60366	0.90650	-16.26867
445.31250	-6.18848	3.96350	-1.65392	-10.71240
449.21875	-4.92811	1.72006	2.79149	-6.12465
453.12500	-2.55979	8.17235	6.02707	2.14062
457.03125	-3.53031	8.27308	-0.02142	5.48780
460.93750	0.39424	7.26645	-4.32844	-2.03696
464.84375	3.09126	15.76319	4.09107	-7.32790
468.75000	-0.39074	12.62379	5.27811	-1.58208
472.65625	-3.18481	2.83453	5.16589	2.58792
476.56250	-6.60624	3.74734	7.53000	4.60101
480.46875	-6.52924	7.30151	-0.31199	1.35872
484.37500	-2.73918	5.40248	0.56229	-0.28134
488.28125	-2.73197	1.78596	6.56757	2.94176
492.18750	-0.80767	8.78936	7.54212	-0.63938
496.09375	-4.16199	7.67401	5.40876	-8.38734
500.00000	-5.65762	-3.55896	5.70339	-14.54744
503.90625	-5.13182	-0.52762	10.72460	-16.16244
507.81250	-7.88880	7.08063	7.06083	-10.27620
511.71875	-11.93823	5.08583	0.66591	-2.30343
515.62500	-15.56460	2.72871	2.07893	-8.90472
519.53125	-12.32983	5.30693	4.45112	-14.70412
523.43750	-10.12232	0.38779	3.14790	-9.83849
527.34375	-5.75469	2.31637	1.51836	1.88518
531.25000	-5.93980	10.26068	2.66985	10.89390
535.15625	-6.18553	7.04589	8.01897	5.86277
539.06250	-3.20569	4.48541	10.03465	-3.95244
542.96875	-5.61918	5.72893	2.00609	-11.12405
546.87500	-3.55002	2.80299	4.04035	-7.30675
550.78125	-1.73131	0.54226	11.94252	-6.57626
554.68750	-2.63790	-2.74180	4.69668	-13.24755
558.59375	-2.89570	-2.79974	0.69743	-10.09989
562.50000	-4.11491	7.43479	5.68651	-1.48219
566.40625	-5.67628	14.58251	2.53714	-4.80470
570.31250	-1.30549	14.61295	3.09944	-13.61211
574.21875	3.52377	13.66090	10.64875	5.88324
578.12500	-7.40382	9.23947	9.88374	5.12451
582.03125	-11.25726	4.29467	6.12878	-15.16224
585.93750	-5.65827	3.40382	6.67605	-12.36047
589.84375	-2.62200	2.10705	8.37398	1.07253
593.75000	1.40917	5.89036	5.73046	10.87063
597.65625	7.41286	11.19044	2.94343	3.83924
601.56250	16.05666	7.58860	6.15282	9.08158
605.46875	29.16745	5.52833	5.97890	24.42883
609.37500	37.86433	6.94440	5.20172	39.09450
613.28125	36.54292	4.57177	4.85239	43.61593
617.18750	42.32721	4.66605	4.05445	37.61215
621.09375	49.60595	3.21263	4.54961	50.29516
625.00000	53.69496	2.41891	4.47280	64.87267
628.90625	62.16206	4.14314	3.25197	66.61232
632.81250	60.97453	5.27536	2.37512	68.65823
636.71875	65.07277	7.39703	6.77206	82.25957
640.62500	72.04462	7.28266	8.97424	81.47910
644.53125	73.98656	6.56386	4.97560	64.25132
648.43750	70.30325	6.19364	-1.10340	63.08353
652.34375	64.63385	5.58544	-0.49143	52.95679
656.25000	63.12862	4.07393	8.27786	38.65445
660.15625	60.78523	6.50113	10.56279	50.24961
664.06250	56.21035	9.49916	6.27680	51.58038
667.96875	49.02424	9.06595	2.20765	30.12542
671.87500	41.88760	6.31009	6.32717	25.92410
675.78125	36.06391	1.95150	11.79769	39.35312
679.68750	26.27709	6.10553	12.13597	45.24666
683.59375	27.37252	13.23698	13.61215	42.57821
687.50000	28.17536	11.14705	12.37696	33.82660
691.40625	23.37171	5.83919	7.92285	23.02019
695.31250	24.14771	5.46419	8.46922	14.64352
699.21875	28.52835	2.46908	4.02440	24.96418
703.12500	30.18927	1.65744	-4.85152	36.03936
707.03125	29.54807	4.77975	-3.23456	25.84228
710.93750	24.41462	6.99469	7.51999	24.50253
714.84375	21.31443	4.94433	11.18905	34.62859
718.75000	23.99036	7.68029	9.19669	32.10606
722.65625	24.36660	10.21640	8.10066	27.13021
726.56250	22.95258	6.48265	8.55766	26.72878
730.46875	19.65181	1.71940	3.90937	12.24211
734.37500	17.87618	-0.81415	-2.20243	-1.42919
738.28125	15.04824	3.60787	-2.96900	-1.42899
742.18750	9.09439	10.30375	-0.31675	2.55488
746.09375	5.19590	11.82161	1.81722	5.87044
750.00000	9.10892	6.13105	-0.08855	15.65689
753.90625	12.20928	2.29349	-2.69158	18.07795
757.81250	14.16018	4.35510	0.56985	6.55070
761.71875	17.40367	2.72306	5.35365	2.60701
765.62500	15.79177	-2.97880	5.55291	1.55256
769.53125	12.55690	-2.73695	1.56960	6.94901
773.43750	13.57260	2.18173	2.47047	12.15654
777.34375	6.78722	6.69958	3.69767	10.10312
781.25000	0.52520	6.00774	-2.28847	-4.14355
785.15625	-0.03507	1.56638	-1.59306	-3.94753
789.06250	0.20836	4.12651	1.22710	11.50881
792.96875	5.84524	5.30023	-3.63755	9.81616
796.87500	0.95537	1.77887	-3.65657	0.35796
800.78125	-0.86348	2.42744	2.14154	0.43336
804.68750	-1.97163	6.51706	2.13539	9.52229
808.59375	-2.11689	6.97756	2.10598	3.95717
812.50000	0.31100	3.99524	6.78787	-1.03414
816.40625	-4.97767	2.48819	1.87929	3.09421
820.31250	-3.30464	2.45735	-4.32343	4.24575
824.21875	-4.50754	0.18559	-0.18716	14.56727
828.12500	-11.71190	1.38318	-0.63036	9.68509
832.03125	-9.47027	3.91009	-2.91875	3.78136
835.93750	-4.99611	1.17420	-0.64496	6.21759
839.84375	-1.18265	-0.75284	-1.13352	-7.61830
843.75000	0.02424	-1.71600	-3.72758	-9.76060
847.65625	1.27323	-0.16656	-5.77510	-4.74374
851.56250	5.12023	1.42019	-6.56640	-17.64172
855.46875	-0.33492	1.06253	-7.60060	-17.67755
859.37500	-4.19676	2.06370	-3.19651	-7.76417
863.28125	6.79491	0.40660	-4.45845	8.66695
867.18750	7.05453	0.71493	-5.27166	9.43270
871.09375	-15.13273	0.15339	2.29245	-16.54704
875.00000	-29.29504	-3.88831	3.98165	-23.87197
878.90625	-36.95636	-6.41872	1.57675	-16.74726
882.81250	-47.05104	-6.34243	-0.36637	-24.83703
886.71875	-57.19338	-6.04699	-0.73334	-48.91441
890.62500	-64.16533	-8.35051	3.91487	-63.04220
894.53125	-68.92788	-7.63206	3.48189	-65.96084
898.43750	-78.13844	-5.24753	-0.91468	-71.64254
902.34375	-76.49843	-6.25132	0.89158	-66.75372
906.25000	-75.79913	-10.78407	0.58453	-63.73336
910.15625	-79.90267	-10.39114	-0.49093	-62.83784
914.06250	-75.32789	-4.92804	1.37816	-60.54236
917.96875	-68.14192	-9.73333	2.22452	-53.99584
921.87500	-66.24355	-14.23060	-0.28267	-40.52703
925.78125	-61.22587	-10.67816	-5.34963	-44.68853
929.68750	-47.81282	-7.17687	-7.70199	-48.16438
933.59375	-40.44678	-6.25008	-9.98331	-49.52502
937.50000	-36.01160	-4.16049	-12.77689	-49.23467
941.40625	-32.81969	-2.47934	-10.73985	-32.38418
945.31250	-25.94003	-0.49303	-7.65925	-23.20153
949.21875	-23.47079	0.88994	-11.67541	-33.92520
953.12500	-27.14640	-7.16315	-14.48378	-33.71849
957.03125	-18.04365	-10.68875	-12.07077	-25.93896
960.93750	-8.88105	-5.24843	-11.94548	-20.97282
964.84375	-11.42206	-4.40731	-15.21108	-20.21963
968.75000	-14.90395	-6.33774	-13.62112	-26.15854
972.65625	-13.66862	-4.44185	-7.28646	-26.42076
976.56250	-7.41952	-2.72308	-8.95164	-11.51383
980.46875	-2.50721	-2.39227	-12.36132	0.95820
984.37500	0.88007	-3.48536	-9.47236	-1.48758
988.28125	-2.33609	-3.87850	-9.10813	0.52696
992.18750	-2.82914	-0.50135	-10.55105	7.82528
996.09375	1.06944	-0.40776	-9.05798	-9.18968
1000.00000	0.78271	-4.38789	-10.77806	-23.81110
1003.90625	0.09982	-2.96819	-11.39778	-15.35268
1007.81250	-3.86585	-0.59786	-9.82342	-4.22822
1011.71875	-5.90053	1.03380	-13.39784	8.17692
1015.62500	-6.30330	3.91494	-20.04341	6.41086
1019.53125	-5.88894	3.67268	-20.08886	-5.83526
1023.43750	-4.08426	2.38000	-16.15390	-25.54806
1027.34375	5.11856	1.48819	-14.55989	-28.73250
1031.25000	16.21561	-2.25240	-13.00538	-15.29148
1035.15625	15.16397	-4.25831	-16.11772	-5.81705
1039.06250	11.69696	-0.77476	-13.29618	-1.93256
1042.96875	8.88053	-3.15754	-9.23684	-9.91006
1046.87500	4.90579	-3.26291	-9.21725	-12.94261
1050.78125	5.91872	1.72920	-9.37371	-0.52708
1054.68750	13.07078	0.05688	-10.17282	6.09827
1058.59375	18.85697	-2.41862	-10.54574	4.41063
1062.50000	16.83197	-0.64547	-11.19765	0.13466
1066.40625	13.25610	0.45831	-9.91472	-1.57589
1070.31250	11.58307	-0.72000	-4.51725	10.56942
1074.21875	14.80072	-7.31301	-6.23527	9.11260
1078.12500	11.93185	-5.69036	-12.23823	2.31001
1082.03125	4.85507	0.64695	-13.57555	5.79628
1085.93750	3.60434	0.56202	-12.22235	3.36015
1089.84375	6.23776	-2.34630	-12.53903	22.03123
1093.75000	5.03076	-4.60695	-15.58546	27.39716
1097.65625	15.06379	-4.94791	-11.11979	17.54529
1101.56250	18.46950	-2.90858	-4.68682	9.08800
1105.46875	-3.07173	3.49270	-8.08420	-18.27545
1109.37500	-16.13307	4.50588	-12.48771	-24.15930
1113.28125	-25.11019	3.74507	-14.85166	-19.23491
1117.18750	-36.65204	4.64525	-15.64955	-24.43289
1121.09375	-47.50523	-0.03159	-14.34854	-33.10512
1125.00000	-58.72762	-1.63117	-13.61944	-35.04750
1128.90625	-64.36306	-1.51863	-10.40802	-31.29298
1132.81250	-65.14750	0.01655	-13.70236	-36.49965
1136.71875	-65.48145	-1.89101	-21.79625	-40.62716
1140.62500	-56.89773	-4.82582	-20.39991	-35.76665
1144.53125	-50.12062	-8.76789	-16.33994	-29.22157
1148.43750	-55.01259	-7.92924	-18.38954	-24.74856
1152.34375	-51.41452	-4.10513	-18.58343	-17.14627
1156.25000	-45.26379	-4.40787	-14.24638	-25.00131
1160.15625	-42.77174	-1.98067	-10.75267	-27.50829
1164.06250	-30.42323	-0.99731	-13.02393	-8.44827
1167.96875	-20.28296	-7.07158	-18.70466	1.52578
1171.87500	-16.13719	-7.40984	-15.39083	-6.30150
1175.78125	-13.49902	-5.32166	-10.32308	-13.01846
1179.68750	-8.37715	-6.80864	-6.76112	-7.12433
1183.59375	-9.69891	-6.52689	-10.92590	-5.76295
1187.50000	-12.11915	-3.37869	-17.80191	-12.49957
1191.40625	-4.43175	-1.03089	-18.62943	-9.60620
1195.31250	1.17946	-6.24096	-12.03893	-0.25373
1199.21875	4.35145	-3.59501	-6.41036	-2.02072
1203.12500	2.78919	-0.37739	-9.64523	-9.47995
1207.03125	-3.89581	-4.50779	-11.65462	-7.99172
1210.93750	-6.20852	-5.91913	-13.39084	1.14497
1214.84375	-2.45871	-10.78982	-13.34807	9.25660
1218.75000	7.87313	-9.66554	-11.31096	26.47791
1222.65625	7.44380	-2.29427	-15.63028	16.26419
1226.56250	2.80658	-3.61040	-14.77018	5.38684
1230.46875	5.54996	-6.35902	-10.95687	11.44991
1234.37500	4.17742	-9.29541	-9.00989	-0.20654
1238.28125	4.17005	-6.48504	-8.16464	0.19673
1242.18750	4.26020	-2.20679	-10.75046	14.65694
1246.09375	-0.44424	-5.92704	-11.03407	6.69049
1250.00000	0.64835	-7.58816	-6.89581	-10.92223
1253.90625	2.53993	-5.38173	-7.88706	-4.06884
1257.81250	2.07329	-6.14047	-13.49001	6.56524
1261.71875	9.34599	-3.74310	-13.54131	8.66585
1265.62500	13.77801	-1.78920	-16.96828	1.97064
1269.53125	9.33430	-5.57656	-18.53386	-11.57046
1273.43750	11.55885	-5.89590	-12.39478	-6.36286
1277.34375	12.02629	0.63674	-8.74990	9.31261
1281.25000	7.77897	3.57123	-13.12420	12.79478
1285.15625	9.63630	-0.06416	-13.23464	17.42299
1289.06250	7.46223	-2.33909	-6.78809	17.97096
1292.96875	11.89032	-4.79178	-4.39987	9.02568
1296.87500	15.86496	-6.29836	-7.64226	16.49063
1300.78125	6.79350	-8.87315	-7.88801	27.44519
1304.68750	4.07364	-9.21570	-4.67068	22.43171
1308.59375	10.77824	-7.14342	-12.75854	10.41980
1312.50000	17.23535	-12.14031	-14.92629	4.62279
1316.40625	13.15546	-7.60334	-6.53804	9.15423
1320.31250	10.39616	2.84205	-3.47320	6.27659
1324.21875	8.79021	1.37620	-4.57485	5.71900
1328.12500	8.03259	-7.09652	-5.01794	10.91013
1332.03125	15.10929	-11.82234	-5.29163	11.85639
1335.93750	14.34536	-9.72302	-8.65878	3.01071
1339.84375	13.32368	-3.59150	-12.37068	-0.75185
1343.75000	17.75397	-1.73410	-12.94992	7.58211
1347.65625	17.39114	-6.22865	-13.38556	10.18143
1351.56250	14.79121	-8.67111	-12.56493	8.16272
1355.46875	11.75354	-4.59648	-7.15216	7.32107
1359.37500	16.75616	-3.99823	-9.19473	18.04023
1363.28125	17.27155	-7.66996	-8.03883	15.93649
1367.18750	7.45781	-4.54111	-1.59902	8.64373
1371.09375	10.25226	-3.49091	-4.51090	15.70447
1375.00000	16.63933	-2.69742	-10.07433	22.48217
1378.90625	23.48346	-0.79556	-5.62935	21.14539
1382.81250	21.44738	-4.74858	-3.14011	13.86136
1386.71875	18.96074	-5.25886	-7.13338	17.98903
1390.62500	18.03267	-5.14478	-6.91731	17.56096
1394.53125	22.13466	-5.63506	-3.32089	16.25411
1398.43750	31.45892	-2.04168	-5.70268	21.04857
1402.34375	23.83142	-3.44842	-7.11973	11.83480
1406.25000	18.08372	-7.57818	-5.81502	10.42287
1410.15625	20.42694	-7.58802	-7.29324	15.75085
1414.06250	21.77821	-6.55712	-7.43873	6.36144
1417.96875	25.33782	-6.52716	-3.77178	0.81996
1421.87500	24.81870	-11.02438	-4.26414	3.81245
1425.78125	22.58366	-8.68066	-6.51050	8.11246
1429.68750	15.04425	-3.97045	-3.22175	17.12733
1433.59375	11.93400	-6.26696	-5.50307	23.82510
1437.50000	16.77204	-7.40069	-9.50531	6.38646
1441.40625	20.36684	-6.52534	-5.85641	-6.17686
1445.31250	21.20254	-7.76244	-5.59627	6.63217
1449.21875	25.28331	-12.82623	-9.20940	22.90488
1453.12500	30.06910	-12.01485	-5.57090	32.78191
1457.03125	21.44287	-5.06417	-0.33729	24.44411
1460.93750	15.69704	-2.44418	-1.82365	6.44326
1464.84375	20.40882	-5.22928	-5.49196	2.36130
1468.75000	20.55326	-7.15965	-5.11058	9.71905
1472.65625	17.35637	-4.86078	-1.99921	8.24790
1476.56250	14.33810	-5.15662	0.36498	2.20238
1480.46875	11.59478	-7.64626	-3.04467	8.63035
1484.37500	11.35564	-8.33639	-9.42306	29.15148
1488.28125	12.16881	-9.13229	-8.65583	36.80698
1492.18750	10.86994	-8.97848	-10.50152	15.09416
1496.09375	15.17142	-9.69072	-7.79956	-0.30926
1500.00000	23.74916	-15.28250	1.76257	6.02176
1503.90625	23.06637	-9.02758	3.56057	15.28589
1507.81250	20.71249	-1.82200	-2.11764	18.35180
1511.71875	23.11001	-5.02541	-9.31821	16.25156
1515.62500	10.61927	-5.36774	-6.69623	10.05326
1519.53125	4.98965	-7.62453	1.31704	15.13301
1523.43750	13.24122	-12.14057	2.43152	14.76064
1527.34375	12.37085	-13.43527	1.20501	6.33788
1531.25000	7.75364	-11.13189	3.16258	10.91444
1535.15625	3.47857	-11.52597	4.88559	12.33046
1539.06250	-2.00306	-11.26581	2.46925	11.37998
1542.96875	0.01574	-9.21637	-3.54453	15.08760
1546.87500	-1.54130	-8.51575	-3.92769	12.45815
1550.78125	-5.36360	-9.97046	2.76574	6.74188
1554.68750	1.38555	-9.62809	1.56392	0.47368
1558.59375	6.76890	-7.26829	-2.83809	-2.82547
1562.50000	1.92343	-8.31552	-1.07236	2.56880
1566.40625	-4.87590	-10.03215	3.43405	16.97535
1570.31250	-9.36942	-8.79269	4.39938	26.70297
1574.21875	-10.18109	-9.74459	-2.95959	13.56117
1578.12500	-9.02055	-9.73362	-4.53025	-0.89710
1582.03125	-8.84459	-10.64902	-1.03228	1.38041
1585.93750	-6.87199	-6.70459	-1.69365	10.22635
1589.84375	-3.43273	-2.36007	-5.23366	2.70702
1593.75000	2.21008	-7.44110	-5.05650	0.82007
1597.65625	5.39329	-14.63172	1.42397	24.00852
1601.56250	5.17267	-7.75718	4.23060	30.05668
1605.46875	0.15150	-1.35577	5.26558	7.93125
1609.37500	-5.65712	-3.16296	6.10021	0.43564
1613.28125	-2.14338	-3.11771	4.94517	2.94247
1617.18750	-2.40307	-7.05264	1.72976	4.59432
1621.09375	-1.57122	-4.07365	-1.40137	11.23329
1625.00000	-3.52620	-4.06133	-1.07519	7.67915
1628.90625	-9.56471	-6.36622	-1.08717	-3.47488
1632.81250	-3.90242	-8.45726	-4.38138	-4.65247
1636.71875	1.00156	-13.18522	-0.38718	14.58975
1640.62500	5.55577	-7.65841	7.45627	23.47947
1644.53125	4.27417	-4.34769	7.88997	15.51893
1648.43750	3.81422	-9.14995	5.84036	11.93331
1652.34375	13.45616	-5.32576	7.25836	15.50613
1656.25000	11.95094	-1.59905	2.73110	13.69480
1660.15625	14.03976	-8.84198	3.80732	17.63447
1664.06250	16.31475	-12.69357	7.98304	25.81523
1667.96875	12.75506	-5.87387	0.28770	20.07473
1671.87500	18.51220	1.84664	-3.24830	7.41193
1675.78125	22.76182	1.11448	-1.80684	7.54429
1679.68750	19.42183	0.03059	-0.25954	15.45252
1683.59375	11.24986	-2.50809	-2.81251	8.35183
1687.50000	11.64981	-6.20957	-1.22699	9.27059
1691.40625	15.71049	-8.29376	3.58661	14.17847
1695.31250	25.35086	-4.63915	5.34209	8.21936
1699.21875	26.10499	-4.00766	-1.11706	12.09314
1703.12500	13.66324	-4.01335	-3.54593	18.73643
1707.03125	13.02196	-6.12893	-1.12294	14.58350
1710.93750	19.57355	-7.13717	3.18491	-4.88802
1714.84375	20.50269	-1.93449	4.43658	-12.08799
1718.75000	12.70254	1.20461	3.25035	-8.56655
1722.65625	12.27294	-4.31774	7.79564	0.15726
1726.56250	9.65017	-9.26005	4.62647	12.64974
1730.46875	7.96117	-6.36762	-1.63332	7.43059
1734.37500	12.63241	-4.06582	-2.50670	-2.21138
1738.28125	8.99862	-1.25528	-1.25838	0.20653
1742.18750	7.07404	-0.60322	-1.82925	2.98179
1746.09375	9.62231	1.72076	-4.12741	-1.35825
1750.00000	11.92367	-0.74604	-4.42119	-4.06270
1753.90625	11.39762	-4.18043	-1.78593	5.20793
1757.81250	10.93092	-4.13326	3.49034	13.82730
1761.71875	8.13037	-4.55632	2.63338	14.71912
1765.62500	1.28016	-3.40823	-1.59941	12.85899
1769.53125	6.10370	-0.34561	0.46146	4.55585
1773.43750	13.56618	0.14109	-1.05497	2.91368
1777.34375	6.78074	1.43574	-2.64802	-1.96027
1781.25000	8.98017	1.14703	-5.81330	-12.17780
1785.15625	18.89594	-0.07068	-1.89415	4.13540
1789.06250	21.15389	-1.53964	8.58187	21.60636
1792.96875	21.14963	-5.20096	6.94089	12.25801
1796.87500	26.73588	1.35115	7.32506	1.18811
1800.78125	27.33451	5.62641	7.07938	-3.97456
1804.68750	16.15299	0.85176	6.26759	-2.54116
1808.59375	6.74023	0.10369	5.83543	5.59349
1812.50000	6.75031	1.15089	0.04138	2.21396
1816.40625	9.52024	0.44995	-0.43476	5.13349
1820.31250	7.96972	-2.80406	1.01852	10.71736
1824.21875	11.60171	-3.46390	3.54333	11.36850
1828.12500	12.45576	-2.66911	4.71219	16.15668
1832.03125	7.84744	-4.17129	10.07974	19.52043
1835.93750	5.06879	-2.07186	15.98025	29.20959
1839.84375	6.46448	-3.99875	13.07448	26.65586
1843.75000	3.23901	-6.17056	7.66028	3.96418
1847.65625	3.27907	-5.82975	9.64236	-5.92723
1851.56250	2.69371	-3.83984	8.85141	-0.29037
1855.46875	2.07363	-2.18260	5.80289	12.97050
1859.37500	3.44987	0.83346	10.20736	19.25733
1863.28125	5.57693	1.99706	12.16930	4.66273
1867.18750	5.43351	0.29093	9.74480	-9.07702
1871.09375	-0.63650	-1.07632	2.80376	-3.62815
1875.00000	1.31830	-0.68565	0.06096	3.95533
1878.90625	2.92438	-2.81296	0.87978	6.64792
1882.81250	2.49994	-5.96000	2.56340	5.00505
1886.71875	1.22201	-3.24666	2.59960	4.70047
1890.62500	2.71149	-7.96755	2.41285	10.71909
1894.53125	6.41047	-10.06939	6.81535	13.44143
1898.43750	7.67608	-3.65543	14.50694	15.41530
1902.34375	8.51005	0.17610	12.28416	6.20141
1906.25000	3.56820	2.89634	4.72461	-3.26920
1910.15625	0.27022	1.27481	5.66406	2.05862
1914.06250	3.63603	0.29131	9.14511	8.78641
1917.96875	3.56913	3.94785	8.37999	5.66255
1921.87500	0.22938	4.28603	3.45547	-5.04449
1925.78125	-2.00569	4.21229	0.80630	-6.38560
1929.68750	-1.08353	4.89331	2.08058	1.82352
1933.59375	-0.97030	0.98513	7.85804	2.47743
1937.50000	-0.96737	-1.35735	12.31756	-4.88801
1941.40625	-1.80468	-0.48189	13.14617	2.29230
1945.31250	-9.83336	-3.73341	10.58592	13.48977
1949.21875	-2.52899	-4.76776	9.79347	14.85437
1953.12500	5.07758	-3.55319	10.61178	10.62915
1957.03125	-0.32501	-5.46677	7.78688	5.91799
1960.93750	8.83775	-2.44376	4.28595	3.63164
1964.84375	12.34098	0.81526	4.24414	8.01140
1968.75000	6.44177	2.91447	6.23730	13.75766
1972.65625	9.28922	4.81056	6.12535	18.33091
1976.56250	10.70351	2.50028	6.87800	11.47991
1980.46875	6.34888	1.21963	8.70665	4.20869
1984.37500	3.28963	2.14135	11.59587	2.16614
1988.28125	2.49147	4.97196	8.73694	0.95758
1992.18750	-1.22471	5.12589	6.08550	13.49417
1996.09375	-1.35517	3.20496	12.01106	25.49027
2000.00000	-0.83569	2.44854	14.72348	12.07788
2003.90625	-6.35339	-0.96659	10.07467	-11.29501
2007.81250	-7.90116	-1.41655	3.99357	-10.24365
2011.71875	-0.26528	-0.99350	-2.40105	-1.06173
2015.62500	10.61422	1.08197	1.83281	8.05172
2019.53125	6.99942	4.06352	6.21982	7.89369
2023.43750	-6.91000	4.78578	6.12565	3.08935
2027.34375	-10.60079	2.68541	10.13737	9.57543
2031.25000	-6.75626	0.15381	11.69215	7.30247
2035.15625	-2.16664	2.17754	14.22104	5.49518
2039.06250	3.63394	1.22908	12.20764	9.78291
2042.96875	0.01180	-2.36223	6.59701	7.84963
2046.87500	-8.79788	-4.07905	7.42278	8.04093
2050.78125	-6.97890	-2.31018	9.68415	3.93667
2054.68750	-0.22957	1.65875	6.87072	8.54772
2058.59375	-0.89013	6.43635	2.06581	16.12773
2062.50000	-6.13846	4.58336	-2.21229	7.82252
2066.40625	-6.08782	-0.35655	-0.52624	6.11206
2070.31250	-5.34308	2.49473	4.87139	-3.90380
2074.21875	-8.16926	5.16937	8.39164	-7.37526
2078.12500	-9.42628	3.16591	9.23861	0.73068
2082.03125	-12.87664	0.63898	7.49857	-3.43858
2085.93750	-16.94781	-1.05740	4.01682	-7.08343
2089.84375	-17.13486	0.06375	4.10319	1.51452
2093.75000	-11.89478	3.84735	7.10089	14.53621
2097.65625	-8.30860	5.52128	5.92580	8.71372
2101.56250	-8.52913	4.74033	3.09146	4.28572
2105.46875	-1.05933	6.70962	-0.70865	3.11282
2109.37500	3.20544	4.49963	1.73786	3.27285
2113.28125	-4.15975	1.32147	9.04448	5.77970
2117.18750	-11.26911	2.22190	10.66427	2.19354
2121.09375	-13.25775	1.17172	11.15954	7.22101
2125.00000	-14.00386	2.79580	8.26246	9.30806
2128.90625	-10.37187	3.71455	8.65360	12.65967
2132.81250	-4.70937	0.81777	5.35945	3.82661
2136.71875	-8.26671	-0.68659	-1.92842	-7.95665
2140.62500	-12.57672	-0.80068	-0.12898	-8.73713
2144.53125	-6.20247	2.51012	5.94587	-11.05644
2148.43750	-1.42413	3.75196	10.34330	-2.55391
2152.34375	-7.89929	3.94991	10.55261	4.24254
2156.25000	-7.79267	5.25912	4.81663	13.31035
2160.15625	-8.52425	1.23981	1.86363	19.66775
2164.06250	-13.50193	1.41771	6.44238	13.34315
2167.96875	-15.04680	2.59654	10.43203	-10.52901
2171.87500	-10.49835	-0.96490	10.52250	-27.22104
2175.78125	-5.84573	-2.50263	7.53173	-18.62708
2179.68750	-5.96215	-0.36292	3.43801	-15.55396
2183.59375	-4.46380	-2.09562	-0.32376	-4.92565
2187.50000	-0.03457	-3.78225	-0.34980	8.88684
2191.40625	1.20561	-1.83704	2.04619	12.18286
2195.31250	-1.64480	1.81761	1.78696	-0.62601
2199.21875	-6.53160	5.67267	0.56582	-13.27214
2203.12500	-5.67654	3.24958	6.59849	-11.46403
2207.03125	-8.33243	-1.68633	11.84199	-5.54366
2210.93750	-6.61597	4.55828	11.71760	-2.85393
2214.84375	-0.04570	8.55224	11.76047	0.01944
2218.75000	3.03334	8.46801	7.35079	-1.29427
2222.65625	9.45363	9.39256	9.47851	-1.03196
2226.56250	2.80165	6.46494	9.53284	-1.83604
2230.46875	-0.09618	5.32829	5.28778	-0.20531
2234.37500	3.76897	0.37749	1.59385	11.10502
2238.28125	-0.67097	-0.03531	-4.81351	22.79017
2242.18750	-0.58126	7.46662	-0.95224	7.43333
2246.09375	5.19013	9.38776	10.04632	-19.47119
2250.00000	-0.16471	8.53262	12.97587	-16.13204
2253.90625	-5.52638	6.70988	11.98479	-0.01177
2257.81250	-3.97887	5.14542	9.60548	10.62176
2261.71875	-5.57116	4.31958	7.94265	13.52755
2265.62500	-5.16894	4.25898	7.73921	6.02591
2269.53125	-1.55467	3.69531	8.18838	-2.68057
2273.43750	-3.35996	2.16742	9.49236	-1.90553
2277.34375	0.33031	3.05918	8.70506	7.32271
2281.25000	0.91768	4.78510	3.92791	12.81908
2285.15625	-1.25459	1.55278	9.05574	13.41756
2289.06250	2.61495	-7.97472	14.29358	12.35327
2292.96875	2.61047	-3.57734	9.83206	6.22793
2296.87500	2.55552	10.63052	4.97808	-0.40998
2300.78125	2.75120	10.07062	5.13531	-9.19918
2304.68750	1.64283	5.29597	8.75566	-9.37764
2308.59375	-1.72596	3.33911	7.11468	-6.88422
2312.50000	-3.32755	0.76003	5.34986	-0.99657
2316.40625	0.65112	3.28257	6.08244	6.35505
2320.31250	-1.30230	1.23743	8.34149	3.47715
2324.21875	-7.74339	-0.63118	12.07502	1.71060
2328.12500	-10.11265	5.80472	8.00556	7.30447
2332.03125	-11.09446	3.89964	3.29977	4.22114
2335.93750	-10.24658	-0.85061	5.17087	7.46329
2339.84375	-10.46240	5.28118	7.50298	13.77397
2343.75000	-8.85263	7.54168	9.74433	-1.66498
2347.65625	-7.20080	2.64449	7.69699	-3.90082
2351.56250	-2.54799	3.82859	6.50300	-3.90484
2355.46875	-3.97382	7.09748	5.06600	-13.61093
2359.37500	-1.79157	7.69591	5.03807	-10.14445
2363.28125	3.96200	4.83026	7.40281	-8.62179
2367.18750	-0.21052	0.30355	6.58983	-12.69100
2371.09375	-1.84819	6.18906	8.91600	-8.45080
2375.00000	2.52435	7.38560	8.18767	1.55038
2378.90625	2.51877	5.25831	5.78294	6.25764
2382.81250	-3.14362	8.15531	7.46630	-3.44387
2386.71875	-4.42125	6.83932	6.69652	-8.58349
2390.62500	-1.72270	2.52138	4.89796	-2.16178
2394.53125	3.99115	2.03120	8.49439	11.03685
2398.43750	9.28625	9.25106	7.72434	6.96684
2402.34375	4.47952	11.47096	4.69553	-11.51435
2406.25000	10.41713	11.77359	8.82074	-3.25593
2410.15625	15.58108	12.16681	10.16299	2.47493
2414.06250	6.05324	7.15392	8.00281	-7.72025
2417.96875	8.00121	3.96064	7.64049	-12.85853
2421.87500	7.07916	3.49288	6.74516	-2.61305
2425.78125	2.42671	3.01626	6.51340	7.32807
2429.68750	2.94619	1.27970	2.95241	9.89628
2433.59375	5.47716	0.19203	-2.14935	6.92382
2437.50000	13.13586	2.28172	2.71289	5.19949
2441.40625	16.32797	2.35129	7.57059	5.12708
2445.31250	16.35807	3.93483	8.23370	5.84839
2449.21875	7.54543	2.49748	9.45581	9.63051
2453.12500	1.45241	3.71191	8.25928	7.41986
2457.03125	5.31723	1.39531	3.41968	-2.12651
2460.93750	5.21273	-0.41685	1.93335	5.66031
2464.84375	2.67199	4.45386	1.48845	17.69563
2468.75000	-3.63029	4.94124	-2.15953	1.68367
2472.65625	1.63459	7.24026	2.56354	-5.02520
2476.56250	6.27218	8.55633	9.76298	5.04667
2480.46875	-0.50015	7.67851	10.78563	11.07181
2484.37500	-3.15655	7.39144	8.83945	2.98501
2488.28125	-5.96944	5.38684	8.80091	-14.34090
2492.18750	-3.64174	3.12320	6.95512	-17.11574
2496.09375	3.07755	2.41103	3.21017	-2.29918
2500.00000	-2.85001	1.25163	2.69907	6.04656
2503.90625	-10.38247	3.07446	5.30284	3.22292
2507.81250	-9.10984	4.63917	4.45969	-12.64891
2511.71875	-5.50343	8.68861	6.92933	-20.79327
2515.62500	0.54077	8.34641	11.56589	-10.47139
2519.53125	3.37289	0.44873	5.87958	-4.18267
2523.43750	3.56605	3.18561	0.95009	13.17390
2527.34375	-0.52770	11.15851	5.36466	17.64507
2531.25000	-3.13019	7.41804	7.32224	-8.80388
2535.15625	0.25064	5.41239	4.20997	-14.64063
2539.06250	3.63354	7.68730	5.01695	-7.12963
2542.96875	-3.21219	2.88722	3.43540	-3.82482
2546.87500	-11.61913	-0.44138	2.24630	-8.46891
2550.78125	-10.20338	-1.89600	2.89582	-4.91778
2554.68750	-9.09540	1.26704	7.33495	0.49888
2558.59375	-10.96500	10.87964	13.00610	-3.60622
2562.50000	-12.18435	12.65305	9.53365	-0.62963
2566.40625	-6.49300	7.71315	-0.06248	11.35912
2570.31250	-2.92817	3.71463	-1.51480	22.29533
2574.21875	-3.74006	3.97166	6.03463	27.28500
2578.12500	-2.57982	3.57985	7.28440	23.70532
2582.03125	-4.41869	3.87342	5.54413	4.22415
2585.93750	-7.28138	1.77409	3.67383	2.59359
2589.84375	-11.49791	0.47772	4.16295	17.23520
2593.75000	-4.24345	3.85838	5.54879	16.15399
2597.65625	4.58067	0.29423	7.19401	-0.95091
2601.56250	1.13640	-0.48675	9.19468	-15.04939
2605.46875	-1.46730	3.90009	9.82666	-9.37262
2609.37500	-2.84388	8.53991	3.81139	11.73973
2613.28125	-2.55364	9.39111	-3.38775	5.78487
2617.18750	-3.61933	3.84461	-2.17105	-13.51588
2621.09375	-9.23438	3.60020	2.75629	-11.71216
2625.00000	-9.98062	4.01553	9.93218	-5.19317
2628.90625	-5.13988	1.30779	14.35239	1.38167
2632.81250	-2.29801	2.03729	11.86396	-4.63096
2636.71875	-7.46714	1.33875	6.59053	-5.13212
2640.62500	-12.58310	-0.78996	3.55475	10.60764
2644.53125	-8.62654	-0.70262	5.19719	8.28843
2648.43750	-7.87757	0.94211	4.75924	8.73222
2652.34375	-12.74100	1.14003	7.38580	7.87285
2656.25000	-8.20219	0.83755	10.51402	-4.41483
2660.15625	-8.93378	3.26502	7.96385	-9.74261
2664.06250	-14.31434	-0.58643	7.70721	-12.44112
2667.96875	-12.23282	-0.61647	8.87620	0.35311
2671.87500	-8.08719	5.08955	4.13126	4.61342
2675.78125	-4.64327	2.74590	4.76674	-7.34214
2679.68750	-5.56543	2.06506	9.53737	-22.80369
2683.59375	-9.70798	4.36165	11.41654	-27.48654
2687.50000	-8.09915	3.48087	9.77857	-16.09141
2691.40625	-5.24703	1.79976	4.51868	1.30733
2695.31250	2.37873	3.84268	3.05041	10.65954
2699.21875	7.16238	4.87716	5.05261	3.65426
2703.12500	2.77944	4.06579	7.45879	-8.64035
2707.03125	-1.48806	6.78542	3.43474	-6.74943
2710.93750	-2.99493	3.76261	-0.31624	3.19308
2714.84375	-0.85671	3.32435	5.77042	2.84312
2718.75000	5.44595	7.26947	11.43384	-5.72323
2722.65625	4.61369	6.58241	10.74100	-1.02860
2726.56250	4.40878	6.47534	9.98936	6.62877
2730.46875	5.54051	4.53282	8.56462	7.05072
2734.37500	9.00315	4.01417	8.09391	1.84118
2738.28125	8.99587	5.21311	6.11865	-2.99365
2742.18750	1.02746	5.86526	7.96522	-2.23303
2746.09375	-2.87100	7.78637	10.90507	-0.52902
2750.00000	-5.40473	6.93137	6.58188	-5.65089
2753.90625	-0.69249	5.10867	3.97884	-8.06489
2757.81250	4.07906	-0.08219	1.19646	1.36048
2761.71875	4.50207	0.70370	2.75694	0.64057
2765.62500	-0.33315	6.28420	9.40320	-4.03988
2769.53125	-7.19433	3.30294	9.04630	-4.68717
2773.43750	-3.35793	2.17800	9.54437	-11.97017
2777.34375	3.55642	5.08443	12.78635	-19.66445
2781.25000	2.12966	5.60157	12.44133	-10.54114
2785.15625	-4.07144	4.78690	10.31636	-1.88348
2789.06250	-5.43953	-1.51710	9.51020	-11.40877
2792.96875	-7.05532	0.05977	5.45155	-17.13068
2796.87500	-8.72159	5.40311	2.20914	-9.66578
2800.78125	-4.09341	4.44039	6.39558	-7.97860
2804.68750	-8.02196	2.88919	8.40417	-8.15696
2808.59375	-14.21102	2.54410	3.94261	-2.43980
2812.50000	-13.79765	3.59140	2.17785	10.29815
2816.40625	-11.02744	-1.13876	6.93975	9.99451
2820.31250	-4.92206	-5.60155	7.58705	-12.22359
2824.21875	-3.30432	3.00608	6.48539	-24.86884
2828.12500	-15.74671	11.45669	7.25110	-26.12433
2832.03125	-12.69908	11.56631	4.55998	-18.73103
2835.93750	-1.37484	12.86007	-0.41876	-14.68266
2839.84375	-2.79935	8.91853	1.10752	-7.16280
2843.75000	-9.65081	9.16439	2.54298	6.40946
2847.65625	-14.04274	5.87898	-1.51907	-5.09356
2851.56250	-13.01620	1.42210	-1.10136	-10.73838
2855.46875	-5.17455	7.10869	0.68512	-4.32701
2859.37500	-0.97759	6.90130	-1.35740	-6.09846
2863.28125	-7.31171	3.63276	-1.00737	-13.03706
2867.18750	-13.09575	4.74729	-2.22322	-21.53828
2871.09375	-13.52437	6.60365	-5.53805	-19.71530
2875.00000	-12.37491	6.18855	-4.65456	-20.18979
2878.90625	-7.14196	3.65843	-5.85061	-33.21081
2882.81250	-9.98324	1.31744	-0.13809	-42.50881
2886.71875	-9.24571	7.25430	7.95652	-44.42456
2890.62500	0.15541	12.96340	5.27215	-47.22723
2894.53125	-4.22885	9.74017	3.25783	-56.09319
2898.43750	-7.61919	6.91983	3.25825	-52.06847
2902.34375	-8.67059	10.14349	-0.77065	-55.44125
2906.25000	-1.03824	12.56130	0.84149	-63.72629
2910.15625	2.88758	7.72635	6.48288	-59.27921
2914.06250	2.24502	3.69723	4.46856	-62.25672
2917.96875	2.17071	3.29446	7.28946	-67.22030
2921.87500	-0.54536	2.48880	8.90155	-66.89465
2925.78125	1.84311	5.30948	9.30489	-63.19125
2929.68750	7.01814	3.29500	6.08188	-63.71851
2933.59375	-1.51019	0.87751	1.24719	-63.59852
2937.50000	-8.07842	6.11571	5.67990	-65.01301
2941.40625	-1.86333	8.53346	4.47150	-69.04597
2945.31250	2.75453	9.74244	1.65139	-71.12826
2949.21875	3.29506	10.54847	6.88989	-71.02100
2953.12500	7.85232	10.14571	8.90496	-60.93008
2957.03125	9.95417	9.34006	2.05561	-48.27114
2960.93750	11.15126	7.32555	4.47363	-44.96864
2964.84375	3.34085	2.08756	5.68292	-58.92247
2968.75000	-7.05301	1.68471	2.45989	-70.70851
2972.65625	-5.95051	6.11707	4.87789	-57.88228
2976.56250	-11.05329	5.31134	4.47534	-56.08306
2980.46875	-6.22907	8.53489	2.46114	-67.18797
2984.37500	3.63321	9.34085	2.46158	-54.37055
2988.28125	-5.06479	7.72932	2.46200	-50.28931
2992.18750	-9.89327	6.52068	4.88003	-54.46109
2996.09375	-4.65098	1.68560	7.70092	-57.02622
