-0.70624,-0.65999,-0.58536,-0.49401,-0.41269,-0.28438,-0.13752,-0.016475,0.15568,0.33643,0.51983,0.65433,0.82447,0.97445,1.0686,1.1625,1.2135,1.2186,1.1741,1.0658,0.88911,0.71164,0.41524,0.039999,-0.29265,-0.80329,-1.3942,-1.8894,-2.621,-3.4288,-4.3045,-4.9972,-5.9381,-6.8662,-7.5198,-8.2736,-8.8368,-9.1642,-9.27,-9.2727,-9.1877,-9.0948,-8.963,-8.8601,-8.812,-8.7965,-8.843,-8.9527,-9.0782,-9.2871,-9.547,-9.7739,-10.096,-10.423,-10.668,-10.982,-11.254,-11.477,-11.595,-11.648,-11.641,-11.599,-11.472,-11.268,-11.015,-10.797,-10.486,-10.183,-9.96,-9.6924,-9.4773,-9.3553,-9.2613,-9.2633,-9.3693,-9.5285,-9.8727,-10.401,-10.915,-11.808,-12.98,-14.102,-16.038,-18.66,-21.662,-22.573,-20.273,-17.023,-14.949,-12.7,-10.891,-9.4126,-8.4748,-7.4082,-6.5185,-5.9466,-5.287,-4.7171,-4.3386,-3.8702,-3.4046,-2.9063,-2.4895,-1.8582,-1.1287,-0.51668,0.37153,1.3177,2.0463,3.0181,3.9711,4.8858,5.5388,6.3577,7.1109,7.6301,8.2602,8.8176,9.2992,9.6079,9.9566,10.237,10.403,10.561,10.648,10.666,10.631,10.527,10.354,10.18,9.8895,9.5368,9.2331,8.7768,8.2646,7.846,7.2462,6.6043,5.9292,5.4044,4.6848,3.9539,3.4073,2.6931,2.0218,1.4299,1.0615,0.69692,0.501,0.47283,0.58516,0.83467,1.0879,1.478,1.8824,2.2466,2.4711,2.7066,2.8796,2.9737,3.035,3.0018,2.9059,2.6721,2.3044,1.7793,1.2604,0.36291,-0.83729,-2.0049,-4.0773,-7.0462,-11.06,-12.413,-8.2444,-3.789,-1.1807,1.6199,3.9013,5.3779,7.1267,8.6793,10.063,11.003,12.141,13.163,13.861,14.711,15.477,16.001,16.639,17.211,17.721,18.063,18.469,18.819,19.049,19.311,19.526,19.698
-2.0941,-2.6188,-3.5,-4.6194,-5.6276,-7.1618,-8.6555,-9.3159,-8.9109,-7.2732,-5.2911,-3.892,-2.2581,-0.89922,-0.04603,0.89483,1.6337,2.0677,2.5021,2.7842,2.9254,2.946,2.8666,2.6737,2.4607,2.0928,1.6384,1.2475,0.67049,0.043117,-0.61701,-1.1222,-1.7937,-2.4437,-2.9061,-3.4765,-3.9859,-4.4344,-4.7302,-5.0792,-5.3858,-5.5998,-5.8783,-6.1653,-6.3945,-6.732,-7.1125,-7.5525,-7.928,-8.4961,-9.1432,-9.6863,-10.495,-11.416,-12.187,-13.334,-14.66,-16.223,-17.603,-19.811,-22.502,-24.511,-25.149,-22.66,-19.627,-17.645,-15.435,-13.634,-12.498,-11.213,-10.15,-9.4808,-8.7356,-8.1477,-7.708,-7.4644,-7.2465,-7.1404,-7.1261,-7.182,-7.3064,-7.4234,-7.5831,-7.7066,-7.739,-7.668,-7.4109,-6.9472,-6.4946,-5.8118,-5.0854,-4.3488,-3.8061,-3.1129,-2.4613,-2.0032,-1.4296,-0.89048,-0.4992,0.019868,0.55469,1.1249,1.5865,2.259,3.001,3.6023,4.4565,5.3566,6.0509,6.9877,7.9206,8.8317,9.491,10.328,11.106,11.647,12.303,12.881,13.375,13.689,14.03,14.28,14.407,14.493,14.487,14.42,14.245,13.974,13.605,13.264,12.724,12.084,11.538,10.721,9.8054,9.0535,7.9674,6.7948,5.5574,4.6109,3.3836,2.3039,1.6794,1.2015,1.169,1.5091,1.9255,2.5876,3.2868,3.8019,4.4483,5.0333,5.4272,5.8859,6.2614,6.5499,6.7078,6.8335,6.854,6.7957,6.6204,6.3358,6.0473,5.5574,4.9431,4.2032,3.5688,2.6287,1.6109,0.83211,-0.15048,-0.94212,-1.3789,-1.3847,-0.90651,0.091342,1.1094,2.7066,4.4519,5.7925,7.5607,9.2615,10.865,11.994,13.397,14.677,15.556,16.621,17.565,18.196,18.937,19.565,20.083,20.399,20.725,20.94,21.027,21.041,20.935,20.705
-2.8532,-2.9034,-3.102,-3.4316,-3.7397,-4.1684,-4.5031,-4.5922,-4.3802,-3.7658,-2.8471,-2.0606,-0.99577,-0.00046464,0.6691,1.4381,2.0552,2.4172,2.7624,2.9534,2.9912,2.9189,2.688,2.3018,1.9098,1.2467,0.4174,-0.31917,-1.4623,-2.8035,-4.3628,-5.6831,-7.648,-9.792,-11.383,-13.073,-13.688,-13.214,-12.524,-11.58,-10.807,-10.375,-9.9987,-9.8483,-9.8612,-10.029,-10.364,-10.867,-11.347,-12.104,-12.977,-13.722,-14.823,-16.023,-16.957,-18.189,-19.342,-20.33,-20.92,-21.449,-21.693,-21.629,-21.148,-20.181,-18.863,-17.748,-16.217,-14.757,-13.726,-12.475,-11.41,-10.725,-9.962,-9.3644,-8.9228,-8.6881,-8.4932,-8.4157,-8.4244,-8.5019,-8.619,-8.7068,-8.7837,-8.7564,-8.5875,-8.3479,-7.8765,-7.2608,-6.7353,-5.9971,-5.2767,-4.6004,-4.1301,-3.5808,-3.1581,-2.9461,-2.8272,-2.9235,-3.1584,-3.7378,-4.6975,-6.1629,-7.6744,-10.087,-10.934,-8.9183,-5.0722,-1.6802,0.45705,2.8775,4.921,6.6717,7.8257,9.1834,10.359,11.132,12.029,12.781,13.395,13.768,14.15,14.404,14.511,14.543,14.451,14.299,13.988,13.552,12.991,12.49,11.714,10.814,10.055,8.9345,7.6887,6.6696,5.1935,3.577,1.8144,0.39997,-1.5573,-3.3727,-4.3122,-4.4649,-3.3967,-1.7829,-0.53273,1.0161,2.3804,3.2781,4.3196,5.1974,5.7581,6.378,6.8562,7.1962,7.3654,7.4797,7.4684,7.3774,7.1467,6.7923,6.444,5.8615,5.141,4.2927,3.5775,2.5212,1.3496,0.39886,-0.9375,-2.2439,-3.2299,-3.4727,-2.8635,-1.3704,0.047563,2.0531,4.0363,5.4677,7.2841,8.9879,10.576,11.689,13.069,14.329,15.195,16.243,17.168,17.783,18.5,19.098,19.578,19.859,20.129,20.28,20.313,20.253,20.071,19.764
-4.0044,-3.6518,-3.2667,-2.9539,-2.7478,-2.4877,-2.2149,-1.9861,-1.6353,-1.2193,-0.74797,-0.36224,0.17595,0.71427,1.1003,1.5694,1.9644,2.1993,2.4178,2.5166,2.4849,2.3701,2.0863,1.6483,1.2145,0.49008,-0.40963,-1.2026,-2.4245,-3.8412,-5.4584,-6.7906,-8.6628,-10.503,-11.684,-12.705,-12.992,-12.767,-12.476,-12.115,-11.886,-11.816,-11.888,-12.142,-12.443,-12.992,-13.704,-14.61,-15.415,-16.595,-17.926,-19.046,-20.746,-22.782,-24.645,-27.803,-32.447,-38.803,-36.664,-30.468,-26.419,-24.195,-21.839,-19.886,-18.194,-17.065,-15.699,-14.49,-13.667,-12.701,-11.91,-11.433,-10.933,-10.591,-10.414,-10.39,-10.518,-10.839,-11.228,-11.997,-13.123,-14.296,-16.538,-20.204,-28.023,-35.951,-21.659,-15.995,-13.224,-10.455,-8.342,-6.6809,-5.6519,-4.5061,-3.6087,-3.0901,-2.584,-2.2612,-2.1223,-2.0565,-2.1056,-2.2201,-2.3009,-2.3019,-2.0389,-1.5931,-0.64351,0.63659,1.7263,3.2434,4.7463,6.1753,7.1788,8.4116,9.5149,10.255,11.121,11.848,12.435,12.782,13.121,13.316,13.368,13.309,13.102,12.849,12.378,11.752,10.968,10.277,9.2109,7.9753,6.9361,5.3991,3.6988,2.3268,0.40766,-1.5039,-3.1863,-4.0991,-4.6325,-4.395,-3.8544,-2.864,-1.7323,-0.55619,0.31937,1.4516,2.517,3.2561,4.1426,4.915,5.4174,5.9793,6.4092,6.7006,6.8248,6.865,6.7609,6.5868,6.225,5.7145,5.2336,4.4641,3.5619,2.5629,1.7772,0.71742,-0.27775,-0.9056,-1.4652,-1.5915,-1.2511,-0.73043,0.22598,1.3794,2.3213,3.6359,4.9848,6.0034,7.3516,8.6708,9.9438,10.859,12.014,13.087,13.831,14.735,15.534,16.061,16.669,17.163,17.537,17.737,17.895,17.93,17.878,17.709,17.434,17.063
-4.5064,-4.2479,-4.0716,-4.0643,-4.1529,-4.3521,-4.5649,-4.6619,-4.5957,-4.2005,-3.4661,-2.7507,-1.6847,-0.61031,0.1458,1.0461,1.7974,2.2526,2.7106,2.9982,3.1154,3.0928,2.9191,2.5862,2.2383,1.6492,0.93017,0.31362,-0.59079,-1.5717,-2.6075,-3.4015,-4.4538,-5.4771,-6.2069,-7.1174,-7.9645,-8.7651,-9.3486,-10.141,-10.967,-11.62,-12.55,-13.535,-14.303,-15.376,-16.508,-17.725,-18.663,-19.937,-21.323,-22.425,-23.918,-25.267,-26.007,-26.301,-25.838,-24.756,-23.714,-22.135,-20.435,-19.176,-17.547,-16.054,-14.718,-13.813,-12.783,-11.94,-11.417,-10.875,-10.512,-10.349,-10.271,-10.323,-10.493,-10.676,-10.944,-11.196,-11.346,-11.474,-11.514,-11.485,-11.371,-11.134,-10.697,-10.208,-9.3124,-8.186,-7.2505,-5.9847,-4.7652,-3.6541,-2.9077,-2.0343,-1.3099,-0.88058,-0.44756,-0.14834,0.0056609,0.12739,0.1734,0.18422,0.20342,0.30004,0.54206,0.8519,1.463,2.2988,3.053,4.1809,5.392,6.6252,7.5337,8.6907,9.7567,10.483,11.343,12.067,12.648,12.986,13.304,13.467,13.487,13.374,13.1,12.789,12.229,11.501,10.603,9.8157,8.6029,7.1948,6.0049,4.2216,2.1819,0.46007,-2.1216,-4.9942,-7.7733,-9.0387,-8.6952,-6.9822,-5.5648,-3.8121,-2.247,-0.82749,0.16335,1.404,2.5684,3.3839,4.375,5.2475,5.8208,6.4736,6.9881,7.3528,7.5195,7.5942,7.4965,7.3052,6.8852,6.2664,5.662,4.6537,3.3848,1.8037,0.3513,-2.0897,-5.37,-8.6969,-14.39,-13.364,-8.1913,-5.3728,-2.5707,-0.41346,0.94915,2.5524,4.0067,5.0394,6.3653,7.6451,8.8802,9.7735,10.909,11.973,12.716,13.621,14.419,14.939,15.522,15.97,16.273,16.398,16.428,16.299,16.094,15.671,15.069,14.274
-3.7864,-3.6741,-3.7863,-4.2362,-4.8493,-6.1345,-8.1972,-10.586,-15.96,-19.961,-12.082,-8.1373,-4.5547,-2.021,-0.56344,0.95587,2.0964,2.7438,3.3637,3.7337,3.8738,3.8368,3.6116,3.1957,2.7658,2.0433,1.1697,0.42488,-0.66168,-1.8247,-3.0249,-3.9175,-5.0579,-6.1085,-6.8242,-7.7044,-8.5558,-9.4387,-10.174,-11.319,-12.712,-13.969,-15.985,-18.411,-20.446,-22.798,-23.657,-23.109,-22.484,-21.993,-22.11,-22.581,-23.716,-25.236,-26.138,-25.972,-23.902,-21.194,-19.273,-17.037,-15.143,-13.919,-12.512,-11.326,-10.337,-9.7112,-9.044,-8.5794,-8.3617,-8.2665,-8.4129,-8.6908,-9.3209,-10.298,-11.76,-13.274,-16.078,-20.156,-23.114,-20.632,-16.092,-13.507,-10.875,-8.8447,-7.183,-6.1068,-4.835,-3.7062,-2.9305,-1.9908,-1.154,-0.42387,0.048249,0.56802,0.94029,1.1064,1.1898,1.1176,0.94299,0.51345,-0.17387,-1.1658,-2.1538,-3.8784,-6.1441,-7.9753,-8.7118,-5.9945,-3.325,-0.1557,2.4711,4.6626,6.0801,7.7209,9.1156,10.017,11.042,11.874,12.521,12.887,13.22,13.376,13.379,13.233,12.917,12.572,11.968,11.204,10.287,9.5055,8.3466,7.0747,6.0601,4.64,3.1733,2.0705,0.63191,-0.72345,-1.954,-2.7732,-3.7053,-4.4425,-4.8313,-5.0347,-4.7258,-3.8094,-2.7881,-1.1886,0.49256,1.721,3.2411,4.5792,5.4516,6.44,7.2324,7.8302,8.1508,8.4089,8.4761,8.4013,8.1378,7.6939,7.2472,6.5065,5.6129,4.5855,3.7495,2.6119,1.5416,0.81862,0.0047388,-0.56867,-0.85608,-0.89893,-0.78793,-0.54908,-0.30015,0.14304,0.75514,1.3563,2.3682,3.6044,5.0098,6.1246,7.6163,9.0539,10.067,11.298,12.37,13.059,13.815,14.38,14.744,14.884,14.899,14.718,14.45,13.909,13.154,12.181
-3.7355,-3.4861,-3.2626,-3.1518,-3.1382,-3.1784,-3.2314,-3.2289,-3.0938,-2.7233,-2.0852,-1.4608,-0.5136,0.45433,1.1366,1.9363,2.5786,2.9415,3.2575,3.3739,3.2857,3.0825,2.6242,1.9445,1.2823,0.18203,-1.1924,-2.4249,-4.3693,-6.7155,-9.5378,-11.952,-15.085,-16.362,-15.653,-14.128,-12.976,-12.335,-12.18,-12.371,-12.973,-13.673,-14.931,-16.468,-17.612,-18.765,-19.052,-18.324,-17.524,-16.522,-15.737,-15.256,-14.718,-14.232,-13.852,-13.306,-12.688,-11.988,-11.423,-10.652,-9.8861,-9.3389,-8.673,-8.0918,-7.6094,-7.3195,-7.0206,-6.8345,-6.7719,-6.805,-6.9792,-7.2057,-7.6397,-8.2293,-8.9656,-9.5613,-10.331,-10.895,-11.028,-10.69,-9.8237,-8.9633,-7.7156,-6.4907,-5.3529,-4.5679,-3.6143,-2.7612,-2.1803,-1.486,-0.8847,-0.37639,-0.0593,0.26958,0.47912,0.55353,0.55434,0.4229,0.21825,-0.20338,-0.78158,-1.5168,-2.1755,-3.167,-4.1603,-4.708,-4.7781,-3.8516,-2.6546,-0.76677,1.1585,2.9759,4.2343,5.7579,7.0979,7.9805,8.995,9.8221,10.46,10.815,11.121,11.236,11.197,10.975,10.56,10.125,9.3784,8.4455,7.3321,6.3864,4.995,3.487,2.3025,0.70835,-0.8138,-1.8598,-3.09,-4.1486,-5.1097,-5.8445,-6.9776,-8.4924,-10.063,-13.196,-17.853,-16.575,-11.873,-7.027,-3.545,-1.4931,0.74441,2.5651,3.7071,4.968,5.959,6.7061,7.1196,7.4869,7.657,7.6569,7.4944,7.1526,6.7829,6.1455,5.352,4.4136,3.6224,2.4668,1.1919,0.15605,-1.2797,-2.7055,-4.0666,-5.0092,-6.11,-7.0133,-7.613,-8.5078,-9.8501,-11.378,-13.527,-11.413,-6.4071,-3.1106,0.45924,3.2981,5.0641,7.0285,8.6137,9.5808,10.601,11.335,11.796,11.973,11.993,11.761,11.417,10.734,9.8038,8.6387
-5.3436,-4.9998,-4.5394,-4.0646,-3.6896,-3.1664,-2.6091,-2.1646,-1.5307,-0.86403,-0.17944,0.33029,0.98726,1.5965,2.003,2.4624,2.8039,2.9684,3.0561,2.9808,2.7318,2.4264,1.8539,1.0838,0.37302,-0.76194,-2.1187,-3.294,-5.0696,-7.0798,-9.2621,-10.872,-12.547,-13.111,-12.801,-11.942,-11.066,-10.388,-10.03,-9.7443,-9.6469,-9.6715,-9.7972,-9.9803,-10.094,-10.177,-10.214,-10.183,-10.107,-9.9396,-9.7128,-9.5138,-9.2411,-8.9733,-8.7748,-8.5046,-8.218,-7.9302,-7.7267,-7.4782,-7.2656,-7.1308,-6.9857,-6.8792,-6.8119,-6.7965,-6.8055,-6.8321,-6.8608,-6.8997,-6.9344,-6.9633,-7.0057,-7.0524,-7.0804,-7.0877,-7.078,-7.0234,-6.9421,-6.7631,-6.5037,-6.2617,-5.8925,-5.4839,-5.0539,-4.7261,-4.2784,-3.8317,-3.5011,-3.0678,-2.657,-2.2779,-2.0237,-1.7304,-1.5002,-1.3717,-1.261,-1.264,-1.3447,-1.5375,-1.8172,-2.1806,-2.4961,-2.9245,-3.2773,-3.4353,-3.4223,-3.0815,-2.5882,-1.629,-0.39962,0.98752,2.0623,3.465,4.7712,5.6599,6.6986,7.5522,8.2103,8.5707,8.8693,8.9574,8.8829,8.5946,8.0819,7.5478,6.6281,5.4575,4.0137,2.7301,0.70587,-1.761,-3.99,-7.6308,-12.32,-15.934,-15.879,-12.7,-10.383,-9.223,-8.1838,-7.5021,-7.1141,-6.618,-5.9637,-5.0266,-4.1683,-2.867,-1.4359,-0.33916,1.0668,2.3569,3.2321,4.2594,5.1099,5.7748,6.1498,6.4881,6.6413,6.6339,6.4651,6.1132,5.7287,5.0562,4.2016,3.1579,2.2407,0.81613,-0.87479,-2.3355,-4.6203,-7.5665,-11.74,-16.563,-34.323,-20.396,-15.549,-12.25,-10.487,-9.67,-8.6747,-7.1217,-4.8198,-2.8772,-0.32471,2.0143,3.5778,5.3844,6.8707,7.7826,8.739,9.4151,9.8231,9.9596,9.912,9.5925,9.1791,8.3991,7.3425,5.9624
-8.7242,-8.6253,-8.3842,-7.8918,-7.3086,-6.2601,-5.0153,-4.036,-2.7465,-1.5313,-0.42523,0.32235,1.1999,1.9329,2.3848,2.8582,3.1762,3.3096,3.3454,3.2138,2.9144,2.579,1.9847,1.2296,0.56682,-0.4261,-1.5222,-2.3906,-3.566,-4.6864,-5.6641,-6.26,-6.8368,-7.1552,-7.2392,-7.1927,-7.0121,-6.7773,-6.6079,-6.4203,-6.2986,-6.2515,-6.2409,-6.2871,-6.3553,-6.445,-6.5306,-6.6097,-6.6569,-6.6924,-6.6814,-6.6461,-6.5702,-6.4626,-6.3671,-6.2399,-6.123,-6.0447,-6.0206,-6.0526,-6.1746,-6.3338,-6.6444,-7.0635,-7.573,-8.0001,-8.5774,-9.0826,-9.3546,-9.481,-9.3102,-9.0298,-8.5335,-7.9937,-7.4911,-7.1798,-6.8628,-6.6424,-6.5416,-6.4877,-6.5176,-6.5831,-6.7168,-6.864,-6.9816,-7.0322,-7.0149,-6.8969,-6.7399,-6.4512,-6.0744,-5.6337,-5.2744,-4.774,-4.2736,-3.92,-3.5261,-3.2609,-3.1397,-3.1035,-3.2728,-3.6799,-4.1466,-5.0137,-6.2458,-7.4993,-9.7118,-12.15,-12.598,-9.8216,-6.1253,-2.9724,-0.99808,1.211,3.024,4.1651,5.4294,6.4211,7.1611,7.5579,7.8811,7.975,7.8978,7.6012,7.0811,6.544,5.6339,4.5013,3.1422,1.9713,0.20835,-1.777,-3.3794,-5.5805,-7.5259,-8.5016,-8.9748,-8.6921,-8.0672,-7.5587,-6.9158,-6.3038,-5.8414,-5.1758,-4.4286,-3.538,-2.7632,-1.6455,-0.47701,0.41617,1.5939,2.7024,3.4596,4.3489,5.0921,5.6803,6.014,6.306,6.4179,6.384,6.1846,5.8079,5.4123,4.7369,3.896,2.8976,2.0491,0.79589,-0.57365,-1.6721,-3.2328,-4.7596,-6.0211,-6.6978,-7.1449,-6.9637,-6.439,-5.4263,-4.2579,-3.3149,-1.9596,-0.53294,0.90989,1.9939,3.4114,4.7672,5.7199,6.87,7.847,8.4548,9.0896,9.5169,9.7348,9.7605,9.6068,9.254,8.8745,8.2177,7.3942,6.4358
-12.77,-14.268,-17.752,-23.449,-21.096,-14.181,-9.6172,-7.0983,-4.4725,-2.4231,-0.78591,0.22865,1.3541,2.2489,2.7827,3.3236,3.6752,3.8189,3.8523,3.7015,3.3637,2.9846,2.3101,1.4387,0.65191,-0.57641,-1.9971,-3.18,-4.862,-6.5196,-7.8651,-8.4462,-8.5161,-7.9633,-7.3466,-6.4906,-5.7069,-5.0633,-4.6888,-4.3269,-4.1282,-4.0797,-4.1304,-4.3091,-4.5447,-4.9492,-5.4134,-5.8995,-6.2506,-6.6454,-6.905,-6.983,-6.9084,-6.6597,-6.4065,-6.0427,-5.724,-5.5072,-5.4273,-5.4542,-5.6643,-5.9687,-6.5947,-7.5411,-8.864,-10.178,-12.542,-15.987,-19.543,-22.273,-17.785,-14.653,-11.69,-9.6605,-8.2529,-7.5276,-6.8992,-6.6027,-6.594,-6.8627,-7.4482,-8.0917,-9.2156,-10.588,-12.046,-12.998,-13.709,-13.666,-13.321,-12.756,-12.218,-11.641,-11.077,-10.052,-8.7775,-7.7675,-6.5058,-5.4344,-4.7548,-4.0815,-3.7247,-3.6482,-3.7594,-4.1657,-4.8828,-5.6048,-6.6689,-7.4245,-7.3441,-6.0614,-3.9182,-1.6247,-0.013717,1.9,3.5352,4.5829,5.7535,6.6723,7.3487,7.7012,7.9692,8.01,7.8939,7.5534,7.0073,6.4681,5.5879,4.5413,3.3567,2.4008,1.0738,-0.26908,-1.252,-2.4879,-3.5549,-4.2516,-5.0391,-5.6653,-6.1902,-6.5703,-7.0756,-7.5586,-7.855,-7.9923,-7.6156,-6.6143,-5.4771,-3.6753,-1.8217,-0.50498,1.1042,2.5234,3.4509,4.4952,5.3232,5.9415,6.2712,6.5312,6.5907,6.5088,6.2387,5.791,5.3454,4.6059,3.7035,2.6497,1.7669,0.47743,-0.92397,-2.0376,-3.5043,-4.7549,-5.6518,-5.9774,-5.8008,-4.9526,-4.0162,-2.5942,-1.1098,0.011901,1.4975,2.9222,4.2229,5.129,6.266,7.3118,8.0194,8.8397,9.5038,9.895,10.271,10.47,10.482,10.364,10.036,9.528,9.0237,8.1759,7.1566,6.0321
-10.023,-10.138,-10.309,-10.13,-9.5114,-8.0485,-6.2365,-4.8637,-3.1633,-1.6656,-0.3831,0.44598,1.388,2.1661,2.6492,3.162,3.5174,3.6818,3.7523,3.6407,3.3384,2.977,2.3061,1.3959,0.53615,-0.87207,-2.6269,-4.2473,-7.0134,-10.956,-17.33,-22.474,-15.86,-10.97,-8.6345,-6.4595,-4.972,-3.9574,-3.4402,-3.0099,-2.8459,-2.8909,-3.1745,-3.6866,-4.2483,-5.2547,-6.5635,-8.2128,-9.69,-11.923,-13.885,-14.335,-13.106,-11.047,-9.5985,-8.0066,-6.8134,-5.9773,-5.5561,-5.2565,-5.2323,-5.3818,-5.8044,-6.4937,-7.4329,-8.2898,-9.575,-10.848,-11.58,-11.857,-11.136,-10.187,-8.7905,-7.5207,-6.5214,-5.9653,-5.4829,-5.3327,-5.4654,-5.9836,-6.9416,-7.9866,-9.9485,-12.825,-17.141,-21.707,-24.062,-19.823,-17.867,-16.964,-17.879,-21.511,-29.257,-24.893,-15.882,-12.236,-8.9727,-6.6945,-5.4024,-4.1735,-3.3707,-2.8568,-2.6411,-2.555,-2.5718,-2.5538,-2.4211,-2.1096,-1.7273,-0.98356,0.020726,1.2091,2.1546,3.4105,4.5968,5.4059,6.3425,7.0912,7.6321,7.8933,8.0428,7.9649,7.7511,7.2627,6.5506,5.8713,4.7788,3.4897,2.0376,0.86954,-0.73184,-2.2968,-3.3724,-4.5816,-5.5142,-6.0564,-6.5841,-7.0117,-7.5109,-8.0079,-8.9495,-10.458,-12.216,-16.122,-25.587,-18.171,-12.064,-7.1053,-3.6266,-1.5741,0.62342,2.3506,3.4066,4.5491,5.4107,5.9975,6.2629,6.3995,6.3062,6.0983,5.6378,4.9897,4.3972,3.4784,2.4345,1.2859,0.35244,-1.0122,-2.5861,-3.9719,-6.2972,-9.851,-16.579,-33.543,-15.787,-8.9745,-5.8248,-2.755,-0.37321,1.1557,2.9114,4.409,5.7022,6.5676,7.611,8.5291,9.1238,9.7861,10.303,10.594,10.841,10.912,10.789,10.561,10.066,9.3313,8.5964,7.3646,5.8509,3.9804
-6.2207,-5.6247,-4.904,-4.253,-3.7844,-3.155,-2.512,-2.045,-1.4782,-0.97267,-0.50291,-0.1533,0.33511,0.85976,1.2759,1.8332,2.3417,2.656,2.9401,3.0415,2.9364,2.7136,2.2263,1.5269,0.87984,-0.13384,-1.2651,-2.1526,-3.311,-4.3227,-4.9988,-5.19,-4.9951,-4.396,-3.8179,-3.0197,-2.3133,-1.7826,-1.5149,-1.3559,-1.4363,-1.6557,-2.1894,-2.9546,-3.6805,-4.9072,-6.4715,-8.4055,-10.118,-12.711,-15.123,-15.694,-14.009,-11.416,-9.7122,-7.8935,-6.5236,-5.5254,-5.0019,-4.5972,-4.4844,-4.5781,-4.8742,-5.3363,-5.9097,-6.3518,-6.8731,-7.179,-7.2295,-7.0237,-6.534,-6.0354,-5.2698,-4.4937,-3.8027,-3.3812,-2.966,-2.7883,-2.8065,-3.0304,-3.4877,-3.9795,-4.8028,-5.7491,-6.6731,-7.2699,-7.8382,-8.1712,-8.3144,-8.4781,-8.6748,-8.8095,-8.7041,-8.1153,-7.0454,-6.0883,-4.8194,-3.6719,-2.9811,-2.4094,-2.1179,-2.0806,-2.2382,-2.6383,-3.1546,-3.5645,-4.0288,-4.1441,-3.8291,-2.8151,-1.3252,0.34746,1.5993,3.1632,4.5542,5.4634,6.4744,7.2497,7.7805,8.0112,8.0953,7.9184,7.6091,6.9491,6.0023,5.0953,3.6095,1.775,-0.46026,-2.4459,-5.5684,-9.301,-12.336,-15.155,-14.514,-13.07,-11.35,-10.174,-9.3956,-8.9751,-8.5791,-8.3404,-8.1814,-7.7762,-6.9239,-5.7376,-4.5712,-2.7487,-0.8901,0.43987,2.0692,3.4651,4.3365,5.261,5.9152,6.2906,6.3867,6.2699,5.8733,5.3857,4.4808,3.3028,2.2586,0.72971,-0.82202,-2.1874,-2.9703,-3.6559,-4.0429,-4.2543,-4.5752,-4.8212,-4.7095,-4.4426,-3.7429,-2.4802,-1.3159,0.24647,1.7315,2.7736,4.0324,5.1038,6.0777,6.7725,7.6317,8.3915,8.9025,9.5088,10.031,10.351,10.649,10.777,10.713,10.527,10.075,9.3594,8.6486,7.4718,5.9474,4.0025
-2.7054,-2.0231,-1.2886,-0.71913,-0.40851,-0.17181,-0.14737,-0.28322,-0.69636,-1.4107,-2.4038,-3.2048,-3.9227,-3.5888,-2.6141,-0.93572,0.65081,1.6198,2.5625,3.116,3.2932,3.1962,2.7754,2.0596,1.3575,0.24005,-0.97376,-1.8124,-2.6363,-2.9664,-2.8095,-2.4504,-1.7791,-1.0207,-0.4703,0.1634,0.65806,0.98496,1.1094,1.0802,0.81788,0.47787,-0.19381,-1.1253,-1.958,-3.2278,-4.6303,-6.0385,-6.9905,-7.9163,-8.2878,-8.1643,-7.5247,-6.5549,-5.7557,-4.6974,-3.7843,-3.0923,-2.7509,-2.5503,-2.65,-2.9405,-3.63,-4.6533,-6.0343,-7.2836,-9.026,-10.186,-10.043,-8.584,-6.6281,-5.225,-3.5895,-2.2526,-1.1813,-0.54465,0.084469,0.49074,0.68513,0.79489,0.75065,0.63277,0.41248,0.15268,-0.10372,-0.28203,-0.47043,-0.5783,-0.61085,-0.59591,-0.51253,-0.35586,-0.19358,0.073935,0.37256,0.59628,0.86287,1.0278,1.0144,0.82097,0.43319,-0.25932,-0.97482,-2.1883,-3.9511,-5.8552,-9.7373,-17.998,-27.704,-10.818,-4.9003,-1.1209,1.0345,3.347,5.1865,6.3073,7.4994,8.372,8.9442,9.1843,9.2541,9.0364,8.6904,7.9718,6.9453,5.9678,4.3723,2.4154,0.056821,-2.0032,-5.168,-8.7287,-11.335,-13.682,-14.049,-13.52,-12.65,-11.918,-11.003,-10.154,-8.9001,-7.5238,-6.4751,-5.1344,-3.6638,-2.0747,-0.88946,0.69769,2.2508,3.3246,4.607,5.7357,6.4598,7.2187,7.7035,7.9112,7.8822,7.5755,6.9204,6.1787,4.8166,2.9383,1.0943,-2.1897,-7.1632,-17.003,-20.389,-10.165,-6.1258,-4.3304,-2.6915,-1.4195,-0.4745,0.073722,0.85818,1.7252,2.346,3.1185,3.8512,4.3195,4.827,5.2557,5.6499,5.9485,6.3828,6.9274,7.4411,8.2503,9.103,9.7048,10.39,10.899,11.199,11.269,11.14,10.751,10.294,9.414,8.2307,6.8211
-0.87325,-0.22041,0.4646,0.96084,1.2081,1.3314,1.1667,0.83204,0.04505,-1.268,-3.3595,-5.6641,-9.5744,-9.5252,-6.1477,-2.2962,0.34287,1.7306,2.9859,3.6843,3.8916,3.7479,3.1575,2.0751,0.90335,-1.262,-4.4553,-8.0136,-15.84,-14.119,-7.6942,-4.853,-2.312,-0.59416,0.35413,1.2823,1.9053,2.2579,2.3572,2.2736,1.9494,1.5437,0.77682,-0.34309,-1.4226,-3.2093,-5.5341,-8.694,-11.85,-16.639,-15.358,-11.931,-8.3679,-5.9038,-4.5109,-3.0605,-1.9905,-1.2839,-0.97835,-0.83296,-0.99215,-1.3297,-2.1274,-3.3459,-5.0763,-6.8019,-9.8036,-12.694,-12.407,-9.1544,-5.9936,-4.1228,-2.1579,-0.68124,0.43335,1.0738,1.7007,2.1237,2.3227,2.4299,2.4082,2.3337,2.1903,2.0329,1.9013,1.8518,1.8716,1.9956,2.1503,2.4163,2.7358,3.0759,3.3123,3.5899,3.789,3.8755,3.8733,3.6742,3.3903,2.8969,2.1653,1.1581,0.2551,-1.1594,-2.7108,-3.7712,-4.7975,-5.1608,-4.7978,-3.3963,-1.3389,0.88023,2.478,4.4089,6.0531,7.0829,8.1897,9.0008,9.5183,9.7232,9.7583,9.5208,9.1737,8.4905,7.5515,6.6791,5.2954,3.6721,1.8218,0.28244,-1.9372,-4.2908,-6.1201,-8.7206,-11.667,-14.281,-18.903,-22.847,-19.727,-16.622,-13.527,-11.069,-9.2824,-6.9466,-4.8093,-2.6755,-1.0789,0.914,2.7384,3.9938,5.4721,6.6968,7.4529,8.2423,8.7714,9.0315,9.0416,8.7924,8.2325,7.6122,6.5174,5.1013,3.8428,1.9814,0.13214,-1.3704,-2.0561,-2.2966,-1.9925,-1.6304,-1.0684,-0.4322,0.12599,0.61463,1.4367,2.2115,2.6732,3.1648,3.4843,3.5407,3.3419,2.8544,1.9015,0.80475,-0.85342,-1.3553,-0.10275,2.6675,5.2876,6.8947,8.5904,9.8422,10.698,11.105,11.365,11.339,11.134,10.636,9.9812,9.1479
-3.2631,-2.6379,-1.9282,-1.3747,-1.0583,-0.73218,-0.5268,-0.46694,-0.49372,-0.60904,-0.75903,-0.83577,-0.76926,-0.40444,0.062185,0.84784,1.6571,2.1834,2.7183,2.9933,2.9795,2.7706,2.2102,1.3239,0.45845,-0.91816,-2.5044,-3.6829,-4.7962,-5.0119,-4.4371,-3.7328,-2.7277,-1.8532,-1.3239,-0.75742,-0.3616,-0.13461,-0.089026,-0.16791,-0.42911,-0.76457,-1.3577,-2.1719,-2.9584,-4.2362,-5.759,-7.4575,-8.6929,-9.7717,-9.5879,-8.7208,-7.1957,-5.7205,-4.752,-3.6875,-2.9056,-2.3726,-2.1291,-1.9968,-2.0936,-2.2827,-2.6831,-3.2329,-3.8503,-4.2958,-4.7656,-4.9682,-4.8852,-4.4562,-3.7891,-3.2022,-2.4198,-1.7102,-1.134,-0.81122,-0.529,-0.41406,-0.47029,-0.71387,-1.1176,-1.5139,-2.1489,-2.8157,-3.3697,-3.5823,-3.4893,-2.9552,-2.3416,-1.3738,-0.39512,0.49657,1.0778,1.71,2.1648,2.3731,2.4618,2.325,2.0755,1.4987,0.55295,-0.72551,-2.013,-4.2533,-7.1635,-10.101,-14.797,-13.528,-9.8559,-5.8301,-2.779,-0.38623,1.1201,2.8256,4.2112,5.0544,5.9294,6.5387,6.8888,6.9889,6.9138,6.6075,6.227,5.5433,4.6724,3.8989,2.719,1.3884,-0.076649,-1.265,-2.9672,-4.8336,-6.3543,-8.5642,-11.031,-13.03,-15.32,-17.251,-18.137,-18.302,-18.875,-20.23,-21.005,-17.865,-12.69,-8.4722,-5.8645,-2.9216,-0.55997,0.9345,2.675,4.1243,5.0007,5.9185,6.586,6.9986,7.1276,7.066,6.7642,6.3786,5.646,4.707,3.8751,2.6256,1.2555,-0.19598,-1.319,-2.8652,-4.446,-5.5712,-6.72,-7.1046,-6.4684,-5.3713,-3.7989,-2.5372,-1.7468,-0.86206,-0.30402,-0.08032,-0.093123,-0.57361,-1.6532,-2.8124,-4.5563,-5.4043,-4.1286,-0.99043,1.865,3.5813,5.3965,6.7466,7.6789,8.1411,8.4873,8.561,8.4475,8.1404,7.6427,6.9255
-6.3113,-5.8366,-5.3034,-4.8389,-4.5034,-4.0265,-3.4507,-2.9593,-2.2647,-1.5567,-0.84927,-0.32838,0.33404,0.96258,1.4063,1.9439,2.3949,2.6593,2.8838,2.9417,2.8205,2.6064,2.1639,1.5589,1.0066,0.18339,-0.66637,-1.2889,-2.0574,-2.6871,-3.1438,-3.3855,-3.5927,-3.6656,-3.6483,-3.5598,-3.438,-3.3152,-3.2421,-3.2072,-3.2681,-3.3891,-3.6547,-3.9691,-4.2611,-4.7109,-5.1612,-5.5425,-5.7514,-5.8847,-5.7968,-5.5992,-5.2209,-4.7682,-4.4028,-3.9677,-3.6366,-3.4278,-3.3499,-3.3899,-3.5804,-3.8074,-4.1795,-4.6057,-5.028,-5.2938,-5.5141,-5.5571,-5.4613,-5.187,-4.79,-4.45,-4.005,-3.6129,-3.3255,-3.2035,-3.194,-3.4009,-3.7013,-4.2998,-5.2114,-6.1453,-7.8297,-10.231,-13.84,-17.698,-19.166,-13.541,-10.217,-6.9866,-4.6235,-2.8335,-1.7618,-0.63262,0.20194,0.64696,1.0207,1.1669,1.107,0.75033,0.17242,-0.67226,-1.4858,-2.8073,-4.4074,-5.559,-6.4564,-6.18,-5.1904,-3.3936,-1.6327,-0.070227,0.94933,2.0981,3.0044,3.5345,4.047,4.3353,4.4106,4.3266,4.026,3.5284,3.024,2.1876,1.1975,0.38328,-0.76329,-1.9348,-3.0735,-3.881,-4.9171,-5.9313,-6.6764,-7.67,-8.7107,-9.5034,-10.641,-11.698,-12.713,-13.565,-14.728,-15.834,-16.275,-14.681,-11.915,-9.0572,-7.0306,-4.6453,-2.5036,-1.0676,0.58811,1.9894,2.9007,3.9198,4.6971,5.2297,5.4749,5.6052,5.4974,5.2562,4.7306,3.9774,3.2653,2.1038,0.6861,-1.0088,-2.5131,-4.9594,-8.1359,-11.282,-17.58,-22.714,-15.626,-11.812,-8.8169,-6.8948,-5.6747,-4.3068,-3.2214,-2.5415,-1.8093,-1.3343,-0.89971,-0.55949,-0.14401,0.41707,1.0138,1.9544,2.9263,3.6497,4.534,5.2348,5.7216,5.9457,6.0511,5.9256,5.6967,5.194,4.4243,3.518
-8.4929,-8.549,-8.9636,-9.621,-10.048,-10.049,-8.9471,-7.5529,-5.475,-3.534,-1.8674,-0.7969,0.41662,1.4029,2.0094,2.6519,3.113,3.3489,3.5091,3.4985,3.3203,3.0779,2.6189,2.0132,1.4584,0.59619,-0.3705,-1.1686,-2.3412,-3.5966,-4.8989,-5.8762,-7.08,-7.9343,-8.2205,-8.154,-7.7342,-7.2054,-6.8246,-6.4394,-6.2075,-6.0948,-6.0931,-6.1643,-6.2093,-6.2578,-6.277,-6.25,-6.1804,-6.0226,-5.8031,-5.6077,-5.2984,-4.9626,-4.7292,-4.471,-4.2759,-4.2027,-4.2578,-4.4907,-4.9038,-5.3809,-6.2099,-7.2272,-8.3572,-9.1592,-9.8774,-9.9032,-9.4652,-8.5412,-7.5162,-6.8186,-6.0529,-5.5125,-5.2009,-5.1046,-5.1641,-5.4419,-5.7504,-6.3364,-7.155,-7.9056,-9.0833,-10.447,-11.837,-12.553,-12.442,-11.016,-9.4897,-7.3793,-5.4547,-3.7799,-2.6866,-1.4523,-0.4549,0.14634,0.75994,1.1537,1.3105,1.3912,1.336,1.1106,0.90057,0.54197,0.20112,0.048622,-0.049667,0.019608,0.23011,0.65408,1.1468,1.668,2.0473,2.4827,2.8152,2.9869,3.1003,3.0592,2.8461,2.5613,2.0007,1.2149,0.47238,-0.75736,-2.2651,-3.5534,-5.3984,-7.1407,-8.3362,-8.6717,-8.5105,-8.052,-7.7428,-7.4776,-7.3797,-7.4172,-7.6146,-7.8028,-8.1252,-8.3825,-8.6414,-8.673,-8.5985,-8.3661,-7.6356,-6.6621,-5.7628,-4.4546,-3.0725,-1.9518,-0.45619,0.91836,1.8611,2.988,3.9084,4.599,4.9765,5.2793,5.3361,5.2262,4.8865,4.3087,3.7306,2.7611,1.5692,0.14381,-1.0608,-2.8137,-4.6966,-6.1049,-7.7625,-9.0276,-9.4971,-9.4574,-9.4543,-8.9242,-8.124,-6.8989,-5.5209,-4.4709,-3.1709,-1.9309,-0.7797,-0.051174,0.7954,1.6309,2.2255,2.9146,3.5266,3.9484,4.4029,4.6951,4.8331,4.8262,4.6426,4.2474,3.8135,3.0055,2.0347,0.85641
-8.7578,-9.1683,-10.42,-12.76,-15.649,-20.849,-16.064,-11.475,-7.2519,-4.2595,-2.0186,-0.68727,0.73761,1.8421,2.4885,3.1422,3.5755,3.7681,3.853,3.7604,3.4901,3.1801,2.6185,1.9003,1.2654,0.2608,-0.93422,-1.9642,-3.557,-5.5176,-8.0133,-10.417,-14.898,-22.372,-24.214,-17.381,-13.544,-11.412,-10.462,-9.7814,-9.5876,-9.6091,-9.7933,-10.092,-10.236,-10.188,-9.9507,-9.5847,-9.2562,-8.7977,-8.3527,-8.0259,-7.5343,-6.9945,-6.6006,-6.099,-5.6575,-5.3648,-5.297,-5.4228,-5.8422,-6.4253,-7.6586,-9.5478,-12.478,-15.989,-26.301,-24.327,-17.116,-12.578,-9.986,-8.7251,-7.6234,-7.0238,-6.807,-6.8455,-7.097,-7.4997,-7.8745,-8.471,-9.0334,-9.4231,-9.8766,-10.215,-10.331,-10.223,-9.7979,-9.0077,-8.1935,-6.9163,-5.5425,-4.1507,-3.1495,-1.9312,-0.8747,-0.19468,0.55863,1.1139,1.4195,1.7468,1.9014,1.9311,1.9156,1.8582,1.8218,1.7819,1.719,1.7293,1.7678,1.8145,1.8756,1.9394,1.9632,1.9541,1.9075,1.8354,1.6838,1.468,1.1519,0.83447,0.25828,-0.55853,-1.3492,-2.734,-4.6353,-6.5445,-10.094,-16.049,-28.749,-19.555,-13.045,-9.8008,-8.2807,-6.9653,-6.1422,-5.7511,-5.4374,-5.3847,-5.5211,-5.6736,-6.0199,-6.4037,-6.6824,-7.3001,-7.9293,-8.3745,-8.4337,-7.7031,-6.1204,-4.6538,-2.5902,-0.62787,0.68475,2.1736,3.3784,4.3168,4.8477,5.3175,5.5333,5.5486,5.3663,4.9467,4.4934,3.7121,2.7364,1.5722,0.60298,-0.8099,-2.3797,-3.6314,-5.3764,-7.2887,-9.4889,-11.816,-15.613,-18.601,-17.167,-12.798,-9.1726,-7.0143,-4.8235,-2.9531,-1.4208,-0.53245,0.51833,1.4567,2.0234,2.6274,3.1526,3.465,3.7263,3.846,3.8163,3.6678,3.2935,2.7169,2.1393,1.188,0.068151,-1.4462
-6.8634,-6.679,-6.5734,-6.5975,-6.5492,-6.1762,-5.3668,-4.4958,-3.1138,-1.7086,-0.40602,0.46952,1.4672,2.2659,2.7369,3.1915,3.4557,3.5256,3.4572,3.2082,2.7826,2.3521,1.6439,0.79153,0.08339,-0.95512,-2.1069,-3.0261,-4.3515,-5.8506,-7.5334,-8.8934,-10.743,-12.195,-12.616,-12.341,-11.641,-11.085,-10.969,-11.286,-12.185,-13.4,-15.552,-18.33,-20.016,-19.453,-17.138,-15.223,-14.3,-13.659,-13.406,-13.25,-12.856,-11.946,-10.935,-9.4046,-8.0294,-6.9332,-6.3102,-5.7928,-5.6632,-5.7646,-6.216,-6.9989,-7.9864,-8.7397,-9.4944,-9.6033,-9.2673,-8.5626,-7.897,-7.5611,-7.3999,-7.5873,-8.1145,-8.7336,-9.8154,-11.09,-12.108,-13.214,-13.844,-14.06,-14.123,-14.114,-14.093,-14.049,-13.716,-12.794,-11.69,-9.8592,-7.8858,-6.0008,-4.7164,-3.2114,-1.9579,-1.1765,-0.35491,0.26523,0.61079,0.87422,0.96181,0.99222,0.9377,0.85891,0.75884,0.66087,0.59383,0.56648,0.51537,0.42145,0.29531,0.074463,-0.16059,-0.53779,-0.96489,-1.2789,-1.6261,-1.8296,-1.885,-1.8805,-1.8959,-2.0561,-2.3206,-2.8802,-3.6991,-4.4665,-5.576,-6.559,-7.1263,-7.1364,-6.6719,-5.9845,-5.4599,-4.8329,-4.3665,-4.1444,-3.9777,-4.0338,-4.1804,-4.4058,-4.8881,-5.6942,-6.437,-7.7484,-9.9728,-13.725,-19.402,-25.311,-13.051,-8.5851,-4.6492,-1.8263,-0.13012,1.6765,3.0671,4.1327,4.7256,5.2684,5.5663,5.6259,5.4955,5.1573,4.7601,4.0583,3.1746,2.128,1.2281,-0.090008,-1.5156,-2.6741,-4.3442,-6.141,-8.1921,-9.5237,-11.421,-12.817,-12.194,-10.479,-8.3203,-6.8204,-4.9676,-3.4223,-2.2778,-1.5358,-0.60593,0.11352,0.54093,1.084,1.5381,1.7757,2.0008,2.123,2.0687,1.9014,1.5099,0.8989,0.27178,-0.79295,-2.2986,-3.9763
-4.2443,-3.7526,-3.1962,-2.7413,-2.4343,-1.9757,-1.4446,-1.0094,-0.36605,0.32147,0.98932,1.4661,2.0412,2.5144,2.786,3.022,3.0928,3.0281,2.7785,2.3132,1.6361,0.98917,-0.037974,-1.2408,-2.2052,-3.444,-4.5225,-5.1829,-5.822,-6.2292,-6.5497,-6.7787,-7.0156,-7.237,-7.3851,-7.5499,-7.7411,-8.0813,-8.4761,-9.2661,-10.523,-11.938,-14.207,-16.865,-18.431,-18.119,-16.534,-15.309,-14.987,-15.545,-17.538,-20.712,-33.938,-23.202,-16.976,-12.217,-9.2097,-7.144,-5.9854,-4.8541,-4.1401,-3.8015,-3.5511,-3.506,-3.5983,-3.7078,-3.8935,-4.072,-4.2047,-4.4204,-4.7436,-5.0959,-5.7776,-6.7718,-8.1662,-9.5616,-12.051,-15.646,-19.449,-27.882,-26.45,-21.92,-19.041,-18.066,-18.727,-20.476,-26.076,-30.156,-20.913,-14.531,-10.474,-7.5438,-5.8457,-4.042,-2.6675,-1.8822,-1.1424,-0.68935,-0.52544,-0.59467,-0.83105,-1.217,-1.6051,-2.1449,-2.6437,-2.8209,-2.7866,-2.6442,-2.4901,-2.2908,-2.3033,-2.6381,-3.1208,-4.1514,-5.7242,-7.1873,-9.0316,-9.3418,-7.736,-6.2218,-4.5114,-3.2851,-2.7037,-2.2737,-2.1448,-2.1957,-2.4001,-2.6522,-2.8916,-3.0299,-3.1252,-3.1553,-3.1504,-3.0976,-3.06,-3.0627,-3.1282,-3.2094,-3.3631,-3.578,-3.8867,-4.3678,-4.828,-5.3186,-5.9058,-6.3582,-6.4976,-6.0047,-4.6997,-3.4891,-1.6823,0.082958,1.2546,2.6172,3.7512,4.6281,5.1159,5.5715,5.8044,5.8202,5.6472,5.2795,4.8636,4.131,3.2064,2.1002,1.1511,-0.22491,-1.6768,-2.807,-4.2603,-5.5328,-6.408,-6.8683,-7.4977,-7.2972,-6.8982,-6.3864,-5.5837,-5.019,-4.2304,-3.5467,-3.1283,-2.7832,-2.4258,-2.2552,-2.0587,-1.6544,-1.2606,-0.94738,-0.47771,-0.1224,0.040657,0.049105,-0.14171,-0.61575,-1.1484,-2.1628,-3.4168,-4.8342
-1.0906,-0.83081,-0.6263,-0.4726,-0.36451,-0.22625,-0.027454,0.1815,0.49954,0.87052,1.2948,1.6125,2.0202,2.3859,2.61,2.8125,2.8668,2.7858,2.4765,1.9034,1.0107,0.10381,-1.4926,-3.6239,-5.6884,-9.0221,-12.226,-12.713,-10.682,-8.4278,-6.8124,-5.9664,-5.1674,-4.6559,-4.4236,-4.2476,-4.2337,-4.3813,-4.583,-5.0013,-5.5221,-6.0026,-6.773,-7.3822,-7.7622,-8.1513,-8.3551,-8.5751,-8.8188,-9.2497,-9.8359,-10.214,-10.287,-9.6376,-8.6434,-7.0464,-5.5104,-4.1201,-3.2382,-2.2811,-1.493,-1.0532,-0.61664,-0.32371,-0.17891,-0.14902,-0.19936,-0.37726,-0.59587,-1.0004,-1.5568,-2.0815,-2.9553,-4.0584,-5.4255,-6.6198,-8.4654,-10.484,-12.064,-13.675,-14.209,-14.054,-13.503,-13.122,-13.096,-13.145,-13.103,-12.363,-11.213,-9.2345,-7.1307,-5.2558,-4.0582,-2.7218,-1.7217,-1.1859,-0.72793,-0.62985,-0.80712,-1.2948,-2.1738,-3.6642,-5.0784,-7.601,-10.322,-11.368,-10.124,-7.7205,-6.0766,-4.4756,-3.6045,-3.2972,-3.4677,-4.3242,-5.9639,-7.8131,-10.816,-11.344,-8.1026,-5.7037,-3.3314,-1.7697,-0.9675,-0.33057,-0.07325,-0.074275,-0.28635,-0.67296,-1.1412,-1.5194,-2.0171,-2.4196,-2.6422,-2.8719,-3.0099,-3.0602,-3.1264,-3.1588,-3.3272,-3.453,-3.6088,-3.618,-3.6879,-3.6883,-3.3877,-2.8923,-2.3699,-1.5696,-0.52009,0.34064,1.4759,2.6266,3.4255,4.3669,5.169,5.7789,6.117,6.4171,6.5033,6.4475,6.2138,5.7532,5.2819,4.4594,3.3992,2.0921,0.95462,-0.84272,-2.9443,-4.6795,-7.142,-9.2822,-10.17,-10.077,-8.6562,-7.0342,-6.269,-5.2121,-4.3528,-3.8468,-3.5115,-3.5951,-3.8193,-4.2387,-5.3401,-6.4966,-7.1062,-7.2585,-6.2623,-5.0253,-3.4413,-2.2744,-1.4566,-1.0867,-0.93736,-1.1267,-1.4563,-2.1143,-2.978,-4.4174
1.674,1.3631,0.79107,0.14384,-0.30582,-0.81325,-1.1035,-1.1215,-0.94321,-0.62307,-0.20359,0.14437,0.6476,1.1994,1.623,2.1474,2.5609,2.7506,2.7698,2.5055,1.8892,1.1613,-0.21986,-2.0786,-3.901,-6.7777,-9.2152,-9.6205,-8.0209,-6.0501,-4.5179,-3.6189,-2.7749,-2.1726,-1.8153,-1.4725,-1.2509,-1.1075,-1.0688,-1.1064,-1.1704,-1.2075,-1.3937,-1.5703,-1.6984,-1.891,-2.0564,-2.2469,-2.3947,-2.5668,-2.7187,-2.7751,-2.7182,-2.5473,-2.2842,-1.821,-1.2948,-0.67767,-0.20599,0.39548,1.0051,1.4242,1.8939,2.2714,2.5402,2.6463,2.6821,2.5684,2.3793,1.9894,1.4371,0.90545,0.068487,-0.91344,-1.9804,-2.8074,-3.8695,-4.852,-5.4552,-5.9623,-6.31,-6.3942,-6.3096,-6.1605,-5.8863,-5.6531,-5.2725,-4.7326,-4.2267,-3.467,-2.5974,-1.7205,-1.0885,-0.33397,0.26699,0.57075,0.78976,0.71127,0.43011,-0.18792,-1.3909,-3.0036,-4.5239,-7.0204,-10.061,-11.243,-9.6086,-7.0556,-5.0992,-3.1395,-1.7207,-0.66921,-0.1688,0.20454,0.36526,0.39499,0.50615,0.81072,1.3348,1.7984,2.4339,2.8843,3.0737,3.0964,2.807,2.3895,1.5809,0.4657,-0.89427,-2.0205,-3.5319,-4.6909,-5.1661,-5.2866,-5.0027,-4.7228,-4.4565,-4.4555,-4.6405,-4.7916,-5.251,-5.5335,-5.5425,-5.4462,-4.6645,-3.4086,-2.2164,-0.56834,0.89228,1.9673,3.2919,4.3709,5.0769,5.8768,6.4613,6.868,7.0807,7.2047,7.1633,7.0529,6.7753,6.3125,5.853,5.0608,4.0265,2.7278,1.5419,-0.42455,-2.8746,-5.1607,-9.2318,-14.827,-16.353,-13.647,-9.1885,-6.2814,-5.1027,-3.5801,-2.6016,-2.1122,-1.8501,-2.074,-2.688,-3.8362,-5.9082,-9.2208,-13.882,-16.58,-10.641,-7.0864,-4.1343,-2.3856,-1.2168,-0.7321,-0.49625,-0.58277,-0.88261,-1.5064,-2.6101,-3.7876
3.1396,2.1225,0.42454,-1.8981,-4.0352,-6.947,-8.293,-7.6314,-6.1039,-5.0568,-4.673,-4.5725,-4.2322,-3.2014,-2.0231,-0.30674,1.1931,2.0783,2.9045,3.3144,3.3507,3.1456,2.6104,1.8781,1.2339,0.33177,-0.40899,-0.8465,-1.1836,-1.3371,-1.3973,-1.3801,-1.3138,-1.1831,-1.0113,-0.72512,-0.3673,0.016381,0.28587,0.63055,0.85205,1.0089,1.2308,1.3259,1.3854,1.4371,1.4089,1.3421,1.2547,1.0681,0.85013,0.64143,0.32661,0.047345,-0.15723,-0.38851,-0.40879,-0.26667,-0.011778,0.55998,1.187,1.7121,2.4092,3.0199,3.5206,3.8016,4.0148,4.0515,3.9537,3.6257,3.0699,2.4921,1.5234,0.36088,-0.94998,-1.953,-3.1454,-3.9352,-4.124,-4.0344,-3.643,-3.2497,-2.7802,-2.3735,-2.044,-1.8899,-1.7322,-1.6161,-1.5351,-1.3282,-1.0156,-0.53273,-0.062478,0.61281,1.2547,1.6535,1.9573,2.0267,1.8998,1.3383,0.5754,-0.42335,-1.3718,-2.6002,-3.6044,-3.8505,-3.8347,-2.9713,-1.929,-0.47873,1.0369,2.4016,3.268,4.2709,5.0652,5.5383,6.0683,6.4907,6.81,6.9737,7.0661,7.011,6.8086,6.322,5.5365,4.7142,3.2689,1.3043,-1.367,-4.0349,-9.201,-19.523,-20.937,-12.125,-8.6673,-7.4143,-6.6228,-6.6446,-6.8822,-7.4821,-8.9221,-11.771,-14.36,-18.891,-13.779,-7.766,-4.7338,-1.5309,0.91349,2.3096,3.848,4.989,5.6142,6.2088,6.5163,6.621,6.5833,6.4029,6.2126,6.0431,5.7903,5.5621,5.3102,4.8598,4.21,3.282,2.4145,1.0805,-0.53925,-1.8074,-3.3757,-4.6483,-5.3345,-5.4136,-4.1492,-3.4023,-2.4787,-1.1188,-0.22025,0.22904,0.64807,0.86596,0.49882,0.14815,-0.38855,-1.3149,-1.6191,-1.8616,-1.6717,-1.1516,-0.60105,-0.056638,0.3073,0.36183,0.2488,-0.16012,-0.68241,-1.6773,-2.7907,-3.8943
3.6556,2.6054,0.70828,-1.8879,-4.3973,-8.1215,-9.9066,-8.88,-7.4018,-7.0819,-8.3956,-11.036,-20.481,-14.605,-8.1103,-3.351,-0.44468,1.0372,2.3979,3.1857,3.5535,3.6174,3.4717,3.0714,2.6992,2.0658,1.2919,0.69447,-0.26742,-1.365,-2.5939,-3.64,-4.8602,-5.5583,-5.5509,-4.8119,-3.7076,-2.6865,-2.0129,-1.2641,-0.66941,-0.3733,0.032334,0.42566,0.67283,0.96479,1.168,1.2627,1.2367,1.0449,0.65044,0.20647,-0.62886,-1.7371,-2.7814,-4.3282,-5.7921,-6.4635,-6.0642,-4.6848,-3.016,-1.8611,-0.48739,0.67641,1.6123,2.1964,2.7791,3.1223,3.2053,3.0633,2.5921,2.0151,0.84654,-0.83987,-3.2564,-5.731,-10.399,-15.002,-12.6,-8.2199,-5.2416,-3.7793,-2.4949,-1.7115,-1.4276,-1.4485,-1.8139,-2.599,-3.4346,-4.7278,-5.6768,-5.2987,-4.1298,-2.204,-0.49708,0.51578,1.4511,1.9185,1.976,1.6907,1.0857,-0.15022,-1.375,-3.551,-6.3733,-9.3713,-11.165,-7.2937,-4.3346,-1.1737,1.4048,3.3398,4.5468,5.8754,6.9087,7.551,8.2083,8.6733,8.9624,9.0694,9.0293,8.7961,8.4875,7.856,6.9793,6.1307,4.7117,2.9784,0.87803,-0.88308,-3.3251,-5.4085,-6.4128,-7.0073,-7.3131,-7.6411,-8.3445,-8.9587,-9.9616,-10.634,-10.787,-11.483,-11.521,-10.535,-8.7065,-5.9837,-3.7023,-1.1893,0.82201,2.1431,3.3677,4.2268,4.6171,4.7031,4.4291,3.7366,2.9482,1.7948,0.77715,0.41695,0.68288,1.3935,1.93,2.3849,2.4718,2.147,1.6521,0.65294,-0.73761,-2.0128,-4.0515,-6.3408,-8.2698,-8.0386,-6.6343,-4.6833,-2.7588,-0.96858,0.42624,1.2903,2.0327,2.4006,2.5197,2.5558,2.1287,1.8349,1.5291,1.0058,0.76009,0.47765,0.21359,0.11153,-0.14905,-0.34158,-0.75082,-1.4686,-2.1526,-3.378,-4.8271,-7.4897
3.3986,2.8747,1.9694,0.98662,0.18319,-0.73732,-1.4782,-1.8653,-2.2358,-2.626,-3.0191,-3.3021,-3.3441,-2.8005,-2.0388,-0.82017,0.31844,0.99687,1.6319,1.9507,2.0203,1.9138,1.6262,1.152,0.74958,0.12786,-0.65106,-1.3353,-2.5443,-4.1429,-6.4301,-8.9361,-14.132,-29.232,-21.376,-13.037,-9.4633,-7.6002,-6.8142,-6.3192,-5.9731,-5.7491,-5.4343,-4.725,-4.0916,-3.2557,-2.4913,-1.9679,-1.7556,-1.7132,-2.0426,-2.5199,-3.5214,-5.1481,-6.796,-10.049,-15.455,-22.618,-17.989,-12.444,-9.3252,-7.6442,-5.9645,-4.489,-3.1026,-2.1501,-0.98856,-0.078596,0.39575,0.75147,0.74565,0.49515,-0.21033,-1.3602,-2.9206,-4.3481,-6.2774,-7.3555,-7.0382,-5.8585,-4.352,-3.4806,-2.6127,-2.1187,-2.0303,-2.2215,-2.93,-4.2301,-5.7726,-9.0305,-13.925,-13.499,-9.2093,-5.0791,-2.3619,-0.98342,0.2949,0.99912,1.1928,1.1857,0.59563,-0.26531,-1.1675,-2.7695,-4.8725,-6.1346,-6.7607,-5.0724,-3.1805,-0.83671,1.2748,2.9452,4.0452,5.2447,6.2042,6.8017,7.4214,7.8584,8.1176,8.2051,8.1693,7.9339,7.6517,7.1039,6.362,5.6806,4.5984,3.3565,1.9676,0.85256,-0.65088,-2.2266,-3.3791,-4.9715,-6.7907,-8.3313,-11.075,-15.045,-22.94,-25.891,-17.537,-12.373,-10.645,-8.0881,-5.9401,-3.9952,-2.7375,-1.0135,0.28224,1.1533,2.0033,2.4678,2.5873,2.3032,1.5097,-0.027763,-1.7821,-5.5668,-13.512,-25.29,-9.3801,-4.4725,-2.4738,-0.90846,-0.1819,-0.013094,-0.2506,-1.0049,-2.142,-3.4199,-5.6189,-8.6953,-12.57,-13.927,-9.1843,-6.0524,-3.4792,-1.5021,0.024564,0.94268,1.767,2.0711,2.238,2.0525,1.4883,0.85856,-0.010964,-1.1242,-2.3227,-3.3003,-3.9875,-4.28,-4.2146,-4.0118,-4.0229,-4.3435,-4.8484,-6.0403,-8.4293,-10.481
2.3996,2.195,1.8822,1.5614,1.3205,1.0307,0.81854,0.68674,0.58792,0.52298,0.50735,0.5321,0.61681,0.75815,0.89047,1.0351,1.0886,1.0332,0.76608,0.29502,-0.41339,-1.0673,-2.0088,-2.8242,-3.3458,-3.7257,-3.931,-4.1261,-4.431,-5.0798,-5.9896,-6.8494,-8.112,-8.9234,-9.2074,-9.0541,-8.9472,-9.1385,-9.7269,-11.259,-14.043,-16.585,-18.064,-14.378,-11.494,-8.7115,-6.8101,-5.5686,-4.9634,-4.4979,-4.3895,-4.5477,-5.0466,-5.8653,-6.681,-7.9755,-9.2461,-10.299,-10.84,-11.428,-12.266,-13.034,-13.798,-12.873,-10.093,-7.8625,-5.3486,-3.4151,-2.3258,-1.2934,-0.68096,-0.48301,-0.47459,-0.72938,-1.1712,-1.5608,-2.0702,-2.4512,-2.6699,-2.7106,-2.6277,-2.54,-2.3752,-2.2779,-2.2081,-2.2448,-2.4108,-2.6888,-2.9587,-3.2698,-3.3701,-3.0235,-2.4873,-1.5797,-0.64877,-0.036878,0.56181,0.91957,1.0185,0.94528,0.59464,0.22667,-0.18557,-0.77049,-1.1432,-1.3081,-1.3582,-0.86653,-0.45221,0.42935,1.3257,2.2439,2.9106,3.6987,4.4111,4.8463,5.3326,5.6907,5.918,5.985,5.9839,5.8215,5.6026,5.1901,4.6113,4.0887,3.2675,2.2989,1.2238,0.34596,-0.89188,-2.2173,-3.2435,-4.6845,-6.2247,-7.4613,-9.2853,-11.061,-12.141,-12.503,-11.275,-9.9872,-8.3036,-6.7067,-5.1459,-3.6722,-2.6794,-1.6204,-0.50185,0.074299,0.75264,1.1961,1.3043,1.2767,0.8628,0.17672,-0.53625,-1.6448,-2.5147,-2.861,-2.6583,-2.0945,-1.643,-1.2064,-1.0412,-1.1619,-1.419,-1.9209,-2.5389,-3.0366,-3.6451,-4.1176,-4.306,-3.8492,-3.298,-2.1936,-1.2511,-0.28597,0.7383,1.1887,1.6486,1.8279,1.6724,1.2315,0.57685,-0.82445,-2.0972,-4.4981,-8.3129,-12.218,-20.867,-15.293,-10.071,-8.0684,-6.6148,-5.9872,-6.0686,-6.6264,-7.4498,-8.8816
0.84046,0.71982,0.61227,0.56425,0.64897,0.82328,1.1003,1.3348,1.6369,1.9433,2.1938,2.357,2.4983,2.5517,2.5122,2.3251,1.9411,1.4945,0.6381,-0.61467,-2.396,-4.1676,-7.3483,-11.251,-13.092,-11.035,-8.0338,-6.4156,-5.0125,-4.243,-3.9188,-3.8635,-4.0079,-4.3044,-4.5707,-5.0438,-5.7011,-6.6481,-7.5925,-9.2024,-11.556,-12.878,-13.72,-12.416,-11.031,-9.3103,-7.9712,-6.9923,-6.3921,-5.8289,-5.4102,-5.2238,-5.15,-5.2253,-5.442,-5.7909,-6.4106,-7.1577,-7.9038,-9.2087,-11.055,-13.079,-16.096,-15.781,-11.625,-8.8207,-5.8968,-3.7729,-2.544,-1.3383,-0.52199,-0.12312,0.16253,0.21178,0.044954,-0.18177,-0.59752,-1.119,-1.5551,-2.1368,-2.753,-3.0846,-3.3593,-3.3086,-2.9587,-2.5554,-1.9116,-1.2987,-0.86423,-0.33966,0.13397,0.58474,0.8909,1.2744,1.558,1.7004,1.7554,1.6397,1.4728,1.052,0.71424,0.11477,-0.25097,-0.65695,-0.92035,-1.1018,-1.0149,-0.88109,-0.65555,-0.22313,0.23047,0.78766,1.1714,1.7051,2.2062,2.5457,2.9393,3.2531,3.4765,3.5794,3.6025,3.5544,3.4254,3.1512,2.7559,2.3613,1.712,0.90557,-0.040975,-0.83322,-1.9828,-3.1271,-4.01,-5.0551,-5.9942,-6.5942,-7.1127,-7.353,-7.592,-7.4557,-7.0403,-6.5211,-6.1544,-5.2654,-4.4737,-3.7407,-3.0593,-2.1956,-1.3592,-0.70298,0.059946,0.74034,1.1499,1.5373,1.7518,1.8014,1.72,1.5812,1.323,1.156,0.90177,0.58674,0.32378,-0.16669,-0.82498,-1.6969,-2.3789,-3.267,-3.9826,-4.172,-4.0841,-3.5245,-2.6655,-1.9182,-1.183,0.025434,0.53395,1.3809,2.043,2.4255,2.6817,2.8041,2.5343,2.2797,1.5235,0.53792,-0.41701,-2.1189,-3.8775,-5.3599,-6.4096,-6.5111,-5.6042,-4.9657,-4.2608,-3.9778,-4.0061,-4.3232,-4.8725,-6.1849
-2.5783,-3.113,-3.5655,-3.4325,-2.951,-1.9187,-0.78712,0.047852,1.0355,1.8553,2.5114,2.8832,3.2376,3.4157,3.4252,3.2725,2.9015,2.4525,1.6028,0.40117,-1.1966,-2.6939,-5.1435,-7.5187,-8.46,-7.4669,-5.5699,-4.2002,-2.8472,-1.8956,-1.3206,-1.0804,-0.93435,-1.0308,-1.2035,-1.6092,-2.1351,-2.8477,-3.4485,-4.3642,-5.2944,-5.9943,-6.6621,-7.2555,-7.5798,-7.9805,-8.327,-8.4715,-8.3795,-7.8858,-7.1082,-6.4194,-5.5554,-4.8952,-4.5145,-4.249,-4.1732,-4.3133,-4.5242,-4.9166,-5.3024,-5.5452,-5.6336,-5.321,-4.5754,-3.8347,-2.769,-1.7386,-1.0439,-0.26955,0.31207,0.63554,0.87257,0.89951,0.72529,0.44318,-0.14618,-1.0144,-1.8438,-3.4201,-5.4162,-7.284,-9.6858,-9.7456,-7.2645,-5.178,-2.8412,-1.0482,0.010104,1.1019,1.9228,2.4894,2.7769,2.9829,2.9864,2.84,2.4719,1.8772,1.2782,0.3569,-0.80164,-1.9643,-2.7713,-3.5941,-4.1856,-4.2339,-4.0601,-3.877,-3.5419,-3.2865,-2.9331,-2.5928,-2.3086,-1.8537,-1.405,-1.0397,-0.60112,-0.24591,0.009547,0.16745,0.28061,0.34013,0.36747,0.32828,0.20759,0.0094052,-0.41973,-1.0787,-2.0285,-2.9286,-4.4007,-6.0964,-7.3755,-8.7909,-9.3264,-9.1214,-8.4481,-7.7528,-7.0638,-6.5785,-6.3756,-5.887,-5.8909,-5.9078,-5.8912,-5.7426,-5.613,-4.8159,-3.8814,-2.9174,-1.5423,-0.31206,0.58618,1.5236,2.2939,2.8079,3.0836,3.2675,3.2647,3.1458,2.7964,2.2568,1.6708,0.62439,-0.80045,-2.6961,-4.5928,-7.9318,-12.09,-13.388,-9.9905,-6.3577,-3.638,-2.2588,-0.51818,0.75184,1.5101,2.4752,3.0535,3.4612,3.8132,3.9053,3.8846,3.7262,3.2968,2.8394,2.3079,1.7219,0.98233,0.59747,0.12835,-0.13103,-0.27023,-0.3311,-0.3957,-0.59097,-0.79397,-1.2842,-2.1526,-2.8221
-8.3805,-11.248,-17.309,-17.915,-12.423,-7.6028,-4.4675,-2.7836,-1.0203,0.26519,1.2517,1.8138,2.3805,2.7516,2.9129,2.9693,2.8512,2.6454,2.2197,1.648,0.9553,0.40208,-0.31381,-0.85011,-1.068,-1.1003,-0.85514,-0.57898,-0.17551,0.20385,0.4862,0.607,0.675,0.62322,0.4829,0.18381,-0.2325,-0.77544,-1.2627,-2.0173,-2.7863,-3.5887,-4.65,-6.0085,-7.1929,-9.2616,-12.149,-16.3,-19.118,-16.139,-11.8,-9.4297,-7.0933,-5.5142,-4.6145,-3.8448,-3.2958,-3.0218,-2.894,-2.8637,-2.8772,-2.8681,-2.8368,-2.696,-2.4704,-2.212,-1.8225,-1.3678,-1.0306,-0.59382,-0.20211,0.036111,0.23888,0.30024,0.19955,-0.021133,-0.51517,-1.3067,-2.1284,-3.6139,-5.6538,-7.6697,-10.435,-10.49,-7.3997,-5.0118,-2.4447,-0.50546,0.61956,1.7642,2.5856,3.0998,3.3181,3.3512,3.131,2.7698,2.0456,0.97728,-0.086168,-1.8435,-4.3895,-7.2009,-10.196,-14.023,-14.543,-12.569,-10.723,-9.5116,-8.9879,-8.9987,-9.1123,-9.452,-9.3554,-8.7946,-7.866,-7.0976,-6.259,-5.7507,-5.5692,-5.5906,-5.6112,-5.5774,-5.2895,-4.6958,-4.0653,-3.6978,-3.4905,-3.6792,-4.3841,-5.2842,-7.1687,-10.11,-13.56,-23.205,-24.03,-16.099,-11.744,-9.4357,-7.9063,-7.3224,-7.1216,-7.2516,-7.57,-8.7713,-10.491,-12.711,-14.963,-15.123,-11.193,-8.3851,-5.1968,-2.7301,-1.2232,0.38639,1.6464,2.5603,3.0838,3.4891,3.6888,3.6416,3.3873,2.879,2.2964,1.2779,-0.078397,-1.7976,-3.4416,-5.8051,-8.0711,-8.5412,-7.3831,-5.2192,-3.2707,-2.1634,-0.53435,0.44416,1.2625,2.1356,2.7498,3.1201,3.5083,3.6374,3.7231,3.5837,3.4311,3.0904,2.8379,2.5479,2.2052,2.0738,1.8258,1.7497,1.6136,1.5568,1.4079,1.2004,0.97226,0.52573,-0.04782,-0.71
-8.4276,-9.2281,-10.024,-9.6491,-8.5279,-6.5475,-4.6869,-3.4866,-2.1855,-1.1238,-0.27765,0.26364,0.87208,1.3749,1.6791,1.9671,2.122,2.1442,2.0727,1.8926,1.6233,1.3897,1.1271,0.86657,0.77342,0.69001,0.74439,0.80082,0.93814,1.0673,1.1804,1.2391,1.2315,1.1743,1.0641,0.86595,0.53192,0.12289,-0.28107,-0.90917,-1.6234,-2.2855,-3.3138,-4.5309,-5.622,-7.3301,-9.351,-11.316,-12.101,-11.281,-9.255,-7.7145,-6.0036,-4.6758,-3.9374,-3.2259,-2.7743,-2.5408,-2.4748,-2.4884,-2.623,-2.7634,-2.9697,-3.1632,-3.3299,-3.4035,-3.3835,-3.2216,-3.0009,-2.5818,-2.0953,-1.7543,-1.3327,-1.0136,-0.84735,-0.81817,-0.90179,-1.111,-1.3674,-1.6765,-2.0783,-2.2629,-2.3206,-1.9522,-1.2377,-0.51427,0.50035,1.4769,2.1246,2.8414,3.3558,3.6652,3.7508,3.6632,3.3305,2.9166,2.0811,0.92566,-0.19736,-2.1399,-4.4491,-7.7109,-10.305,-13.505,-14.665,-13.35,-12.69,-11.895,-12.469,-13.442,-16.144,-21.218,-28.724,-21.337,-15.211,-12.636,-10.783,-10.109,-10.576,-11.938,-14.98,-18.825,-16.787,-11.706,-8.3252,-6.6426,-5.221,-4.5349,-4.4278,-4.6988,-5.4166,-6.5234,-7.4119,-8.3706,-8.5907,-8.2412,-7.5218,-6.9105,-6.3596,-6.4551,-6.4272,-7.3646,-7.8786,-9.2304,-11.05,-12.987,-14.658,-14.247,-11.763,-9.0066,-6.0558,-3.4251,-1.8497,-0.053997,1.3592,2.4529,3.0603,3.6137,3.9101,3.9564,3.8304,3.4615,3.076,2.3952,1.5328,0.56054,-0.18829,-1.1502,-1.9097,-2.3064,-2.5244,-2.4442,-2.1445,-1.7925,-1.0191,-0.44709,0.28679,0.91227,1.7339,2.1143,2.4817,2.6795,2.5985,2.4166,2.1151,1.578,1.3176,0.85144,0.77862,0.73791,0.93606,1.1984,1.4723,1.6484,1.7595,1.7864,1.6828,1.4996,1.2399,0.62774
-6.1963,-5.387,-4.7051,-3.9644,-3.5256,-2.9451,-2.5288,-2.278,-2.0893,-1.9252,-1.6861,-1.3662,-0.74229,0.01839,0.58698,1.2536,1.7287,1.9469,2.0434,1.9392,1.7102,1.4882,1.1833,0.95258,0.83144,0.82374,0.88785,1.0073,1.1742,1.3223,1.436,1.5043,1.5589,1.545,1.5261,1.4309,1.2747,1.0157,0.76764,0.33652,-0.25187,-0.64805,-1.3364,-1.9912,-2.5192,-3.1381,-3.6736,-3.9482,-4.0149,-3.7842,-3.338,-2.9018,-2.3617,-1.886,-1.659,-1.4474,-1.4745,-1.6353,-1.8855,-2.2911,-2.7999,-3.2503,-3.9125,-4.7136,-5.5877,-6.3084,-7.1008,-7.3913,-7.0382,-5.9872,-4.6963,-3.7651,-2.7268,-1.9841,-1.504,-1.2588,-1.0505,-0.86368,-0.68071,-0.41976,0.0068816,0.37747,0.95364,1.5753,2.2361,2.723,3.3368,3.8946,4.2503,4.6379,4.9,5.0489,5.0661,4.9876,4.731,4.4232,3.8039,2.965,2.1571,0.91057,-0.70423,-2.2689,-3.5963,-5.2797,-6.6023,-7.6713,-8.658,-9.7709,-10.403,-11.345,-12.183,-12.941,-12.975,-12.035,-10.343,-9.2309,-8.0605,-7.5551,-7.7469,-8.3254,-9.4926,-10.103,-9.4005,-7.411,-5.3089,-4.0177,-2.7383,-1.9066,-1.4399,-1.2934,-1.2798,-1.4412,-1.5904,-1.8283,-1.9974,-2.1303,-2.2553,-2.3963,-2.8694,-3.2204,-3.983,-4.9606,-5.9429,-7.1424,-8.4177,-9.3391,-9.2831,-8.7996,-7.1082,-5.7303,-3.5895,-1.5705,-0.1725,1.4765,2.7928,3.8324,4.3948,4.9529,5.2039,5.2715,5.141,4.8449,4.5189,3.9664,3.3285,2.6177,2.0697,1.2551,0.43859,-0.24694,-1.1425,-2.1608,-3.0831,-3.3889,-3.6937,-2.5394,-1.5719,-0.15941,1.0967,1.8609,2.4577,2.7184,2.4281,2.0315,0.83415,-0.55181,-2.0339,-3.5997,-3.9211,-3.1477,-1.4074,0.010661,1.1848,1.7562,2.3007,2.5473,2.622,2.5712,2.3445,2.185
-2.0339,-0.90593,0.16209,0.69347,0.87336,0.71654,0.1704,-0.60701,-2.1323,-4.3797,-6.6366,-6.8917,-4.6357,-1.9296,-0.31361,1.2401,2.1848,2.5501,2.606,2.2379,1.4963,0.76672,-0.344,-1.1184,-1.3665,-1.0487,-0.40689,0.11691,0.63888,0.96126,1.0896,1.1008,1.1636,1.2765,1.4158,1.5972,1.7649,1.7645,1.6693,1.37,0.87564,0.45886,-0.075554,-0.52046,-0.69214,-0.73431,-0.52938,-0.22409,0.084839,0.47422,0.84161,1.0467,1.239,1.2431,1.141,0.77994,0.21157,-0.59358,-1.2984,-2.3758,-3.3869,-4.0992,-5.0179,-6.088,-7.6402,-9.5183,-14.076,-27.672,-18.745,-10.292,-6.2144,-4.2834,-2.6411,-1.7969,-1.5196,-1.6234,-1.9721,-2.2225,-1.9991,-1.1538,0.28188,1.3719,2.7477,3.8695,4.7625,5.2662,5.7697,6.0782,6.2146,6.301,6.3509,6.3971,6.4558,6.5295,6.5773,6.5405,6.3972,6.0343,5.6317,4.8633,3.8911,2.6117,1.5036,-0.20904,-2.244,-4.0584,-6.5636,-9.2669,-9.9586,-9.6095,-7.7535,-6.1998,-5.009,-3.736,-2.5418,-1.8394,-1.0483,-0.52361,-0.21662,-0.030867,0.042094,0.24671,0.46037,0.87756,1.3514,1.7219,2.1364,2.4943,2.7507,2.9045,3.0234,3.1242,3.1406,3.1326,3.0247,2.884,2.585,2.1407,1.4813,0.90501,-0.36693,-1.6082,-3.2314,-5.6019,-8.9171,-14.177,-16.401,-11.457,-6.7059,-3.8438,-0.99621,1.3712,2.7863,4.3876,5.6019,6.4914,6.9461,7.2856,7.3497,7.2258,6.8749,6.3684,5.898,5.2458,4.6283,4.0304,3.5793,2.9587,2.1586,1.4142,-0.013855,-2.09,-5.551,-10.877,-31.297,-7.6558,-3.6113,0.28488,2.5424,3.6945,4.7211,5.0363,4.8914,4.2413,2.8851,0.37157,-2.2201,-7.8159,-8.8734,-5.0186,-0.93063,1.3907,2.8004,3.3994,3.8167,3.8493,3.7487,3.4233,3.0706,2.9569
2.8077,3.1771,3.6148,3.666,3.5452,2.9943,2.0565,0.9669,-0.99702,-3.7878,-6.7932,-7.3411,-4.7823,-1.9499,-0.34502,1.1211,1.9403,2.1545,1.9462,1.1317,-0.51115,-2.418,-6.6584,-15.333,-18.789,-8.7849,-4.6928,-3.1174,-2.1616,-2.1403,-2.877,-3.7959,-4.8321,-4.6279,-3.682,-2.1357,-0.94138,-0.3164,-0.25468,-0.64728,-1.5884,-2.7243,-4.3723,-5.7437,-5.7853,-4.605,-2.8575,-1.3632,-0.41063,0.5079,1.1632,1.4374,1.615,1.4607,1.1789,0.39591,-0.72394,-2.4493,-4.0735,-7.0198,-9.9946,-11.269,-10.35,-8.7447,-7.8019,-7.5353,-7.5513,-7.2945,-6.5723,-5.0562,-3.4678,-2.5137,-1.7481,-1.6172,-2.257,-3.4668,-6.4828,-13.47,-24.229,-8.7323,-2.8583,-0.27743,2.107,3.6616,4.6293,5.0245,5.1878,4.9332,4.5378,3.8019,3.103,2.7754,2.9751,3.6986,4.6777,5.3357,6.0409,6.4111,6.4947,6.2714,5.8595,4.8855,4.118,2.591,0.54367,-1.2696,-4.8898,-9.3199,-11.599,-8.4986,-4.5317,-1.9715,-0.42889,1.0549,2.1909,2.8501,3.5263,3.9819,4.2562,4.3748,4.4189,4.3677,4.2526,4.0636,3.801,3.5846,3.2934,3.0695,2.9663,3.0175,3.2075,3.5222,3.7606,4.0619,4.2224,4.2676,4.1019,3.7105,3.182,2.5395,1.3799,0.20787,-1.1209,-2.9327,-4.8945,-6.8374,-6.9322,-5.7413,-3.2289,-1.3632,0.94355,2.8932,4.1394,5.4651,6.4575,7.0752,7.3286,7.3097,6.9651,6.4165,5.437,4.1031,3.0367,1.69,0.83643,0.65662,0.81424,1.181,1.3385,1.3228,0.94465,0.34994,-0.43541,-0.78663,-0.80185,0.60276,1.5983,3.4586,4.938,5.8412,6.7138,7.1061,7.2097,6.9362,6.464,5.5356,4.9471,4.099,3.743,3.74,3.9826,4.2307,4.2109,4.0398,3.4475,2.4947,1.4956,-0.070052,-1.4697,-2.3608
3.4258,3.5387,3.57,3.4406,3.1972,2.6985,1.9918,1.3665,0.44435,-0.43669,-1.0722,-1.2908,-1.2328,-0.86185,-0.5063,-0.071486,0.18536,0.2171,-0.0065231,-0.58962,-1.5559,-2.5085,-4.0172,-5.1816,-5.5551,-5.0928,-4.4053,-4.0251,-4.1071,-5.0317,-7.0266,-9.7465,-15.458,-15.211,-10.628,-6.6797,-4.5764,-3.5327,-3.3716,-3.9512,-5.2547,-7.1151,-10.846,-16.968,-17.266,-11.387,-7.5893,-5.2149,-4.0181,-2.8852,-2.151,-1.7913,-1.5892,-1.641,-1.8915,-2.5083,-3.5761,-5.1578,-6.8133,-9.734,-13.245,-14.36,-12.276,-9.5559,-7.5592,-6.444,-5.3033,-4.3915,-3.773,-3.041,-2.3897,-1.9937,-1.7116,-1.7172,-2.0787,-2.5545,-3.3608,-3.9955,-3.9095,-3.0048,-1.445,-0.28574,1.0059,1.885,2.3106,2.3369,1.9038,0.89053,-0.37302,-3.0357,-7.8614,-17.943,-12.442,-4.9534,-1.0981,0.81101,2.5063,3.6041,4.1116,4.4617,4.444,4.2015,3.8076,3.1001,2.2668,1.4641,0.62637,-0.18756,-0.28017,-0.18274,0.46325,1.276,1.8772,2.6423,3.2443,3.6294,3.9814,4.182,4.2152,4.0908,3.8508,3.3735,2.9058,2.0624,0.97921,-0.030113,-1.561,-3.1729,-4.2316,-4.2564,-3.233,-1.8021,-0.77959,0.31016,1.072,1.4229,1.6175,1.4996,1.0724,0.54029,-0.25867,-1.4055,-2.2244,-3.4817,-4.4335,-4.9999,-4.8646,-4.2022,-2.8129,-1.7373,-0.046327,1.4086,2.4533,3.5041,4.294,4.6861,4.7557,4.4628,3.7231,2.8263,1.0452,-1.6152,-4.5273,-10.925,-21.75,-10.77,-6.9599,-4.2179,-2.641,-1.9203,-1.2318,-0.77236,-0.27283,0.2753,0.8173,1.9477,2.5928,3.8018,4.7013,5.4173,6.0849,6.572,6.7594,6.825,6.6365,6.4059,6.0254,5.634,5.0571,4.7367,4.0914,3.465,2.5853,1.82,0.44183,-1.362,-3.1878,-6.5427,-12.673,-19.928
3.1141,3.2689,3.2265,3.0356,2.7406,2.2338,1.5573,0.99995,0.19508,-0.55664,-1.2057,-1.5742,-1.8824,-1.944,-1.8626,-1.6409,-1.3763,-1.1867,-1.0252,-0.98925,-1.0471,-1.1689,-1.3147,-1.4901,-1.5459,-1.6084,-1.6596,-1.7725,-2.0521,-2.5424,-3.2098,-3.6896,-4.2149,-4.2235,-3.9554,-3.3786,-2.8664,-2.6241,-2.651,-3.0467,-3.7523,-4.4957,-5.5121,-6.3476,-6.6432,-6.6307,-6.3401,-5.9685,-5.7338,-5.4385,-5.1848,-4.9526,-4.6667,-4.3762,-4.2699,-4.199,-4.4117,-4.7751,-5.1907,-5.7092,-6.1294,-6.2523,-6.0533,-5.5709,-4.9077,-4.411,-3.7447,-3.1248,-2.6979,-2.1673,-1.7043,-1.4175,-1.0882,-0.86638,-0.73074,-0.64101,-0.53703,-0.36572,-0.18183,0.23846,0.66369,1.0191,1.3954,1.6161,1.6041,1.4159,0.89487,0.059226,-0.79278,-2.1669,-3.5326,-4.2748,-3.9803,-2.6937,-1.0665,0.03736,1.2869,2.222,2.7337,3.227,3.4205,3.5719,3.4777,3.3585,3.1381,2.9692,2.7713,2.6845,2.6226,2.7285,2.8663,3.1332,3.3056,3.5515,3.7473,3.837,3.8714,3.7955,3.5904,3.3435,2.8362,2.1316,1.4479,0.2387,-1.3741,-2.972,-5.8789,-10.535,-19.813,-18.633,-10.365,-6.2188,-4.2488,-2.4296,-1.2635,-0.73042,-0.32913,-0.28837,-0.6632,-1.1041,-1.9627,-3.4469,-4.605,-6.8203,-9.5064,-11.641,-11.839,-8.9854,-5.9859,-3.8922,-1.6865,0.13043,1.1739,2.284,3.0022,3.3907,3.4122,3.1605,2.478,1.758,0.35776,-1.3679,-2.8838,-4.7773,-5.9629,-6.0247,-5.5387,-4.9806,-4.5356,-4.4049,-4.1968,-3.8594,-3.0965,-2.319,-0.88863,0.45493,1.6034,2.8719,4.0769,4.7652,5.5333,6.1024,6.3987,6.5143,6.4243,6.1956,5.9003,5.3691,4.73,4.0998,3.2244,2.1333,1.0057,0.014069,-1.3063,-2.7423,-3.7923,-5.1276,-6.0735,-6.6159
3.179,3.3055,3.2515,2.9049,2.5059,1.7548,0.80227,-0.048248,-1.3127,-2.6745,-4.0286,-4.9062,-5.6446,-5.7638,-5.4517,-4.6944,-3.7589,-3.0655,-2.212,-1.4678,-0.86255,-0.48506,-0.056029,0.2586,0.46131,0.63208,0.74749,0.76124,0.71792,0.61994,0.45572,0.36312,0.23949,0.17155,0.16269,0.16438,0.1414,0.010181,-0.1676,-0.49396,-1.0633,-1.4894,-2.2255,-3.0084,-3.6546,-4.5807,-5.6384,-6.8916,-7.9129,-9.279,-10.052,-9.9223,-8.7749,-7.3484,-6.325,-5.2829,-4.498,-4.039,-3.8194,-3.6694,-3.5977,-3.5691,-3.5288,-3.4356,-3.3177,-3.1809,-2.9584,-2.6592,-2.3986,-1.9965,-1.581,-1.277,-0.86375,-0.47256,-0.091069,0.17207,0.52446,0.87651,1.1208,1.4463,1.7094,1.8593,1.9657,1.9556,1.8116,1.5999,1.2223,0.73146,0.34062,-0.14641,-0.49824,-0.6268,-0.55473,-0.21072,0.29802,0.72062,1.2854,1.7818,2.0875,2.3886,2.653,2.7398,2.8635,2.9488,3.0126,3.136,3.1878,3.3499,3.4012,3.5442,3.6383,3.6982,3.7397,3.7311,3.6867,3.6015,3.4487,3.2217,2.9182,2.6561,2.1509,1.5426,0.95233,0.022759,-1.1122,-2.0841,-3.4497,-4.7354,-5.529,-5.6292,-5.0452,-4.0756,-3.269,-2.3125,-1.5456,-1.1379,-0.84384,-0.82598,-1.0245,-1.4277,-2.2442,-3.4349,-4.6103,-6.6346,-9.4964,-12.113,-12.116,-8.9635,-5.4589,-3.4353,-1.1812,0.53766,1.5307,2.5613,3.2156,3.5772,3.6421,3.479,3.0721,2.5798,1.8145,0.87005,0.15793,-0.79042,-1.6908,-2.4735,-3.1224,-4.0428,-5.3771,-6.725,-9.4208,-12.499,-11.598,-8.449,-4.1262,-1.3881,0.585,2.3425,3.8888,4.7021,5.5839,6.1462,6.4972,6.5407,6.4892,6.1139,5.7899,5.0539,4.1911,3.3604,2.1352,0.7039,-0.91118,-2.1343,-3.7472,-5.0229,-5.7088,-6.0177,-5.7747,-5.4309
3.6981,3.6663,3.4141,2.8489,2.2512,1.1721,-0.19883,-1.4622,-3.4966,-6.1028,-9.5348,-12.924,-18.227,-16.886,-13.329,-9.7884,-7.2711,-5.7874,-4.1243,-2.7059,-1.5258,-0.74091,0.11781,0.86033,1.2842,1.7573,2.0726,2.2445,2.3694,2.4099,2.4112,2.3677,2.345,2.3013,2.2782,2.2266,2.1394,1.9991,1.8212,1.4932,1.0261,0.58855,-0.16283,-1.0967,-1.9561,-3.3461,-5.1125,-7.4954,-9.918,-14.939,-26.179,-22.044,-13.5,-9.3958,-7.373,-5.5051,-4.1908,-3.3521,-2.9292,-2.6589,-2.6145,-2.7086,-2.9984,-3.405,-3.8599,-4.1475,-4.3832,-4.3622,-4.1606,-3.7288,-3.183,-2.7334,-2.1748,-1.6121,-1.0503,-0.63744,-0.07564,0.46327,0.85613,1.2537,1.595,1.7364,1.8089,1.7089,1.4478,1.1615,0.66716,0.10579,-0.31234,-0.78713,-1.1044,-1.1671,-1.0631,-0.76811,-0.39388,-0.077534,0.25814,0.50723,0.61458,0.64085,0.66029,0.5874,0.66802,0.81252,1.1455,1.4216,1.8818,2.242,2.5539,2.7657,2.9213,2.8939,2.8163,2.6054,2.3102,2.0811,1.7729,1.4999,1.2577,1.0694,0.83383,0.49751,0.17193,-0.35428,-1.0044,-1.5246,-2.2502,-2.8513,-3.2648,-3.4002,-3.324,-3.0042,-2.6501,-2.1552,-1.6698,-1.3543,-1.085,-0.98945,-1.0472,-1.2045,-1.6359,-1.9734,-2.4766,-2.9773,-3.3632,-3.3342,-3.1076,-2.2197,-1.1467,-0.1534,1.0491,2.1435,2.8418,3.5522,4.0352,4.2374,4.2567,4.0506,3.6671,3.2494,2.6075,1.8846,1.3072,0.54368,-0.18296,-0.92709,-1.5546,-2.4894,-3.7229,-4.8932,-6.7697,-8.3489,-7.6257,-5.7856,-2.5946,-0.17692,1.4654,3.1705,4.4188,5.2265,5.9669,6.4114,6.6161,6.5973,6.3752,5.9409,5.407,4.5862,3.4288,2.4803,0.82774,-1.1074,-3.5497,-5.8204,-9.608,-14.104,-15.322,-12.487,-9.4502,-7.0019
4.4542,4.242,3.6859,2.9005,2.1078,0.82381,-0.75713,-2.1495,-4.2673,-6.7561,-9.5536,-11.762,-13.972,-14.184,-13.149,-11.31,-9.4778,-8.1286,-6.3217,-4.5834,-2.9132,-1.787,-0.45299,0.62163,1.2748,1.9369,2.3678,2.5677,2.6832,2.6615,2.5774,2.4895,2.4049,2.4014,2.4412,2.5502,2.6641,2.7384,2.731,2.5681,2.3027,1.9161,1.2832,0.42451,-0.35919,-1.5847,-3.0321,-4.6016,-5.8383,-7.2873,-8.1135,-8.1339,-7.3272,-6.0884,-5.0959,-3.8896,-2.9492,-2.2495,-1.9546,-1.8131,-2.0438,-2.4703,-3.3903,-4.7978,-6.6824,-8.3541,-10.268,-10.529,-9.5618,-7.935,-6.6039,-5.8847,-5.2186,-4.6831,-4.0727,-3.4585,-2.5009,-1.4849,-0.77325,0.022623,0.58471,0.84195,0.94593,0.76984,0.30419,-0.22275,-1.1867,-2.4,-3.4359,-4.8035,-5.6893,-5.6532,-5.0377,-3.943,-2.8768,-2.2693,-1.747,-1.6302,-1.7979,-2.326,-3.3199,-4.1387,-4.7639,-4.6076,-3.5286,-2.5478,-1.1009,-0.038624,0.605,1.1073,1.2812,1.162,0.82574,0.17176,-0.71775,-1.4214,-2.2393,-2.6274,-2.5137,-2.2513,-1.7977,-1.5345,-1.4712,-1.6742,-2.1541,-2.6802,-3.5588,-4.4957,-5.2943,-5.6024,-5.5571,-4.977,-4.3981,-3.5427,-2.8331,-2.4046,-1.9754,-1.7192,-1.7049,-1.7034,-1.7802,-1.9164,-1.9778,-1.9807,-1.7351,-1.3583,-0.82472,-0.040768,0.90074,1.6492,2.5851,3.4346,3.9586,4.4707,4.7644,4.7971,4.6457,4.2361,3.5568,2.9539,1.976,1.0032,0.33543,-0.35284,-0.74883,-0.94154,-0.94878,-1.006,-1.0343,-1.056,-0.99428,-0.68892,-0.090813,0.55604,1.6404,2.8823,3.6125,4.6879,5.4836,5.978,6.4186,6.6492,6.5987,6.4645,5.9978,5.3945,4.7603,3.7842,2.6327,1.5862,0.090448,-1.7687,-3.8959,-5.8153,-8.7278,-11.423,-12.227,-10.865,-9.0606,-7.0018
5.3697,4.9881,4.2348,3.221,2.2817,0.81609,-0.89885,-2.2963,-4.2571,-6.2007,-7.9835,-9.1552,-10.473,-11.541,-12.248,-13.103,-13.437,-12.704,-10.272,-7.3058,-4.5429,-2.7994,-0.91273,0.51411,1.332,2.0516,2.4411,2.4871,2.2879,1.8153,1.1206,0.6091,0.05664,-0.0013945,0.31143,1.0584,1.8913,2.5814,2.9597,3.2331,3.208,3.0191,2.5381,1.8016,1.1112,0.011888,-1.2201,-2.4985,-3.4002,-4.382,-4.9317,-4.9764,-4.5902,-3.8142,-3.1021,-2.1289,-1.289,-0.64876,-0.35836,-0.24629,-0.5221,-1.0264,-2.1531,-3.9614,-6.6942,-9.6899,-14.942,-15.3,-12.125,-9.2653,-7.9917,-7.9186,-8.7337,-10.486,-11.579,-10.227,-6.9896,-4.1851,-2.6172,-1.0706,-0.1555,0.24068,0.37236,0.12591,-0.49189,-1.2355,-2.6149,-4.648,-6.8159,-11.402,-22.994,-17.835,-11.302,-6.9698,-4.5099,-3.403,-2.6062,-2.5221,-2.922,-4.1548,-6.4263,-10.948,-17.672,-20.305,-9.7118,-6.2774,-3.2978,-1.3928,-0.56841,0.18511,0.32183,-0.0037986,-0.6149,-2.025,-4.2517,-6.816,-11.861,-15.142,-9.9985,-6.9002,-4.4642,-3.0506,-2.543,-2.455,-2.9769,-3.8169,-5.5449,-8.3071,-12.463,-15.853,-14.135,-9.8488,-7.5643,-5.4889,-4.1865,-3.5944,-3.1459,-2.9962,-3.0583,-3.2574,-3.4692,-3.9789,-4.0513,-4.1248,-3.782,-2.913,-1.9728,-0.54109,0.99836,2.0035,3.2933,4.2978,4.8968,5.4421,5.6643,5.5843,5.2709,4.5338,3.371,2.1803,0.15406,-2.4007,-4.3399,-5.8281,-5.0426,-3.2661,-2.0469,-0.76142,0.20181,0.78368,1.4484,2.0823,2.732,3.3046,3.9419,4.775,5.2593,5.9098,6.4541,6.6855,6.8713,6.843,6.581,6.199,5.5403,4.5717,3.8383,2.5957,1.3771,0.45887,-0.70344,-1.7068,-2.7517,-3.3978,-4.2904,-5.0011,-5.3279,-5.6904,-5.8404,-6.0638
5.8638,5.4012,4.5692,3.3872,2.2766,0.4784,-1.7419,-3.6322,-6.4211,-9.0262,-10.705,-11.189,-11.404,-11.806,-12.623,-14.968,-19.534,-20.39,-13.262,-8.0158,-4.3994,-2.3417,-0.31477,1.1752,1.9541,2.5883,2.7963,2.6295,1.9622,0.68936,-1.5098,-3.9543,-9.0522,-11.152,-6.8,-2.2974,0.49039,2.2422,3.0954,3.8009,3.9789,3.9124,3.4789,2.7121,1.9416,0.63013,-0.9919,-2.965,-4.6507,-7.0491,-8.8232,-8.7525,-7.0301,-4.7432,-3.2018,-1.4333,-0.068723,0.93324,1.4721,1.8733,1.9443,1.79,1.294,0.50058,-0.49172,-1.2895,-2.2044,-2.774,-2.9838,-3.2218,-3.719,-4.4727,-6.1698,-8.7132,-10.548,-9.2308,-5.9032,-3.2053,-1.7382,-0.41887,0.246,0.462,0.34402,-0.099383,-0.78353,-1.4414,-2.4367,-3.5487,-4.4387,-5.5139,-6.1281,-5.7509,-4.895,-3.5096,-2.2829,-1.5801,-1.071,-0.97727,-1.1941,-1.8966,-2.8061,-3.9795,-4.546,-4.598,-3.7282,-2.8909,-1.6198,-0.52235,-0.021735,0.53469,0.65362,0.39156,-0.029957,-1.0807,-2.5629,-3.9897,-5.8476,-6.5105,-5.4297,-4.1945,-2.7323,-1.7283,-1.3551,-1.2718,-1.696,-2.3704,-3.7148,-5.6405,-7.8676,-9.0087,-8.7668,-7.1165,-5.9059,-4.7935,-4.1789,-4.0776,-4.3031,-4.8841,-5.4998,-6.2075,-6.9736,-8.3518,-9.4045,-11.645,-13.38,-10.064,-6.8882,-2.9705,-0.037235,1.6954,3.5841,4.9616,5.7506,6.4576,6.7759,6.7288,6.4315,5.6445,4.3905,3.0345,0.57601,-2.9217,-6.5078,-10.001,-6.9396,-3.5123,-1.82,-0.24832,0.7356,1.2767,1.8289,2.3311,2.8954,3.4138,4.0481,4.8382,5.376,5.9996,6.5199,6.7076,6.81,6.6202,6.1769,5.5572,4.5716,3.0993,1.8196,-0.20265,-2.4031,-3.6072,-4.581,-4.2534,-3.7308,-3.298,-2.9772,-2.9675,-3.0907,-3.6471,-4.4468,-6.2445
4.9054,4.5348,3.8099,2.7009,1.5953,-0.29531,-2.8198,-5.261,-9.8001,-17.577,-24.254,-16.543,-12.043,-9.9034,-8.9748,-8.16,-7.393,-6.5833,-5.1167,-3.3989,-1.6685,-0.53156,0.79651,1.7996,2.3348,2.8012,2.9159,2.8028,2.3069,1.3766,0.01922,-1.2263,-2.789,-3.0279,-2.0357,-0.11066,1.6493,2.9215,3.5647,4.0132,4.0703,3.8941,3.3211,2.445,1.5716,0.12174,-1.6983,-3.9965,-6.1964,-10.078,-15.001,-14.664,-9.6148,-5.7169,-3.5672,-1.3479,0.32759,1.5773,2.3059,2.9974,3.4375,3.6232,3.677,3.579,3.3527,3.1351,2.8158,2.4872,2.231,1.8682,1.4204,1.0532,0.52399,0.085196,-0.12363,-0.05393,0.25444,0.64674,0.86727,0.94261,0.69489,0.2451,-0.63446,-1.8454,-3.2207,-4.1174,-4.8728,-4.8728,-4.5324,-3.8403,-3.0311,-2.2262,-1.6141,-0.84413,-0.21946,0.12952,0.38894,0.41056,0.28074,-0.087772,-0.5761,-0.9817,-1.4156,-1.6449,-1.7555,-1.5448,-1.333,-0.85269,-0.48727,-0.084743,0.28876,0.41489,0.41761,0.26831,-0.046422,-0.28968,-0.60496,-0.74856,-0.652,-0.53007,-0.26247,-0.070996,0.0078931,-0.0046499,-0.19684,-0.43127,-0.88152,-1.3965,-1.8849,-2.1767,-2.4378,-2.5956,-2.7375,-3.1314,-3.9027,-4.8098,-6.5794,-8.9422,-11.77,-12.793,-13.136,-11.834,-11.932,-12.401,-12.515,-9.7408,-6.564,-3.0399,-0.079593,1.7048,3.5922,5.0788,5.8983,6.7044,7.1693,7.2832,7.1782,6.7332,5.9836,5.2434,4.0395,2.7687,1.8941,1.0359,0.61069,0.48375,0.43066,0.29607,-0.061181,-0.43736,-0.99727,-1.4086,-1.2382,-0.69546,0.58998,1.794,2.9168,3.9101,4.7036,5.1203,5.3415,5.2015,4.6983,4.093,2.8002,1.1306,-0.75625,-4.0106,-9.0763,-17.131,-18.682,-9.5923,-5.8636,-4.3305,-2.9543,-2.2914,-2.158,-2.2919,-2.9439,-3.9911
2.8697,2.8099,2.367,1.6317,0.88812,-0.40275,-1.9506,-3.233,-5.0134,-6.4796,-7.1921,-7.1572,-6.5295,-5.6726,-5.0021,-4.1253,-3.2765,-2.6355,-1.7965,-0.95359,-0.18832,0.33391,0.94187,1.4052,1.7016,1.9925,2.189,2.2821,2.3282,2.2736,2.1887,2.1143,2.1233,2.306,2.5699,3.0129,3.4589,3.7864,3.9005,3.81,3.4982,3.0244,2.1945,1.1131,0.14798,-1.2631,-2.7339,-4.1639,-5.0758,-5.9742,-6.2553,-5.9644,-5.0257,-3.6552,-2.5318,-1.1323,0.16137,1.2485,1.9329,2.7236,3.3331,3.687,4.0527,4.3015,4.4498,4.5145,4.5393,4.5061,4.4444,4.3193,4.1526,4.0058,3.7961,3.5735,3.3609,3.1909,2.9444,2.6255,2.2758,1.604,0.64281,-0.3662,-2.1953,-4.8278,-8.9103,-13.918,-20.937,-12.191,-8.4522,-5.3876,-3.3585,-1.9354,-1.1466,-0.36042,0.16119,0.37552,0.49296,0.35196,0.091642,-0.39938,-1.1549,-2.0714,-2.7473,-3.7947,-4.6774,-5.0522,-5.0941,-4.6285,-3.8802,-2.962,-2.0354,-1.259,-0.86746,-0.43913,-0.21687,-0.13692,-0.10961,-0.17465,-0.30317,-0.38408,-0.53663,-0.66952,-0.71285,-0.73315,-0.67218,-0.58849,-0.47914,-0.38517,-0.34126,-0.38002,-0.50874,-0.81197,-1.1833,-1.9094,-3.0729,-4.2973,-6.5075,-9.8257,-14.339,-17.003,-13.833,-10.646,-8.852,-6.9906,-5.413,-3.7177,-2.5133,-0.74392,0.94329,2.0737,3.4533,4.6198,5.3393,6.104,6.6413,6.9389,6.9979,6.8951,6.5583,6.1822,5.5663,4.8071,4.2071,3.3533,2.4724,1.5013,0.70757,-0.6104,-2.2769,-3.9446,-7.1206,-12.395,-17.946,-12.253,-6.1148,-2.831,-0.8466,0.89124,2.0715,2.6849,3.0871,3.1387,2.7711,2.3515,1.4149,0.12214,-0.85309,-2.5343,-4.1016,-4.8528,-5.3083,-4.7943,-3.7847,-3.1068,-2.2651,-1.6449,-1.3696,-1.1715,-1.2606,-1.362
1.5385,1.6711,1.5566,1.1709,0.72951,-0.037808,-0.90938,-1.5856,-2.3978,-2.9955,-3.2963,-3.3072,-3.0581,-2.5709,-2.1305,-1.5073,-0.90901,-0.51302,-0.067464,0.23836,0.38428,0.41812,0.30582,0.16684,0.088767,0.11699,0.42663,0.78773,1.4243,2.1258,2.765,3.195,3.7031,4.115,4.3679,4.6093,4.7031,4.6369,4.4489,4.0181,3.2992,2.5655,1.3355,-0.23853,-1.6205,-3.672,-5.7558,-7.3569,-7.8476,-7.526,-6.5224,-5.6329,-4.3892,-3.171,-2.3096,-1.2368,-0.25779,0.63688,1.2452,1.9765,2.6303,3.0668,3.5975,4.0528,4.4526,4.7085,4.9964,5.2212,5.35,5.459,5.5106,5.4979,5.4272,5.2893,5.0823,4.8707,4.5026,4.0062,3.5376,2.7663,1.7561,0.85264,-0.62518,-2.416,-4.3619,-5.6478,-6.4229,-5.7178,-4.653,-3.1621,-1.9022,-0.8976,-0.32462,0.21876,0.53574,0.63745,0.56096,0.25546,-0.14709,-0.93639,-2.0304,-3.6506,-5.137,-7.9116,-11.724,-15.898,-16.429,-11.983,-9.0666,-6.3794,-4.5358,-3.1025,-2.3134,-1.548,-1.0167,-0.81454,-0.73169,-0.89974,-1.3424,-1.7928,-2.5795,-3.3343,-3.7481,-3.8057,-3.2137,-2.521,-1.4794,-0.55992,0.14724,0.52756,0.81429,0.85173,0.70918,0.30335,-0.33309,-0.96507,-1.9421,-3.0028,-3.8419,-4.0786,-4.1899,-3.7252,-3.1383,-2.3791,-1.5491,-0.78256,-0.14042,0.72533,1.5608,2.2771,3.1859,4.0738,4.7421,5.5122,6.1498,6.6277,6.8418,6.9576,6.8702,6.6611,6.2226,5.6042,5.0169,4.1087,3.029,1.8004,0.76537,-0.76999,-2.4792,-3.8598,-5.7763,-7.4447,-7.8459,-7.1129,-4.9213,-2.8776,-1.631,-0.017235,0.96466,1.4721,1.8397,1.8705,1.6303,1.173,0.56689,-0.28008,-0.98402,-1.7186,-2.4227,-2.7286,-2.8155,-2.7185,-2.3298,-1.9054,-1.39,-0.86261,-0.49495,-0.15183,0.15767,0.27038
1.5217,1.6975,1.7666,1.5116,1.109,0.38928,-0.54518,-1.331,-2.2889,-2.9755,-3.1221,-2.8235,-2.0675,-1.1091,-0.38859,0.46897,1.145,1.4961,1.7396,1.6682,1.2621,0.67403,-0.51375,-2.184,-3.6924,-5.1589,-4.5037,-2.8346,-0.44901,1.5573,3.0974,4.016,4.9394,5.5912,5.9208,6.1724,6.2116,6.0252,5.7334,5.1394,4.2229,3.3702,1.8684,-0.10777,-1.9891,-5.3397,-10.519,-22.335,-22.563,-11.929,-7.9031,-6.0246,-4.2663,-3.056,-2.3485,-1.5528,-0.90634,-0.26236,0.2221,0.84576,1.5126,2.0175,2.6783,3.3302,3.9549,4.3973,4.9486,5.4422,5.7674,6.1305,6.3936,6.5259,6.6025,6.5725,6.424,6.2472,5.9108,5.4653,5.0745,4.4646,3.7758,3.1975,2.4025,1.6088,0.89794,0.47767,0.14373,0.053428,0.14595,0.39526,0.69662,0.98256,1.1762,1.3678,1.4667,1.4695,1.3143,0.98961,0.60854,-0.17208,-1.2734,-2.6051,-4.0878,-6.2514,-8.8392,-10.466,-11,-9.6548,-8.2085,-6.3218,-4.8223,-3.5383,-2.6454,-1.7218,-1.0257,-0.68866,-0.56033,-0.81236,-1.528,-2.5238,-4.5665,-8.0549,-12.414,-15.759,-8.7889,-5.2031,-2.0483,0.053488,1.4838,2.2443,2.9144,3.2874,3.4035,3.3562,3.1573,2.9365,2.5515,2.2058,1.8538,1.6747,1.4678,1.4367,1.3738,1.3517,1.2753,1.1673,1.1026,0.95899,1.021,1.2705,1.9466,2.9756,3.8485,5.0077,6.0168,6.8036,7.2438,7.5816,7.6746,7.5834,7.2192,6.6356,6.0426,5.0373,3.7925,2.3408,1.0877,-0.63326,-2.3294,-3.4516,-4.3619,-4.5049,-3.9787,-3.2809,-2.1342,-0.72022,-0.059275,0.96611,1.6602,1.9445,2.0726,1.839,1.3414,0.75975,-0.26358,-1.2807,-2.2183,-3.2276,-3.8035,-4.0799,-3.823,-3.242,-2.5474,-1.9014,-1.0982,-0.3575,0.15692,0.74818,1.2674,1.6041
1.0622,1.4464,1.6266,1.4133,0.9752,-0.026842,-1.6131,-3.2705,-6.3685,-10.431,-11.199,-8.1561,-4.3469,-1.6318,-0.11975,1.3673,2.3774,2.8629,3.1458,3.0309,2.4662,1.6811,0.093792,-2.4168,-5.1848,-9.5006,-7.8976,-4.3311,-0.72231,1.7751,3.5603,4.5354,5.5123,6.1778,6.4967,6.7178,6.7289,6.5242,6.2371,5.6437,4.855,4.1078,2.8855,1.4078,0.13033,-1.769,-3.6863,-5.1454,-5.6061,-5.3568,-4.6803,-4.1766,-3.7448,-3.5733,-3.5904,-3.7243,-3.8179,-3.7492,-3.5043,-2.8858,-2.116,-1.464,-0.58228,0.32184,1.2313,1.9301,2.8509,3.7246,4.3201,5.0152,5.5536,5.8565,6.1059,6.179,6.0871,5.9189,5.5895,5.1741,4.8221,4.3194,3.8455,3.5056,3.0879,2.7328,2.4123,2.1857,1.9137,1.661,1.4692,1.2167,0.9971,0.81513,0.7319,0.71479,0.77983,0.83475,0.90257,0.84143,0.68394,0.30418,-0.32506,-1.2203,-1.9042,-3.0724,-4.1983,-5.1453,-5.9554,-6.467,-6.8812,-6.7457,-6.1365,-5.113,-4.088,-2.7073,-1.537,-0.8123,-0.20252,-0.00091125,-0.21641,-0.72536,-1.7567,-3.1648,-4.109,-4.2594,-2.8019,-1.2694,0.6414,2.1983,3.3572,3.9898,4.5875,4.9359,5.0708,5.1186,5.0367,4.9255,4.7412,4.5345,4.3402,4.1216,3.9666,3.6818,3.3952,2.9196,2.1973,1.1897,0.05826,-1.9876,-4.5752,-6.2658,-4.8608,-1.3735,0.92786,3.368,5.1312,6.3728,7.0325,7.5779,7.7839,7.7466,7.4496,6.86,6.2421,5.1434,3.74,1.9272,0.27065,-2.5296,-6.2623,-9.8109,-12.963,-9.4266,-5.7353,-3.6058,-1.6643,-0.025801,0.90467,1.6134,2.1651,2.2833,2.1267,1.6055,0.60434,-0.27485,-2.0486,-4.466,-6.3621,-9.7927,-12.356,-11.945,-9.8279,-7.2971,-5.3741,-4.2104,-2.7864,-1.6361,-0.90448,-0.01994,0.62614,1.2398
-1.4257,-0.726,-0.32736,-0.35688,-0.63758,-1.4392,-2.7085,-3.9869,-6.148,-8.2625,-8.4621,-6.9127,-4.2927,-2.0168,-0.64485,0.77214,1.7699,2.2801,2.6609,2.7258,2.4793,2.1229,1.4471,0.63843,0.08416,-0.35945,-0.29282,0.10508,0.8872,1.7395,2.5247,3.0241,3.5517,3.9218,4.0961,4.182,4.1019,3.8756,3.6071,3.1118,2.527,1.9867,1.2036,0.3607,-0.30081,-1.1736,-1.9944,-2.6923,-3.159,-3.7081,-4.2287,-4.7259,-5.6127,-6.8589,-8.1347,-10.41,-13.023,-14.74,-14.22,-12.209,-10.448,-9.4405,-8.3988,-7.426,-6.2087,-5.1089,-3.4834,-1.8748,-0.78514,0.43319,1.3748,1.873,2.284,2.4007,2.2553,1.9751,1.4249,0.73161,0.16713,-0.48776,-0.96518,-1.1067,-1.1015,-0.97111,-0.84374,-0.81533,-0.95053,-1.2908,-1.7203,-2.5182,-3.5207,-4.5294,-5.1016,-5.2771,-4.7495,-4.1015,-3.21,-2.5374,-2.2355,-2.072,-2.1733,-2.6597,-3.1328,-3.9824,-5.0882,-5.9876,-7.6749,-9.8438,-11.853,-15.884,-17.577,-13.14,-9.9078,-6.5936,-4.2159,-2.8974,-1.5609,-0.67424,-0.16447,0.075947,0.18952,0.25648,0.34179,0.59405,1.025,1.438,2.0378,2.5796,3.0054,3.2277,3.3836,3.3821,3.2935,3.1045,2.8548,2.6529,2.4341,2.2328,2.1301,2.0944,2.0325,1.8845,1.7623,1.3843,0.76027,-0.2448,-1.3852,-3.3739,-6.0074,-7.6251,-6.4376,-3.1169,-0.90805,1.387,3.0498,4.1975,4.7675,5.2352,5.3754,5.2879,4.9747,4.4076,3.8146,2.843,1.6005,0.050886,-1.3304,-3.5225,-6.1304,-8.0709,-9.255,-7.891,-5.6735,-4.0509,-2.3999,-1.2173,-0.34165,0.26315,0.51803,0.52919,0.18936,-0.507,-1.6195,-2.8708,-4.8192,-7.4545,-10.278,-14.454,-18.029,-17.85,-15.241,-12.625,-10.535,-9.3137,-7.7124,-6.2966,-5.3679,-4.2844,-3.415,-2.6573
-2.4698,-1.9459,-1.5605,-1.5008,-1.6362,-1.9765,-2.4317,-2.7981,-3.2109,-3.3794,-3.1624,-2.7424,-1.9093,-0.94903,-0.23004,0.64554,1.355,1.7559,2.1227,2.276,2.2453,2.1229,1.8328,1.4703,1.1994,0.85633,0.58723,0.45708,0.36663,0.33769,0.35222,0.41173,0.4801,0.53217,0.54963,0.50131,0.33689,0.045516,-0.26057,-0.72607,-1.2948,-1.7204,-2.2299,-2.6465,-2.8975,-3.1588,-3.3883,-3.6589,-3.9062,-4.3723,-5.0565,-5.7621,-7.0036,-8.7635,-10.555,-13.697,-18.041,-21.888,-20.889,-18.113,-16.634,-16.613,-17.776,-20.092,-19.483,-15.922,-11.433,-8.0799,-6.1676,-4.25,-2.9078,-2.2408,-1.7513,-1.6916,-2.0648,-2.6244,-3.7933,-5.4736,-7.0546,-9.3179,-10.647,-10.201,-8.3931,-6.6284,-5.3411,-4.7304,-4.3954,-4.6299,-5.187,-6.5546,-8.9528,-13.098,-18.793,-22.516,-13.631,-10.22,-7.5353,-5.9043,-5.1521,-4.6392,-4.532,-4.6493,-5.0568,-5.67,-6.5617,-7.3253,-8.5971,-10.31,-11.819,-13.669,-14.056,-11.999,-9.9099,-7.2174,-5.0487,-3.749,-2.319,-1.2259,-0.40889,0.06662,0.53701,0.89486,1.1102,1.34,1.5267,1.6367,1.7228,1.7129,1.5894,1.4124,1.035,0.5107,0.020435,-0.7456,-1.5415,-2.0953,-2.6713,-2.8731,-2.7323,-2.3342,-1.8706,-1.2897,-0.94011,-0.64616,-0.52608,-0.6393,-0.7861,-1.029,-1.209,-1.1944,-0.79397,-0.080315,0.5358,1.3516,2.0351,2.4968,2.6816,2.727,2.5667,2.3203,1.8376,1.2539,0.75425,0.010632,-0.82529,-1.7113,-2.4036,-3.3177,-4.092,-4.4932,-4.7188,-4.5137,-3.9599,-3.4266,-2.5913,-1.984,-1.5848,-1.1029,-0.99899,-1.0553,-1.3729,-2.047,-2.9942,-3.9812,-5.6869,-7.625,-9.1241,-11.554,-13.891,-15.122,-16.81,-17.639,-16.725,-15.533,-13.776,-12.029,-10.892,-9.5506,-8.2675,-7.3822
-1.3387,-1.3411,-1.4237,-1.6568,-1.9099,-2.2436,-2.5395,-2.6898,-2.7167,-2.5224,-2.1094,-1.6832,-0.99318,-0.23196,0.33321,1.03,1.6269,1.9804,2.3086,2.4695,2.4664,2.3492,2.0695,1.6665,1.2795,0.67017,-0.015511,-0.58769,-1.3776,-2.1261,-2.7443,-3.0753,-3.2626,-3.2345,-3.1591,-3.0867,-3.1612,-3.5019,-3.9451,-4.7552,-5.8126,-6.5562,-7.2296,-7.2485,-6.8313,-6.0307,-5.2538,-4.7039,-4.4604,-4.4001,-4.6859,-5.0935,-5.9299,-7.094,-8.1476,-9.7007,-11.234,-12.569,-13.37,-14.178,-15.016,-15.817,-17.31,-18.755,-18.139,-15.91,-12.44,-9.5068,-7.7411,-5.9121,-4.6549,-4.0238,-3.6105,-3.6493,-4.1638,-4.8647,-6.286,-8.4167,-10.64,-14.987,-19.224,-16.695,-11.94,-8.793,-6.7808,-5.7911,-5.0145,-4.8238,-5.0322,-5.7673,-6.9731,-8.4634,-9.4099,-9.7357,-8.8216,-7.8592,-6.6631,-5.835,-5.4718,-5.3142,-5.478,-5.802,-6.1047,-6.6879,-7.2185,-7.734,-8.1984,-8.4455,-8.6026,-8.5089,-7.9414,-6.9943,-6.1443,-4.8541,-3.5583,-2.6416,-1.5784,-0.67498,0.074399,0.50132,0.97916,1.3003,1.4609,1.5791,1.589,1.5193,1.3082,0.9633,0.45055,-0.061014,-0.92666,-2.0331,-3.039,-4.7055,-6.8024,-8.6692,-11.323,-12.252,-10.367,-8.3952,-5.9359,-4.0887,-3.0569,-1.9281,-1.1196,-0.50588,-0.12033,0.2415,0.57805,0.85506,1.1813,1.495,1.722,1.9212,1.9623,1.8178,1.5786,1.0427,0.31927,-0.29449,-1.1805,-2.0004,-2.4908,-3.0437,-3.4399,-3.7807,-4.022,-4.3476,-4.5927,-4.6833,-4.6675,-4.4583,-4.0178,-3.6592,-3.0123,-2.3486,-2.0901,-1.6724,-1.3779,-1.352,-1.494,-1.8948,-2.6208,-3.2709,-4.4604,-6.0956,-7.5432,-9.7467,-12.629,-15.789,-21.549,-34.618,-25.734,-20.947,-18.198,-16.797,-15.986,-14.794,-12.961,-11.176
0.36871,-0.16958,-0.95665,-1.8673,-2.5961,-3.5156,-4.2666,-4.602,-4.585,-4.0482,-3.1459,-2.3285,-1.1884,-0.085931,0.66909,1.5337,2.2252,2.6201,2.9702,3.1196,3.0825,2.9103,2.5297,1.9628,1.3882,0.41943,-0.8098,-1.9334,-3.798,-6.0476,-8.4057,-9.7567,-9.702,-8.2245,-7.1125,-6.0189,-5.5023,-5.5989,-6.1199,-7.5402,-10.162,-13.349,-20.94,-17.996,-12.62,-8.4469,-5.9324,-4.3453,-3.579,-2.9898,-2.8225,-2.925,-3.3614,-4.058,-4.7358,-5.8172,-7.0286,-8.2546,-9.2536,-10.444,-11.516,-12.059,-12.439,-12.136,-11.201,-10.2,-8.6303,-7.0258,-5.9165,-4.6914,-3.8204,-3.3983,-3.1781,-3.3233,-3.8128,-4.3818,-5.3323,-6.4295,-7.1986,-7.9478,-8.1593,-7.8102,-6.7895,-5.5215,-4.3024,-3.5106,-2.7058,-2.2028,-2.027,-2.0304,-2.2095,-2.5114,-2.7354,-2.9689,-3.1002,-3.2112,-3.3609,-3.6686,-4.0268,-4.6744,-5.5424,-6.6009,-7.2247,-8.3045,-8.9742,-9.342,-9.2873,-8.6223,-8.0421,-7.0873,-5.9459,-4.7746,-3.9478,-2.8603,-1.8235,-1.1101,-0.29073,0.40317,0.95935,1.2691,1.6003,1.7958,1.8606,1.8459,1.713,1.524,1.1447,0.60408,-0.13569,-0.84252,-1.9853,-3.3857,-4.6181,-6.565,-8.9947,-11.275,-15.034,-16.774,-13.307,-10.003,-6.859,-4.7079,-3.3856,-1.9959,-0.93967,-0.062895,0.47901,1.0589,1.6023,1.996,2.3872,2.6767,2.8262,2.8294,2.5796,2.0334,1.4025,0.17275,-1.5327,-3.1006,-5.4488,-7.5006,-8.1037,-7.7153,-6.8703,-6.3307,-6.208,-6.3481,-6.6851,-6.9119,-6.9732,-6.5916,-5.7702,-5.0491,-3.9772,-2.8684,-2.3966,-1.694,-1.0299,-0.77169,-0.57686,-0.56786,-0.86419,-1.1919,-1.8196,-2.7934,-3.8529,-5.2876,-6.9909,-8.5539,-10.7,-12.415,-13.437,-13.946,-15.302,-18.3,-23.045,-32.893,-17.806,-12.691
1.7363,0.75334,-0.92771,-2.914,-4.5851,-7.1715,-10.051,-11.856,-12.061,-9.5889,-6.6002,-4.5647,-2.2723,-0.43231,0.70274,1.9099,2.7787,3.2327,3.6012,3.7113,3.5924,3.3683,2.9055,2.2368,1.5874,0.53223,-0.83647,-2.1412,-4.4035,-7.5923,-12.352,-16.799,-15.07,-10.367,-8.1074,-6.2291,-5.2295,-4.8651,-4.9636,-5.6338,-6.7329,-7.5884,-8.412,-7.8233,-6.5621,-4.5996,-2.8756,-1.5613,-0.86191,-0.25573,0.02769,0.01895,-0.25328,-0.79354,-1.3737,-2.4,-3.7216,-5.3561,-6.7689,-8.9995,-11.546,-13.202,-13.652,-11.916,-9.5337,-7.8426,-5.8831,-4.2971,-3.3375,-2.3672,-1.7497,-1.535,-1.5658,-1.9756,-2.7217,-3.4793,-4.6862,-5.8661,-6.5135,-6.7727,-6.2156,-5.4584,-4.1266,-2.7222,-1.4081,-0.55701,0.3883,1.1171,1.5118,1.8422,1.9636,1.9068,1.7636,1.4353,0.94122,0.46715,-0.36115,-1.4375,-2.4378,-3.9894,-5.7712,-7.9977,-10.044,-12.66,-15.676,-16.551,-15.28,-12.079,-9.7463,-7.4177,-5.4937,-3.8708,-2.8285,-1.6906,-0.74716,-0.13782,0.52583,1.0472,1.3872,1.5844,1.6934,1.7023,1.6577,1.527,1.3256,1.1138,0.74408,0.18605,-0.59698,-1.3859,-2.6881,-4.2562,-5.5884,-7.2675,-8.5251,-9.0341,-9.0769,-8.2918,-7.095,-5.9491,-4.5457,-3.1881,-2.3097,-1.3993,-0.649,-0.045859,0.32226,0.95915,1.6563,2.1803,2.8826,3.4785,3.7916,3.9934,3.8573,3.3202,2.5909,1.1287,-1.077,-3.5009,-8.2111,-16.018,-16.818,-10.845,-7.9878,-6.9701,-7.0475,-8.008,-10.086,-12.477,-15.254,-13.558,-10.031,-7.7995,-5.7186,-3.8769,-2.7911,-1.7652,-0.83668,-0.20016,0.41244,0.90745,1.2293,1.2667,1.2234,1.0371,0.71357,0.083124,-0.67274,-1.2238,-2.1117,-3.0851,-4.072,-4.836,-5.9305,-7.08,-7.7502,-7.8706,-6.7944,-5.3514
2.7278,1.2956,-0.99676,-3.8112,-6.3055,-10.202,-14.734,-18.13,-18.413,-13.284,-8.6257,-5.7867,-2.7783,-0.47922,0.85272,2.1914,3.0864,3.4871,3.7088,3.617,3.2467,2.8635,2.2224,1.5113,0.98544,0.2742,-0.50928,-1.2142,-2.2539,-3.3697,-4.3937,-4.9871,-5.1699,-4.8233,-4.3513,-3.7398,-3.1946,-2.7942,-2.5738,-2.3551,-2.1251,-1.9821,-1.6477,-1.1134,-0.59241,0.19254,0.98127,1.6832,2.1162,2.5276,2.7231,2.7177,2.5194,2.0464,1.5214,0.57334,-0.68117,-2.3799,-3.932,-6.6776,-10.575,-14.397,-16.067,-11.084,-7.2231,-5.1314,-3.0399,-1.4917,-0.64712,0.13752,0.544,0.59194,0.31301,-0.39237,-1.6053,-2.9159,-5.4123,-9.1938,-13.532,-16.785,-10.235,-6.8064,-3.5408,-1.1759,0.62823,1.7094,2.8848,3.7881,4.3072,4.8047,5.0627,5.1093,4.9873,4.606,3.9423,3.2681,2.0315,0.4251,-1.0731,-3.5188,-6.5584,-9.8756,-12.504,-16.015,-18.83,-20.536,-17.48,-12.79,-9.6444,-6.9503,-4.9613,-3.4541,-2.5035,-1.5586,-0.82544,-0.37015,0.13638,0.4567,0.60742,0.58362,0.33933,-0.055143,-0.38214,-0.72688,-0.86247,-0.82389,-0.74298,-0.82999,-1.2676,-1.9105,-3.3337,-5.6393,-8.1391,-12.955,-17.424,-14.355,-9.7699,-6.7915,-4.7305,-3.8917,-2.6594,-1.8618,-1.6455,-1.5419,-1.7893,-2.2683,-2.4503,-2.1517,-1.0685,0.14317,1.9189,3.4361,4.3025,5.1285,5.5327,5.4985,5.1807,4.3938,3.2148,2.1406,0.58999,-0.80268,-1.5356,-2.0163,-2.4139,-3.0242,-3.7859,-5.4003,-7.7476,-9.9394,-12.301,-11.583,-9.2392,-7.571,-6.0692,-4.9499,-3.7459,-2.81,-1.9184,-0.96273,0.2078,1.2862,2.3131,2.9258,3.5272,3.9655,4.282,4.4115,4.3654,4.2417,4.0562,3.779,3.4177,3.0894,2.71,2.4076,2.27,2.1827,2.2279,2.4247
3.981,2.4378,0.0093627,-3.0456,-5.8653,-10.928,-19.106,-24.752,-15.46,-9.9577,-6.0701,-3.6915,-1.1095,0.88731,2.0283,3.1086,3.7214,3.8817,3.6791,3.024,1.9408,0.90014,-0.61065,-1.7564,-2.0755,-1.9217,-1.4944,-1.2069,-1.0694,-1.2023,-1.4988,-1.774,-2.1727,-2.5253,-2.7071,-2.743,-2.5137,-2.0472,-1.5799,-0.82613,-0.1095,0.3658,1.0496,1.6928,2.1513,2.7335,3.2726,3.7559,4.0742,4.4057,4.5965,4.6532,4.572,4.2991,3.9557,3.3163,2.4588,1.421,0.54955,-0.69802,-1.8072,-2.3741,-2.5519,-2.0502,-1.1142,-0.29841,0.77066,1.6996,2.2509,2.7555,2.9787,2.9525,2.626,1.9606,0.92227,-0.13629,-1.8764,-3.9078,-5.2646,-5.7255,-4.2741,-2.7114,-0.64836,1.1409,2.6583,3.6532,4.7839,5.7176,6.2979,6.903,7.3175,7.5011,7.472,7.1925,6.6164,5.9417,4.7083,2.997,1.3653,-1.4231,-5.2273,-11.023,-18.987,-26.436,-15.2,-11.852,-9.189,-7.0978,-5.717,-4.3105,-3.4164,-2.9525,-2.7848,-2.6035,-2.331,-2.0419,-1.5238,-1.0832,-0.90061,-1.1499,-1.9386,-3.5297,-5.2764,-7.7128,-7.5842,-5.6868,-3.2246,-1.5797,-0.82045,-0.73563,-1.2781,-2.5252,-3.9055,-5.9244,-6.9466,-6.3077,-4.5779,-2.9549,-1.6859,-1.0271,-0.53899,-0.57738,-0.83501,-1.6295,-3.2061,-6.0819,-9.9004,-26.925,-8.4535,-3.2622,1.0073,3.8453,5.3914,6.8441,7.7697,8.244,8.3592,8.203,7.7533,7.2864,6.5508,5.7423,5.1018,4.236,3.3124,2.2706,1.4224,0.12845,-1.2496,-2.2411,-3.3564,-4.1729,-4.8483,-5.2809,-5.7896,-6.9687,-7.7133,-7.4532,-5.9369,-4.3502,-1.784,0.43943,2.2991,3.5947,4.9354,5.9724,6.6249,7.3741,7.927,8.1915,8.4571,8.6352,8.7228,8.7486,8.7157,8.6555,8.5988,8.5237,8.3927,8.2194
4.255,3.1346,1.3461,-0.71967,-2.4497,-4.7897,-6.6431,-7.1221,-6.2269,-4.3621,-2.3085,-0.8747,0.80334,2.1565,2.9333,3.6288,3.8871,3.7828,3.1883,1.9822,-0.031828,-2.3529,-7.3814,-19.561,-16.229,-7.4806,-3.9411,-2.4603,-1.4512,-1.1823,-1.4829,-1.9612,-3.0651,-4.5709,-5.9217,-7.3896,-7.5154,-6.0599,-4.6012,-2.8485,-1.4088,-0.47209,0.45637,1.15,1.5717,2.0431,2.468,2.8795,3.186,3.591,3.967,4.1935,4.3704,4.4147,4.3211,4.0306,3.5411,2.9236,2.3693,1.6433,1.0405,0.69501,0.52817,0.66561,1.1079,1.5811,2.2861,2.9372,3.3642,3.7717,3.9547,3.9383,3.7065,3.2369,2.5911,2.0338,1.2581,0.56555,0.18136,-0.044251,0.11671,0.49848,1.1035,1.848,2.6822,3.3617,4.3136,5.2801,5.9843,6.8353,7.5418,8.028,8.2387,8.2839,8.0384,7.6324,6.8225,5.646,4.5249,2.6855,0.54116,-1.6094,-2.9159,-4.0302,-3.9715,-3.3885,-2.6856,-2.1559,-2.0124,-2.0099,-2.535,-3.7319,-5.2665,-7.9763,-10.029,-9.055,-6.1927,-3.8603,-2.6142,-2.2837,-2.6592,-4.0326,-5.822,-8.6323,-8.2727,-5.6882,-2.4949,-0.3185,1.0291,1.5947,1.9157,1.8927,1.7287,1.4201,1.1968,1.1293,1.1522,1.1401,1.0533,1.0041,0.45268,-0.20913,-0.66709,-1.4046,-2.119,-2.656,-2.7749,-2.2808,-0.59699,1.1379,3.5766,5.7124,7.0373,8.4129,9.3877,10.007,10.26,10.343,10.184,9.9151,9.3964,8.7405,8.1746,7.2773,6.291,5.1847,4.2555,2.9626,1.5863,0.52589,-0.94394,-2.4528,-3.9983,-5.3824,-7.5841,-10.323,-14.098,-22.475,-13.91,-9.1828,-4.565,-1.4138,1.0061,2.624,4.4433,5.9434,6.8252,7.9678,8.9275,9.5353,10.152,10.621,10.976,11.184,11.356,11.436,11.442,11.406,11.315,11.108
2.4371,1.6966,0.64717,-0.48845,-1.3362,-2.2688,-2.8114,-2.8785,-2.58,-1.8865,-0.89102,-0.098116,0.92554,1.8192,2.3495,2.8264,3.0014,2.9005,2.455,1.6025,0.35093,-0.87574,-2.5863,-3.8322,-4.0095,-3.4157,-2.5373,-2.0286,-1.6888,-1.8053,-2.4417,-3.3048,-5.0422,-7.6867,-10.611,-17.084,-19.174,-12.075,-8.9311,-6.1495,-4.3545,-3.4441,-2.7375,-2.3941,-2.3264,-2.39,-2.442,-2.2493,-1.8587,-1.0407,-0.077241,0.58752,1.3254,1.7979,1.9735,1.9482,1.6531,1.0655,0.44,-0.53728,-1.6483,-2.4095,-3.0753,-2.9439,-2.0552,-1.1463,0.07867,1.1351,1.7522,2.3178,2.5712,2.5602,2.3136,1.8386,1.19,0.66181,-0.046754,-0.66067,-1.0113,-1.34,-1.5799,-1.6968,-1.8177,-1.8965,-1.7954,-1.4524,-0.45607,1.0178,2.2368,3.8096,5.1438,6.2061,6.7983,7.3177,7.5261,7.5077,7.233,6.7243,6.1955,5.3505,4.4051,3.4593,2.894,2.2359,1.7289,1.4502,1.1743,0.83106,0.44087,-0.32654,-1.4768,-3.1821,-4.8912,-7.8781,-10.13,-9.2791,-6.4199,-4.0597,-2.4742,-1.6888,-1.1726,-0.97957,-0.94896,-0.78918,-0.33566,0.23927,1.1377,2.0467,2.8164,3.2521,3.6438,3.8278,3.8684,3.7849,3.5678,3.313,2.8664,2.2568,1.3374,0.34547,-1.2382,-3.0966,-4.5754,-5.7864,-5.0765,-3.2272,-1.7979,0.19153,2.1032,3.4875,5.1504,6.6183,7.571,8.6109,9.3677,9.8542,10.042,10.095,9.937,9.6893,9.1927,8.53,7.9356,7.0417,5.9905,4.8021,3.7977,2.3306,0.70063,-0.61806,-2.5231,-4.4925,-6.3506,-7.4743,-8.9124,-10.071,-9.8419,-9.4277,-8.2926,-7.3093,-5.4002,-3.4764,-1.6487,-0.40459,1.4274,3.2001,4.3918,5.8134,7.0602,7.9016,8.7993,9.474,9.9661,10.224,10.477,10.625,10.684,10.689,10.649,10.556
0.046925,-0.41355,-1.3021,-2.3977,-3.2396,-4.2123,-4.7114,-4.6514,-3.9926,-2.9222,-1.7287,-0.85603,0.2021,1.0843,1.6256,2.1593,2.485,2.5801,2.5045,2.2089,1.7707,1.3918,0.87826,0.43289,0.17811,-0.051572,-0.21026,-0.37108,-0.67961,-1.1837,-1.9117,-2.6708,-3.8488,-5.2398,-6.2785,-7.3525,-7.7687,-7.3641,-6.7927,-5.9712,-5.3979,-5.2002,-5.2078,-5.7317,-6.5754,-8.4488,-11.312,-13.521,-11.962,-8.1447,-5.0757,-3.3773,-1.7588,-0.76033,-0.32304,-0.11622,-0.31384,-0.96013,-1.7424,-3.3851,-6.0334,-9.1016,-16.207,-15.431,-8.3106,-5.1612,-2.3783,-0.55935,0.33287,1.0348,1.2645,1.1461,0.62113,-0.27738,-1.5215,-2.6257,-4.0853,-5.152,-5.487,-5.459,-5.3377,-5.5532,-6.2814,-8.0283,-11.364,-14.346,-11.103,-5.4624,-2.3804,0.66012,2.8918,4.5568,5.5018,6.4287,7.0248,7.2931,7.4199,7.3376,7.1578,6.807,6.3629,5.8466,5.3888,4.8844,4.3933,3.9949,3.5041,2.9988,2.6238,1.9735,1.2213,0.391,-0.26012,-0.95337,-1.3553,-1.371,-1.0715,-0.55227,0.011565,0.37587,0.84454,1.2457,1.5519,1.9651,2.4275,2.7986,3.3222,3.8261,4.2677,4.5537,4.8374,4.9917,5.0203,4.9607,4.7523,4.4867,3.9371,3.1313,1.9964,0.7166,-1.4248,-4.5962,-8.2289,-14.754,-9.6386,-4.1468,-1.3333,1.382,3.4617,4.7369,6.1667,7.3278,8.0349,8.7659,9.256,9.5061,9.5455,9.4113,9.0718,8.7067,8.0985,7.3523,6.7093,5.7738,4.7207,3.5258,2.541,0.99557,-0.87095,-2.5731,-5.3085,-8.8003,-12.969,-15.269,-13.907,-11.715,-10.787,-9.0741,-8.0563,-7.6602,-7.3356,-6.9393,-6.1927,-5.254,-3.1286,-0.61472,1.2244,3.2072,4.8315,5.8161,6.8643,7.6039,8.0644,8.2553,8.3822,8.4164,8.4218,8.4325,8.4588,8.5431
-1.4025,-1.699,-2.821,-4.7239,-6.8092,-10.78,-14.929,-13.352,-8.8545,-5.5982,-3.3736,-2.0941,-0.74893,0.29852,0.93951,1.6348,2.142,2.4194,2.6308,2.6989,2.615,2.5139,2.2887,2.0127,1.7804,1.4778,1.1447,0.86965,0.40804,-0.18153,-0.90455,-1.5281,-2.4469,-3.4293,-4.1465,-5.0009,-5.6085,-5.9344,-5.9457,-5.8523,-5.6596,-5.5882,-5.7135,-6.299,-7.0982,-8.7604,-11.064,-12.576,-11.482,-8.4636,-5.7766,-4.2354,-2.7249,-1.7072,-1.2189,-0.87914,-0.89627,-1.2282,-1.6707,-2.6236,-3.9193,-5.0387,-6.1473,-5.8182,-4.1344,-2.6546,-0.92597,0.34602,0.98595,1.432,1.4214,1.1081,0.23426,-1.268,-3.56,-6.0609,-11.32,-20.556,-16.903,-10.606,-7.706,-6.6668,-6.3455,-6.9023,-7.9072,-8.2021,-6.7456,-3.8683,-1.706,0.77184,2.7633,4.3248,5.2745,6.2667,6.9948,7.3634,7.6783,7.7799,7.7446,7.5567,7.244,6.8454,6.4962,5.9751,5.4798,5.1469,4.6891,4.2762,3.9754,3.6388,3.298,2.9528,2.6882,2.3499,2.0573,1.8882,1.7348,1.6723,1.6667,1.7171,1.8994,2.188,2.4808,2.928,3.4195,3.7836,4.2531,4.6629,5.0069,5.2171,5.4413,5.6095,5.6826,5.7147,5.6582,5.5435,5.2477,4.7528,4.067,3.5158,2.5595,1.5388,0.86136,0.5418,0.99771,2.0705,3.0556,4.4045,5.6772,6.5454,7.5351,8.3233,8.7654,9.1699,9.3528,9.3048,9.1232,8.6743,8.0149,7.3988,6.4744,5.4902,4.7641,3.7983,2.9177,2.048,1.3442,0.24312,-1.1519,-2.4863,-4.7431,-7.7034,-11.182,-12.837,-11.695,-9.4686,-8.5742,-7.5239,-7.2012,-7.3028,-8.8089,-12.462,-24.423,-19.52,-8.6934,-3.465,-0.67564,1.9073,3.7438,4.6941,5.6078,6.1085,6.2253,6.0995,5.6473,5.0277,4.5922,4.3476,4.6166,5.2776
-0.14788,-0.42397,-1.2704,-2.7983,-4.3564,-6.8385,-8.5962,-8.3148,-6.5009,-4.6721,-3.3107,-2.5099,-1.6278,-0.80492,-0.20759,0.58063,1.2968,1.7449,2.2039,2.4768,2.548,2.4747,2.2826,2.0285,1.8277,1.5523,1.2619,1.0359,0.6674,0.18525,-0.48489,-1.0941,-2.1438,-3.3974,-4.4724,-6.0267,-7.4382,-8.3173,-8.3463,-7.646,-6.5812,-5.8412,-5.1817,-4.8171,-4.7288,-4.7672,-4.8355,-4.7262,-4.4481,-3.8448,-3.1771,-2.701,-2.1593,-1.734,-1.4967,-1.2634,-1.0764,-0.90734,-0.83098,-0.70508,-0.56211,-0.40966,-0.12885,0.35305,0.99291,1.5237,2.1992,2.7394,3.0124,3.1538,2.9882,2.6486,1.8858,0.72124,-0.86117,-2.3041,-4.3331,-5.736,-5.7677,-4.8761,-3.6973,-2.9428,-2.2954,-1.881,-1.5069,-1.149,-0.45811,0.49935,1.3266,2.4968,3.653,4.7228,5.4346,6.2514,6.911,7.2865,7.6274,7.7759,7.7593,7.5619,7.1725,6.624,6.1819,5.4614,4.7384,4.297,3.8816,3.6937,3.6495,3.7405,3.8516,3.8963,3.8795,3.7017,3.3919,3.0547,2.487,1.8115,1.1373,0.76365,0.51938,0.7639,1.2076,2.0138,2.8384,3.3933,3.9666,4.3659,4.6136,4.7217,4.8367,4.9913,5.1627,5.432,5.7234,5.9117,6.0959,6.1576,6.0544,5.9362,5.6795,5.3902,5.2313,5.1829,5.3439,5.71,6.0855,6.7399,7.4465,7.9663,8.5855,9.0721,9.3246,9.4741,9.3841,9.0344,8.5806,7.7127,6.5418,5.4653,3.75,1.8964,0.6191,-0.48783,-0.7776,-0.52747,-0.31473,-0.17346,-0.30967,-0.58507,-1.1597,-1.8409,-2.4879,-2.8065,-2.8826,-2.6832,-2.5508,-2.487,-2.5856,-2.8723,-3.4092,-4.0457,-4.169,-3.668,-2.0182,0.010859,1.5075,3.1544,4.3956,5.0444,5.5368,5.5865,5.1559,4.4559,2.8734,0.23233,-2.8077,-7.5487,-4.326,0.36113
2.9131,2.7832,2.3943,1.7405,1.1355,0.28349,-0.49263,-0.98662,-1.529,-2.1336,-2.8971,-3.5901,-4.3801,-4.3787,-3.6309,-2.1153,-0.59975,0.29195,1.1113,1.4744,1.4651,1.2089,0.68802,0.088666,-0.27947,-0.57284,-0.57366,-0.48943,-0.36154,-0.39247,-0.70483,-1.1776,-2.2061,-3.7704,-5.4418,-8.5936,-13.975,-26.961,-18.922,-11.317,-7.7501,-6.0151,-4.4251,-3.3508,-2.8157,-2.3542,-2.0696,-1.9016,-1.8371,-1.839,-1.9382,-2.0913,-2.4471,-2.9421,-3.3214,-3.6212,-3.3808,-2.6036,-1.7951,-0.60075,0.50732,1.2631,2.1509,2.8966,3.5194,3.9103,4.3224,4.5981,4.7134,4.7334,4.6019,4.3986,4.0029,3.501,2.904,2.4413,1.8947,1.5066,1.3525,1.3115,1.3753,1.4422,1.52,1.5369,1.5068,1.4861,1.5331,1.6975,1.9415,2.4292,3.1085,3.9006,4.5075,5.2897,5.9558,6.3814,6.7699,6.9734,6.9687,6.7451,6.2285,5.3682,4.4345,2.9547,1.1623,-0.22008,-1.1384,-0.54593,0.51165,1.8692,2.9496,3.6469,3.9165,3.968,3.6383,3.1278,2.0327,0.34286,-2.0886,-4.4568,-7.394,-6.1089,-3.5298,-0.65075,1.2947,2.2523,2.981,3.1701,2.898,2.484,1.8589,1.5667,1.8484,2.8379,4.0846,4.954,5.8925,6.5429,6.8981,6.9129,6.8193,6.5981,6.4091,6.1103,5.9253,5.9705,6.2118,6.7167,7.3595,7.8453,8.4626,8.9395,9.1758,9.268,9.0788,8.5782,7.971,6.8252,5.203,3.598,0.72116,-3.5395,-8.7129,-20.177,-8.9514,-4.1612,-2.1285,-0.43365,0.57824,1.055,1.4328,1.6273,1.7351,1.759,1.767,1.8419,2.0391,2.0907,2.0661,1.9664,1.9345,1.9895,2.2221,2.5357,3.109,3.8031,4.2854,5.0042,5.5894,5.9511,6.1573,6.0615,5.6065,4.9654,3.7272,1.989,0.52862,-0.73592,0.20117,2.4421
